# 1:time 2:mass 3:einf>=0
4.8 0.0 0.0
9.6 -3.2265993e-12 0.0
14.4 -5.4029021e-12 0.0
19.2 -9.0683022e-12 0.0
24.0 -1.4324564e-11 0.0
28.8 -1.867621e-11 0.0
33.6 -2.6018468e-11 0.0
38.4 -3.5174118e-11 0.0
43.2 -4.3525923e-11 0.0
48.0 -5.4989115e-11 0.0
52.8 -6.8481426e-11 0.0
57.6 -8.3149541e-11 0.0
62.4 -9.7468567e-11 0.0
67.2 -1.1087267e-10 0.0
72.0 -1.2489641e-10 0.0
76.8 -1.4049165e-10 0.0
81.6 -1.5910689e-10 0.0
86.4 -1.7932555e-10 0.0
91.2 -1.9804012e-10 0.0
96.0 -2.1565436e-10 0.0
100.8 -2.321666e-10 0.0
105.6 -2.4916262e-10 0.0
110.4 -2.6768166e-10 0.0
115.2 -2.8848646e-10 0.0
120.0 -3.125411e-10 0.0
124.8 -3.3966983e-10 0.0
129.6 -3.6812055e-10 0.0
134.4 -3.935722e-10 0.0
139.2 -4.1847192e-10 0.0
144.0 -4.4444716e-10 0.0
148.8 -4.7086663e-10 0.0
153.6 -4.959313e-10 0.0
158.4 -5.2041477e-10 0.0
163.2 -5.4592733e-10 0.0
168.0 -5.7379924e-10 0.0
172.8 -6.0450894e-10 0.0
177.6 -6.3925357e-10 0.0
182.4 -6.7899172e-10 0.0
187.2 -7.2270043e-10 0.0
192.0 -7.6541427e-10 0.0
196.8 -8.0775541e-10 0.0
201.6 -8.5335181e-10 0.0
206.4 -9.0005096e-10 0.0
211.2 -9.4580798e-10 0.0
216.0 -9.8758285e-10 0.0
220.8 -1.023857e-09 0.0
225.6 -1.0564185e-09 0.0
230.4 -1.0903163e-09 0.0
235.2 -1.1288103e-09 0.0
240.0 -1.1732183e-09 0.0
244.8 -1.2233337e-09 0.0
249.6 -1.2784246e-09 0.0
254.4 -1.3374443e-09 0.0
259.2 -1.4000116e-09 0.0
264.0 -1.4652831e-09 0.0
268.8 -1.5349662e-09 0.0
273.6 -1.6081923e-09 0.0
278.4 -1.6838965e-09 0.0
283.2 -1.7601995e-09 0.0
288.0 -1.8370891e-09 0.0
292.8 -1.9154075e-09 0.0
297.6 -1.9953981e-09 0.0
302.4 -2.07373e-09 0.0
307.2 -2.1477267e-09 0.0
312.0 -2.2172025e-09 0.0
316.8 -2.283659e-09 0.0
321.6 -2.3492393e-09 0.0
326.4 -2.4159984e-09 0.0
331.2 -2.4850251e-09 0.0
336.0 -2.5570081e-09 0.0
340.8 -2.6305504e-09 0.0
345.6 -2.7050865e-09 0.0
350.4 -2.7808105e-09 0.0
355.2 -2.8580941e-09 0.0
360.0 -2.9373936e-09 0.0
364.8 -3.0188517e-09 0.0
369.6 -3.1026467e-09 0.0
374.4 -3.1889561e-09 0.0
379.2 -3.2761178e-09 0.0
384.0 -3.3614034e-09 0.0
388.8 -3.4455774e-09 0.0
393.6 -3.5302138e-09 0.0
398.4 -3.6155168e-09 0.0
403.2 -3.6993034e-09 0.0
408.0 -3.7810843e-09 0.0
412.8 -3.8594984e-09 0.0
417.6 -3.9339131e-09 0.0
422.4 -4.0050967e-09 0.0
427.2 -4.0736771e-09 0.0
432.0 -4.1413568e-09 0.0
436.8 -4.2107965e-09 0.0
441.6 -4.2826637e-09 0.0
446.4 -4.356263e-09 0.0
451.2 -4.4332973e-09 0.0
456.0 -4.5146404e-09 0.0
460.8 -4.5997702e-09 0.0
465.6 -4.6893726e-09 0.0
470.4 -4.783796e-09 0.0
475.2 -4.8822666e-09 0.0
480.0 -4.9848176e-09 0.0
484.8 -5.0923146e-09 0.0
489.6 -5.204682e-09 0.0
494.4 -5.3222433e-09 0.0
499.2 -5.4449392e-09 0.0
504.0 -5.5732607e-09 0.0
508.8 -5.7070783e-09 0.0
513.6 -5.8466964e-09 0.0
518.4 -5.9921052e-09 0.0
523.2 -6.143252e-09 0.0
528.0 -6.299985e-09 0.0
532.8 -6.4614569e-09 0.0
537.6 -6.6278575e-09 0.0
542.4 -6.7990472e-09 0.0
547.2 -6.9728446e-09 0.0
552.0 -7.1494319e-09 0.0
556.8 -7.327389e-09 0.0
561.6 -7.5056001e-09 0.0
566.4 -7.6821228e-09 0.0
571.2 -7.8549355e-09 0.0
576.0 -8.017339e-09 0.0
580.8 -8.1632499e-09 0.0
585.6 -8.2924879e-09 0.0
590.4 -8.4076388e-09 0.0
595.2 -8.5123716e-09 0.0
600.0 -8.6092374e-09 0.0
604.8 -8.7002026e-09 0.0
609.6 -8.7873383e-09 0.0
614.4 -8.8749101e-09 0.0
619.2 -8.9636761e-09 0.0
624.0 -9.0545815e-09 0.0
628.8 -9.1476093e-09 0.0
633.6 -9.2433238e-09 0.0
638.4 -9.3421177e-09 0.0
643.2 -9.4439962e-09 0.0
648.0 -9.5494701e-09 0.0
652.8 -9.6585519e-09 0.0
657.6 -9.7708747e-09 0.0
662.4 -9.8864114e-09 0.0
667.2 -1.0005433e-08 0.0
672.0 -1.0128067e-08 0.0
676.8 -1.0254051e-08 0.0
681.6 -1.0383303e-08 0.0
686.4 -1.0516231e-08 0.0
691.2 -1.0652399e-08 0.0
696.0 -1.079161e-08 0.0
700.8 -1.0933488e-08 0.0
705.6 -1.1077511e-08 0.0
710.4 -1.1222561e-08 0.0
715.2 -1.1367284e-08 0.0
720.0 -1.1509897e-08 0.0
724.8 -1.1647885e-08 0.0
729.6 -1.178149e-08 0.0
734.4 -1.1908563e-08 0.0
739.2 -1.2028846e-08 0.0
744.0 -1.2142229e-08 0.0
748.8 -1.2249196e-08 0.0
753.6 -1.2349221e-08 0.0
758.4 -1.2443449e-08 0.0
763.2 -1.2533122e-08 0.0
768.0 -1.261973e-08 0.0
772.8 -1.2704312e-08 0.0
777.6 -1.2788279e-08 0.0
782.4 -1.2875324e-08 0.0
787.2 -1.2964847e-08 0.0
792.0 -1.3057044e-08 0.0
796.8 -1.3151655e-08 0.0
801.6 -1.3249476e-08 0.0
806.4 -1.3351351e-08 0.0
811.2 -1.3457861e-08 0.0
816.0 -1.3568442e-08 0.0
820.8 -1.3683428e-08 0.0
825.6 -1.3802773e-08 0.0
830.4 -1.392547e-08 0.0
835.2 -1.4051401e-08 0.0
840.0 -1.4179834e-08 0.0
844.8 -1.4311465e-08 0.0
849.6 -1.4445255e-08 0.0
854.4 -1.458025e-08 0.0
859.2 -1.4715512e-08 0.0
864.0 -1.485051e-08 0.0
868.8 -1.4983858e-08 0.0
873.6 -1.5115576e-08 0.0
878.4 -1.5246464e-08 0.0
883.2 -1.5375993e-08 0.0
888.0 -1.5504128e-08 0.0
892.8 -1.5630207e-08 0.0
897.6 -1.5754393e-08 0.0
902.4 -1.5875546e-08 0.0
907.2 -1.5990827e-08 0.0
912.0 -1.6100986e-08 0.0
916.8 -1.6207375e-08 0.0
921.6 -1.6310237e-08 0.0
926.4 -1.6413195e-08 0.0
931.2 -1.6516158e-08 0.0
936.0 -1.6620587e-08 0.0
940.8 -1.6726999e-08 0.0
945.6 -1.6835684e-08 0.0
950.4 -1.6945745e-08 0.0
955.2 -1.7058143e-08 0.0
960.0 -1.7173341e-08 0.0
964.8 -1.7290573e-08 0.0
969.6 -1.7411165e-08 0.0
974.4 -1.7534442e-08 0.0
979.2 -1.7659452e-08 0.0
984.0 -1.7785617e-08 0.0
988.8 -1.7912069e-08 0.0
993.6 -1.8037198e-08 0.0
998.4 -1.8161262e-08 0.0
1003.2 -1.828449e-08 0.0
1008.0 -1.8407453e-08 0.0
1012.8 -1.852979e-08 0.0
1017.6 -1.8650178e-08 0.0
1022.4 -1.8769562e-08 0.0
1027.2 -1.8886525e-08 0.0
1032.0 -1.9002036e-08 0.0
1036.8 -1.9115676e-08 0.0
1041.6 -1.9227676e-08 0.0
1046.4 -1.9338917e-08 0.0
1051.2 -1.9449145e-08 0.0
1056.0 -1.955838e-08 0.0
1060.8 -1.966695e-08 0.0
1065.6 -1.977599e-08 0.0
1070.4 -1.988501e-08 0.0
1075.2 -1.9993429e-08 0.0
1080.0 -2.0102282e-08 0.0
1084.8 -2.021309e-08 0.0
1089.6 -2.0326341e-08 0.0
1094.4 -2.0442982e-08 0.0
1099.2 -2.0562398e-08 0.0
1104.0 -2.0683302e-08 0.0
1108.8 -2.0806131e-08 0.0
1113.6 -2.0931559e-08 0.0
1118.4 -2.105941e-08 0.0
1123.2 -2.1189612e-08 0.0
1128.0 -2.1321142e-08 0.0
1132.8 -2.1453189e-08 0.0
1137.6 -2.1585677e-08 0.0
1142.4 -2.1718587e-08 0.0
1147.2 -2.1851801e-08 0.0
1152.0 -2.1984159e-08 0.0
1156.8 -2.2115751e-08 0.0
1161.6 -2.2246165e-08 0.0
1166.4 -2.2375556e-08 0.0
1171.2 -2.2503715e-08 0.0
1176.0 -2.2629467e-08 0.0
1180.8 -2.275152e-08 0.0
1185.6 -2.2869881e-08 0.0
1190.4 -2.2985113e-08 0.0
1195.2 -2.3097707e-08 0.0
1200.0 -2.3206537e-08 0.0
1204.8 -2.3311039e-08 0.0
1209.6 -2.3410867e-08 0.0
1214.4 -2.350596e-08 0.0
1219.2 -2.3595047e-08 0.0
1224.0 -2.3677423e-08 0.0
1228.8 -2.3751287e-08 0.0
1233.6 -2.3815502e-08 0.0
1238.4 -2.3869401e-08 0.0
1243.2 -2.3911188e-08 0.0
1248.0 -2.3938691e-08 0.0
1252.8 -2.3951623e-08 0.0
1257.6 -2.39485e-08 0.0
1262.4 -2.3927218e-08 0.0
1267.2 -2.3886203e-08 0.0
1272.0 -2.3824198e-08 0.0
1276.8 -2.3739962e-08 0.0
1281.6 -2.3631279e-08 0.0
1286.4 -2.3496597e-08 0.0
1291.2 -2.3334988e-08 0.0
1296.0 -2.3144998e-08 0.0
1300.8 -2.2925583e-08 0.0
1305.6 -2.267553e-08 0.0
1310.4 -2.2393364e-08 0.0
1315.2 -2.2077364e-08 0.0
1320.0 -2.1725948e-08 0.0
1324.8 -2.1337401e-08 0.0
1329.6 -2.0910141e-08 0.0
1334.4 -2.0442988e-08 0.0
1339.2 -1.9935429e-08 0.0
1344.0 -1.9385907e-08 0.0
1348.8 -1.8792905e-08 0.0
1353.6 -1.8155368e-08 0.0
1358.4 -1.7473097e-08 0.0
1363.2 -1.6745309e-08 0.0
1368.0 -1.5971261e-08 0.0
1372.8 -1.5150205e-08 0.0
1377.6 -1.428099e-08 0.0
1382.4 -1.336182e-08 0.0
1387.2 -1.2392465e-08 0.0
1392.0 -1.1372202e-08 0.0
1396.8 -1.0301048e-08 0.0
1401.6 -9.1779837e-09 0.0
1406.4 -8.0023184e-09 0.0
1411.2 -6.7736802e-09 0.0
1416.0 -5.4910364e-09 0.0
1420.8 -4.1544576e-09 0.0
1425.6 -2.7639357e-09 0.0
1430.4 -1.318735e-09 0.0
1435.2 1.8142992e-10 0.0
1440.0 1.7370137e-09 0.0
1444.8 3.3487642e-09 0.0
1449.6 5.0172691e-09 0.0
1454.4 6.7433198e-09 0.0
1459.2 8.5274144e-09 0.0
1464.0 1.037038e-08 0.0
1468.8 1.227329e-08 0.0
1473.6 1.4237036e-08 0.0
1478.4 1.6262699e-08 0.0
1483.2 1.8351254e-08 0.0
1488.0 2.0503924e-08 0.0
1492.8 2.272199e-08 0.0
1497.6 2.5006823e-08 0.0
1502.4 2.7359165e-08 0.0
1507.2 2.9780738e-08 0.0
1512.0 3.2272787e-08 0.0
1516.8 3.4836562e-08 0.0
1521.6 3.747393e-08 0.0
1526.4 4.0186622e-08 0.0
1531.2 4.2976062e-08 0.0
1536.0 4.5843759e-08 0.0
1540.8 4.8790796e-08 0.0
1545.6 5.1818771e-08 0.0
1550.4 5.4929367e-08 0.0
1555.2 5.8124291e-08 0.0
1560.0 6.1405047e-08 0.0
1564.8 6.477308e-08 1.1592754e-11
1569.6 6.8230003e-08 2.9131793e-11
1574.4 7.1777374e-08 7.5894463e-11
1579.2 7.5416922e-08 1.3483807e-10
1584.0 7.9150387e-08 2.1766943e-10
1588.8 8.2979326e-08 3.1308532e-10
1593.6 8.6905312e-08 4.2093262e-10
1598.4 9.0930104e-08 5.4139629e-10
1603.2 9.5055415e-08 6.9814857e-10
1608.0 9.9282936e-08 8.6833552e-10
1612.8 1.0361443e-07 1.0749971e-09
1617.6 1.0805161e-07 1.2833568e-09
1622.4 1.1259606e-07 1.5052441e-09
1627.2 1.1724928e-07 1.7523979e-09
1632.0 1.2201265e-07 2.0137694e-09
1636.8 1.2688744e-07 2.2884805e-09
1641.6 1.3187498e-07 2.5941237e-09
1646.4 1.3697646e-07 2.9258493e-09
1651.2 1.4219306e-07 3.2890018e-09
1656.0 1.4752599e-07 3.6782654e-09
1660.8 1.5297645e-07 4.0873649e-09
1665.6 1.5854564e-07 4.5100374e-09
1670.4 1.642347e-07 4.9346933e-09
1675.2 1.7004472e-07 5.39635e-09
1680.0 1.7597671e-07 5.8719142e-09
1684.8 1.8203158e-07 6.3729213e-09
1689.6 1.8821011e-07 6.8887677e-09
1694.4 1.9451296e-07 7.4282945e-09
1699.2 2.0094064e-07 7.9747107e-09
1704.0 2.0749349e-07 8.5701858e-09
1708.8 2.1417177e-07 9.197364e-09
1713.6 2.2097561e-07 9.892844e-09
1718.4 2.2790504e-07 1.0640988e-08
1723.2 2.3496005e-07 1.1409155e-08
1728.0 2.4214056e-07 1.2215717e-08
1732.8 2.4944643e-07 1.3085204e-08
1737.6 2.5687751e-07 1.4016808e-08
1742.4 2.6443353e-07 1.4969891e-08
1747.2 2.7211416e-07 1.5963379e-08
1752.0 2.7991898e-07 1.6987751e-08
1756.8 2.8784741e-07 1.8043559e-08
1761.6 2.9589874e-07 1.9177965e-08
1766.4 3.0407212e-07 2.0345124e-08
1771.2 3.1236656e-07 2.1562966e-08
1776.0 3.2078094e-07 2.2846273e-08
1780.8 3.2931406e-07 2.4149826e-08
1785.6 3.3796462e-07 2.5502855e-08
1790.4 3.4673127e-07 2.6927824e-08
1795.2 3.5561264e-07 2.8380009e-08
1800.0 3.6460736e-07 2.9876091e-08
1804.8 3.7371402e-07 3.1437069e-08
1809.6 3.8293119e-07 3.3015422e-08
1814.4 3.9225743e-07 3.4649005e-08
1819.2 4.0169119e-07 3.6327502e-08
1824.0 4.1123085e-07 3.8044596e-08
1828.8 4.2087471e-07 3.9810825e-08
1833.6 4.3062097e-07 4.1633643e-08
1838.4 4.4046772e-07 4.3564156e-08
1843.2 4.5041297e-07 4.5574639e-08
1848.0 4.6045464e-07 4.7685245e-08
1852.8 4.7059064e-07 4.993377e-08
1857.6 4.8081885e-07 5.2284231e-08
1862.4 4.9113716e-07 5.4734377e-08
1867.2 5.015435e-07 5.7274965e-08
1872.0 5.1203583e-07 6.0008091e-08
1876.8 5.2261212e-07 6.2933313e-08
1881.6 5.3327041e-07 6.5967368e-08
1886.4 5.4400873e-07 6.9080875e-08
1891.2 5.5482509e-07 7.2344437e-08
1896.0 5.6571748e-07 7.5729861e-08
1900.8 5.7668381e-07 7.9287811e-08
1905.6 5.8772195e-07 8.2964011e-08
1910.4 5.9882969e-07 8.6717547e-08
1915.2 6.100048e-07 9.0557025e-08
1920.0 6.2124503e-07 9.4434824e-08
1924.8 6.3254816e-07 9.8418634e-08
1929.6 6.4391205e-07 1.0252769e-07
1934.4 6.5533463e-07 1.0668758e-07
1939.2 6.6681392e-07 1.1088859e-07
1944.0 6.7834807e-07 1.1519883e-07
1948.8 6.8993529e-07 1.1953927e-07
1953.6 7.015739e-07 1.2395913e-07
1958.4 7.1326229e-07 1.2844947e-07
1963.2 7.2499885e-07 1.3307253e-07
1968.0 7.3678193e-07 1.3781402e-07
1972.8 7.4860982e-07 1.4262189e-07
1977.6 7.6048077e-07 1.4745378e-07
1982.4 7.7239308e-07 1.5234376e-07
1987.2 7.8434504e-07 1.5727429e-07
1992.0 7.9633508e-07 1.6220596e-07
1996.8 8.0836173e-07 1.6720823e-07
2001.6 8.2042374e-07 1.7218342e-07
2006.4 8.3252002e-07 1.7716595e-07
2011.2 8.4464969e-07 1.8210695e-07
2016.0 8.5681211e-07 1.8704738e-07
2020.8 8.6900685e-07 1.9192849e-07
2025.6 8.8123374e-07 1.9675127e-07
2030.4 8.9349283e-07 2.0151984e-07
2035.2 9.057843e-07 2.0628652e-07
2040.0 9.1810829e-07 2.1111133e-07
2044.8 9.3046483e-07 2.1600779e-07
2049.6 9.4285388e-07 2.2094617e-07
2054.4 9.5527544e-07 2.2592536e-07
2059.2 9.6772958e-07 2.3095987e-07
2064.0 9.802166e-07 2.3609094e-07
2068.8 9.9273686e-07 2.4128298e-07
2073.6 1.0052909e-06 2.4659283e-07
2078.4 1.0178793e-06 2.5196564e-07
2083.2 1.0305029e-06 2.5737578e-07
2088.0 1.0431629e-06 2.6283934e-07
2092.8 1.0558603e-06 2.6840901e-07
2097.6 1.0685966e-06 2.740345e-07
2102.4 1.0813734e-06 2.7973798e-07
2107.2 1.0941921e-06 2.8548873e-07
2112.0 1.107054e-06 2.9137169e-07
2116.8 1.1199601e-06 2.9731448e-07
2121.6 1.1329113e-06 3.03343e-07
2126.4 1.1459085e-06 3.0950287e-07
2131.2 1.1589524e-06 3.1572794e-07
2136.0 1.1720436e-06 3.2201553e-07
2140.8 1.1851827e-06 3.2839159e-07
2145.6 1.1983704e-06 3.3481223e-07
2150.4 1.2116076e-06 3.4130624e-07
2155.2 1.2248952e-06 3.4786512e-07
2160.0 1.2382344e-06 3.544568e-07
2164.8 1.2516263e-06 3.6110497e-07
2169.6 1.265072e-06 3.6784281e-07
2174.4 1.2785728e-06 3.7463729e-07
2179.2 1.2921294e-06 3.8148432e-07
2184.0 1.305743e-06 3.8838035e-07
2188.8 1.3194144e-06 3.953634e-07
2193.6 1.3331445e-06 4.0242447e-07
2198.4 1.3469343e-06 4.0955145e-07
2203.2 1.3607847e-06 4.1675946e-07
2208.0 1.3746967e-06 4.2406917e-07
2212.8 1.3886709e-06 4.3145785e-07
2217.6 1.4027081e-06 4.3892984e-07
2222.4 1.4168087e-06 4.4651048e-07
2227.2 1.4309731e-06 4.5420739e-07
2232.0 1.4452016e-06 4.6194025e-07
2236.8 1.4594946e-06 4.6976564e-07
2241.6 1.4738523e-06 4.7767088e-07
2246.4 1.4882749e-06 4.856938e-07
2251.2 1.5027624e-06 4.9381585e-07
2256.0 1.5173147e-06 5.020472e-07
2260.8 1.5319315e-06 5.1034543e-07
2265.6 1.5466123e-06 5.1872059e-07
2270.4 1.5613569e-06 5.272068e-07
2275.2 1.5761648e-06 5.3579448e-07
2280.0 1.5910357e-06 5.4445729e-07
2284.8 1.6059694e-06 5.5323791e-07
2289.6 1.6209655e-06 5.6214133e-07
2294.4 1.6360237e-06 5.7113436e-07
2299.2 1.6511436e-06 5.8024386e-07
2304.0 1.6663248e-06 5.894389e-07
2308.8 1.6815665e-06 5.9874375e-07
2313.6 1.6968678e-06 6.0815923e-07
2318.4 1.7122278e-06 6.1769662e-07
2323.2 1.7276453e-06 6.2736675e-07
2328.0 1.7431194e-06 6.3710011e-07
2332.8 1.7586493e-06 6.4692114e-07
2337.6 1.7742341e-06 6.5678062e-07
2342.4 1.7898731e-06 6.6667856e-07
2347.2 1.8055656e-06 6.7663486e-07
2352.0 1.821311e-06 6.8661724e-07
2356.8 1.8371088e-06 6.9663618e-07
2361.6 1.8529584e-06 7.0671193e-07
2366.4 1.8688593e-06 7.1685249e-07
2371.2 1.8848109e-06 7.2703978e-07
2376.0 1.9008127e-06 7.3728966e-07
2380.8 1.9168645e-06 7.4763757e-07
2385.6 1.9329659e-06 7.5809585e-07
2390.4 1.9491168e-06 7.6864579e-07
2395.2 1.9653169e-06 7.7922973e-07
2400.0 1.9815664e-06 7.898707e-07
2404.8 1.9978654e-06 8.0059265e-07
2409.6 2.0142141e-06 8.1138269e-07
2414.4 2.030613e-06 8.2224096e-07
2419.2 2.0470625e-06 8.3319802e-07
2424.0 2.0635631e-06 8.4423231e-07
2428.8 2.0801154e-06 8.5533618e-07
2433.6 2.0967196e-06 8.6655093e-07
2438.4 2.1133763e-06 8.7791235e-07
2443.2 2.1300856e-06 8.8937399e-07
2448.0 2.1468482e-06 9.0092491e-07
2452.8 2.1636648e-06 9.1255578e-07
2457.6 2.1805362e-06 9.2426754e-07
2462.4 2.1974638e-06 9.360298e-07
2467.2 2.2144492e-06 9.4783181e-07
2472.0 2.2314948e-06 9.5970734e-07
2476.8 2.2486033e-06 9.7161448e-07
2481.6 2.2657786e-06 9.8359659e-07
2486.4 2.2830256e-06 9.9562327e-07
2491.2 2.3003514e-06 1.0077409e-06
2496.0 2.3177656e-06 1.0199388e-06
2500.8 2.3352811e-06 1.0323173e-06
2505.6 2.3529159e-06 1.0448297e-06
2510.4 2.3706938e-06 1.0575179e-06
2515.2 2.3886467e-06 1.0704292e-06
2520.0 2.4068165e-06 1.0835852e-06
2524.8 2.4252573e-06 1.097148e-06
2529.6 2.444037e-06 1.1111329e-06
2534.4 2.4632395e-06 1.1256263e-06
2539.2 2.4829651e-06 1.1407786e-06
2544.0 2.5033302e-06 1.1567109e-06
2548.8 2.5244659e-06 1.1735458e-06
2553.6 2.5465142e-06 1.1914514e-06
2558.4 2.5696286e-06 1.2104992e-06
2563.2 2.5939563e-06 1.2308403e-06
2568.0 2.6196659e-06 1.2527462e-06
2572.8 2.6475319e-06 1.2769604e-06
2577.6 2.6798414e-06 1.3057141e-06
2582.4 2.7193179e-06 1.3417722e-06
2587.2 2.7673353e-06 1.3866087e-06
2592.0 2.8243365e-06 1.4405236e-06
2596.8 2.8904031e-06 1.5035871e-06
2601.6 2.9654951e-06 1.5759457e-06
2606.4 3.0505014e-06 1.6584308e-06
2611.2 3.1466141e-06 1.7524088e-06
2616.0 3.254218e-06 1.8583334e-06
2620.8 3.3730911e-06 1.9756778e-06
2625.6 3.5028012e-06 2.1040406e-06
2630.4 3.6428498e-06 2.2429187e-06
2635.2 3.7928843e-06 2.3918489e-06
2640.0 3.9526755e-06 2.5506728e-06
2644.8 4.1220177e-06 2.719156e-06
2649.6 4.3010148e-06 2.8975138e-06
2654.4 4.4910019e-06 3.0871617e-06
2659.2 4.6949391e-06 3.2909349e-06
2664.0 4.9158194e-06 3.5117029e-06
2668.8 5.1543574e-06 3.7502273e-06
2673.6 5.4086099e-06 4.0044799e-06
2678.4 5.6765164e-06 4.2723864e-06
2683.2 5.9573325e-06 4.5532024e-06
2688.0 6.2511913e-06 4.8470613e-06
2692.8 6.558535e-06 5.154405e-06
2697.6 6.8795632e-06 5.4754331e-06
2702.4 7.2139824e-06 5.8098523e-06
2707.2 7.5609157e-06 6.1567856e-06
2712.0 7.9188779e-06 6.5147479e-06
2716.8 8.2862413e-06 6.8821113e-06
2721.6 8.6616007e-06 7.2574707e-06
2726.4 9.0438223e-06 7.6396923e-06
2731.2 9.4320636e-06 8.0279335e-06
2736.0 9.8258943e-06 8.4217643e-06
2740.8 1.0225232e-05 8.8211016e-06
2745.6 1.0630208e-05 9.2260782e-06
2750.4 1.1041075e-05 9.6369453e-06
2755.2 1.1458084e-05 1.0053954e-05
2760.0 1.188152e-05 1.047739e-05
2764.8 1.2311692e-05 1.0907562e-05
2769.6 1.2748857e-05 1.1344727e-05
2774.4 1.3193369e-05 1.1789239e-05
2779.2 1.3645554e-05 1.2241424e-05
2784.0 1.4105474e-05 1.2701344e-05
2788.8 1.4572847e-05 1.3168717e-05
2793.6 1.5047318e-05 1.3643188e-05
2798.4 1.5528667e-05 1.4124537e-05
2803.2 1.6016725e-05 1.4612595e-05
2808.0 1.6511006e-05 1.5106876e-05
2812.8 1.7010693e-05 1.5606563e-05
2817.6 1.7515138e-05 1.6111008e-05
2822.4 1.8024081e-05 1.6619951e-05
2827.2 1.8537457e-05 1.7133327e-05
2832.0 1.9055221e-05 1.7651091e-05
2836.8 1.9577192e-05 1.8173062e-05
2841.6 2.0102946e-05 1.8698816e-05
2846.4 2.0631845e-05 1.9227715e-05
2851.2 2.1163323e-05 1.9759193e-05
2856.0 2.1697005e-05 2.0292875e-05
2860.8 2.2232625e-05 2.0828495e-05
2865.6 2.2769972e-05 2.1365842e-05
2870.4 2.3308888e-05 2.1904758e-05
2875.2 2.3849043e-05 2.2444913e-05
2880.0 2.4389946e-05 2.2985816e-05
2884.8 2.4931206e-05 2.3527076e-05
2889.6 2.547254e-05 2.406841e-05
2894.4 2.6013728e-05 2.4609598e-05
2899.2 2.6554573e-05 2.5150443e-05
2904.0 2.7094827e-05 2.5690697e-05
2908.8 2.7634232e-05 2.6230102e-05
2913.6 2.817257e-05 2.676844e-05
2918.4 2.8709672e-05 2.7305542e-05
2923.2 2.9245447e-05 2.7841317e-05
2928.0 2.9779816e-05 2.8375686e-05
2932.8 3.0312715e-05 2.8908585e-05
2937.6 3.084407e-05 2.943994e-05
2942.4 3.1373839e-05 2.9969709e-05
2947.2 3.1902049e-05 3.0497919e-05
2952.0 3.2428828e-05 3.1024698e-05
2956.8 3.2954392e-05 3.1550262e-05
2961.6 3.3478959e-05 3.2074829e-05
2966.4 3.400265e-05 3.259852e-05
2971.2 3.4525453e-05 3.3121323e-05
2976.0 3.5047243e-05 3.3643113e-05
2980.8 3.5567766e-05 3.4163636e-05
2985.6 3.6086725e-05 3.4682595e-05
2990.4 3.6603856e-05 3.5199726e-05
2995.2 3.7118948e-05 3.5714818e-05
3000.0 3.7631884e-05 3.6227754e-05
3004.8 3.8142619e-05 3.6738489e-05
3009.6 3.8651164e-05 3.7247034e-05
3014.4 3.9157573e-05 3.7753443e-05
3019.2 3.9661934e-05 3.8257804e-05
3024.0 4.0164355e-05 3.8760225e-05
3028.8 4.0664909e-05 3.9260779e-05
3033.6 4.1163638e-05 3.9759508e-05
3038.4 4.1660558e-05 4.0256428e-05
3043.2 4.2155591e-05 4.0751461e-05
3048.0 4.2648634e-05 4.1244504e-05
3052.8 4.3139592e-05 4.1735462e-05
3057.6 4.3628367e-05 4.2224237e-05
3062.4 4.4114847e-05 4.2710717e-05
3067.2 4.4598929e-05 4.3194799e-05
3072.0 4.5080556e-05 4.3676426e-05
3076.8 4.5559678e-05 4.4155548e-05
3081.6 4.6036267e-05 4.4632137e-05
3086.4 4.6510333e-05 4.5106203e-05
3091.2 4.6981924e-05 4.5577794e-05
3096.0 4.7451121e-05 4.6046991e-05
3100.8 4.7918106e-05 4.6513976e-05
3105.6 4.8383283e-05 4.6979153e-05
3110.4 4.8847267e-05 4.7443137e-05
3115.2 4.9310736e-05 4.7906606e-05
3120.0 4.9774169e-05 4.8370039e-05
3124.8 5.0237786e-05 4.8833656e-05
3129.6 5.0701649e-05 4.9297519e-05
3134.4 5.1165777e-05 4.9761647e-05
3139.2 5.1630288e-05 5.0226158e-05
3144.0 5.2095503e-05 5.0691373e-05
3148.8 5.2561994e-05 5.1157864e-05
3153.6 5.3030662e-05 5.1626532e-05
3158.4 5.350261e-05 5.209848e-05
3163.2 5.3979041e-05 5.2574911e-05
3168.0 5.446116e-05 5.305703e-05
3172.8 5.4949946e-05 5.3545816e-05
3177.6 5.5446082e-05 5.4041952e-05
3182.4 5.5949816e-05 5.4545686e-05
3187.2 5.646104e-05 5.505691e-05
3192.0 5.6979433e-05 5.5575303e-05
3196.8 5.7504625e-05 5.6100495e-05
3201.6 5.8035917e-05 5.6631787e-05
3206.4 5.8572726e-05 5.7168596e-05
3211.2 5.9114879e-05 5.7710748e-05
3216.0 5.9662772e-05 5.8258642e-05
3220.8 6.0217254e-05 5.8813124e-05
3225.6 6.0779341e-05 5.9375211e-05
3230.4 6.1350463e-05 5.9946333e-05
3235.2 6.1932115e-05 6.0527985e-05
3240.0 6.2525997e-05 6.1121866e-05
3244.8 6.3133488e-05 6.1729358e-05
3249.6 6.3755168e-05 6.2351038e-05
3254.4 6.4390896e-05 6.2986766e-05
3259.2 6.5040219e-05 6.3636089e-05
3264.0 6.5702585e-05 6.4298455e-05
3268.8 6.6377929e-05 6.4973799e-05
3273.6 6.7066828e-05 6.5662698e-05
3278.4 6.7770402e-05 6.6366272e-05
3283.2 6.8489748e-05 6.7085618e-05
3288.0 6.9226e-05 6.782187e-05
3292.8 6.9979623e-05 6.8575493e-05
3297.6 7.0750494e-05 6.9346364e-05
3302.4 7.1538073e-05 7.0133943e-05
3307.2 7.2341826e-05 7.0937696e-05
3312.0 7.3161443e-05 7.1757313e-05
3316.8 7.3996861e-05 7.2592731e-05
3321.6 7.4847963e-05 7.3443833e-05
3326.4 7.5714638e-05 7.4310508e-05
3331.2 7.6596617e-05 7.5192487e-05
3336.0 7.7493173e-05 7.6089043e-05
3340.8 7.8403163e-05 7.6999033e-05
3345.6 7.9325431e-05 7.7921301e-05
3350.4 8.0259079e-05 7.8854948e-05
3355.2 8.1203542e-05 7.9799412e-05
3360.0 8.2158752e-05 8.0754622e-05
3364.8 8.3124965e-05 8.1720834e-05
3369.6 8.4102514e-05 8.2698384e-05
3374.4 8.5091682e-05 8.3687552e-05
3379.2 8.6092664e-05 8.4688534e-05
3384.0 8.7105568e-05 8.5701438e-05
3388.8 8.8130443e-05 8.6726313e-05
3393.6 8.9167292e-05 8.7763162e-05
3398.4 9.0215862e-05 8.8811732e-05
3403.2 9.1275739e-05 8.9871609e-05
3408.0 9.2346093e-05 9.0941963e-05
3412.8 9.3425834e-05 9.2021703e-05
3417.6 9.4513507e-05 9.3109377e-05
3422.4 9.5607368e-05 9.4203238e-05
3427.2 9.670557e-05 9.530144e-05
3432.0 9.7806407e-05 9.6402276e-05
3436.8 9.8908464e-05 9.7504334e-05
3441.6 0.00010001083 9.8606699e-05
3446.4 0.00010111289 9.9708759e-05
3451.2 0.0001022142 0.00010081007
3456.0 0.00010331441 0.00010191028
3460.8 0.00010441314 0.00010300901
3465.6 0.00010551003 0.0001041059
3470.4 0.00010660462 0.00010520049
3475.2 0.00010769636 0.00010629223
3480.0 0.00010878467 0.00010738054
3484.8 0.00010986915 0.00010846502
3489.6 0.00011094991 0.00010954578
3494.4 0.00011202761 0.00011062348
3499.2 0.00011310365 0.00011169952
3504.0 0.00011417988 0.00011277575
3508.8 0.00011525809 0.00011385396
3513.6 0.00011633928 0.00011493515
3518.4 0.0001174235 0.00011601937
3523.2 0.00011851033 0.0001171062
3528.0 0.00011959902 0.00011819489
3532.8 0.00012068901 0.00011928478
3537.6 0.00012178042 0.00012037609
3542.4 0.00012287394 0.00012146951
3547.2 0.00012397009 0.00012256556
3552.0 0.00012506912 0.00012366449
3556.8 0.00012617149 0.00012476678
3561.6 0.0001272782 0.00012587349
3566.4 0.00012839037 0.00012698566
3571.2 0.00012950851 0.0001281038
3576.0 0.00013063197 0.00012922726
3580.8 0.00013175929 0.00013035457
3585.6 0.00013288934 0.00013148463
3590.4 0.00013402183 0.00013261711
3595.2 0.00013515659 0.00013375187
3600.0 0.00013629324 0.00013488853
3604.8 0.00013743118 0.00013602646
3609.6 0.00013857014 0.00013716542
3614.4 0.00013971052 0.00013830581
3619.2 0.0001408532 0.00013944848
3624.0 0.00014199911 0.0001405942
3628.8 0.00014314917 0.00014174371
3633.6 0.00014430445 0.0001428982
3638.4 0.00014546602 0.00014405876
3643.2 0.0001466348 0.00014522645
3648.0 0.00014781169 0.00014640203
3652.8 0.00014899746 0.00014758618
3657.6 0.00015019282 0.00014877981
3662.4 0.000151398 0.00014998325
3667.2 0.00015261273 0.00015119502
3672.0 0.00015383649 0.00015241109
3676.8 0.00015506816 0.00015362481
3681.6 0.0001563068 0.00015484405
3686.4 0.00015755229 0.00015606909
3691.2 0.00015880583 0.00015730083
3696.0 0.00016006966 0.00015854054
3700.8 0.00016134629 0.00015979138
3705.6 0.00016263704 0.00016105657
3710.4 0.00016394147 0.0001623361
3715.2 0.00016525842 0.00016362702
3720.0 0.00016658635 0.00016492811
3724.8 0.00016792418 0.00016623828
3729.6 0.00016927097 0.00016755707
3734.4 0.00017062583 0.00016888362
3739.2 0.00017198774 0.00017021691
3744.0 0.0001733562 0.00017155677
3748.8 0.00017473064 0.00017290079
3753.6 0.00017611059 0.00017425033
3758.4 0.00017749546 0.00017560561
3763.2 0.00017888476 0.00017696501
3768.0 0.00018027829 0.00017832722
3772.8 0.0001816758 0.00017969542
3777.6 0.00018307705 0.00018106834
3782.4 0.00018448181 0.00018244387
3787.2 0.00018588965 0.00018382042
3792.0 0.0001873 0.00018519815
3796.8 0.00018871225 0.00018657822
3801.6 0.00019012611 0.00018796102
3806.4 0.0001915416 0.00018934391
3811.2 0.00019295918 0.00019072905
3816.0 0.00019437947 0.00019211596
3820.8 0.00019580274 0.00019350552
3825.6 0.000197229 0.00019489815
3830.4 0.000198658 0.00019629263
3835.2 0.00020008932 0.0001976885
3840.0 0.00020152276 0.00019908601
3844.8 0.00020295815 0.00020048432
3849.6 0.00020439531 0.00020188418
3854.4 0.00020583409 0.00020328456
3859.2 0.00020727428 0.00020468461
3864.0 0.00020871562 0.00020608683
3868.8 0.00021015818 0.00020748858
3873.6 0.00021160252 0.00020889115
3878.4 0.00021304949 0.00021029438
3883.2 0.00021450007 0.00021170032
3888.0 0.00021595516 0.00021310407
3892.8 0.00021741582 0.00021451273
3897.6 0.00021888313 0.0002159277
3902.4 0.00022035834 0.00021734982
3907.2 0.00022184261 0.00021877804
3912.0 0.00022333653 0.00022021309
3916.8 0.00022484017 0.00022165606
3921.6 0.00022635293 0.00022310721
3926.4 0.00022787381 0.00022457208
3931.2 0.00022940189 0.00022604384
3936.0 0.00023093672 0.00022752039
3940.8 0.00023247796 0.00022900387
3945.6 0.00023402515 0.00023049226
3950.4 0.0002355779 0.00023198197
3955.2 0.0002371354 0.00023347377
3960.0 0.00023869653 0.00023496819
3964.8 0.00024026002 0.00023646186
3969.6 0.0002418247 0.00023795371
3974.4 0.00024338956 0.00023943535
3979.2 0.00024495425 0.00024091202
3984.0 0.00024651886 0.00024238298
3988.8 0.00024808342 0.00024384281
3993.6 0.00024964803 0.00024529278
3998.4 0.00025121272 0.00024673587
4003.2 0.00025277763 0.00024816051
4008.0 0.00025434318 0.00024957189
4012.8 0.00025590988 0.00025098249
4017.6 0.00025747815 0.00025238165
4022.4 0.00025904818 0.00025376757
4027.2 0.00026061974 0.00025513839
4032.0 0.00026219237 0.00025649894
4036.8 0.00026376569 0.00025785037
4041.6 0.00026533946 0.00025918449
4046.4 0.00026691367 0.00026050881
4051.2 0.00026848843 0.00026182298
4056.0 0.00027006373 0.00026312658
4060.8 0.00027163955 0.00026442601
4065.6 0.00027321566 0.00026571422
4070.4 0.00027479167 0.00026699632
4075.2 0.00027636733 0.0002682663
4080.0 0.0002779424 0.00026952912
4084.8 0.00027951709 0.00027078456
4089.6 0.00028109163 0.00027203708
4094.4 0.0002826663 0.00027328805
4099.2 0.00028424132 0.00027453465
4104.0 0.00028581683 0.00027578098
4108.8 0.00028739283 0.00027701957
4113.6 0.0002889691 0.00027825536
4118.4 0.00029054525 0.00027948586
4123.2 0.00029212079 0.00028070661
4128.0 0.00029369498 0.00028192425
4132.8 0.00029526715 0.000283137
4137.6 0.00029683689 0.00028433898
4142.4 0.00029840378 0.00028553826
4147.2 0.0002999676 0.00028672973
4152.0 0.00030152824 0.00028791678
4156.8 0.00030308555 0.00028909632
4161.6 0.00030463958 0.00029026982
4166.4 0.0003061904 0.00029143554
4171.2 0.000307738 0.00029259597
4176.0 0.00030928226 0.00029375257
4180.8 0.00031082294 0.00029490461
4185.6 0.00031235994 0.00029605134
4190.4 0.00031389326 0.00029719428
4195.2 0.00031542301 0.0002983355
4200.0 0.00031694954 0.00029947287
4204.8 0.00031847331 0.00030060654
4209.6 0.00031999469 0.00030173435
4214.4 0.00032151391 0.00030285838
4219.2 0.00032303107 0.00030398626
4224.0 0.00032454599 0.0003051124
4228.8 0.00032605842 0.00030623936
4233.6 0.000327568 0.00030736279
4238.4 0.00032907447 0.00030848158
4243.2 0.00033057763 0.00030959649
4248.0 0.00033207716 0.00031071112
4252.8 0.00033357275 0.00031182128
4257.6 0.00033506419 0.00031292507
4262.4 0.00033655123 0.00031402308
4267.2 0.00033803379 0.00031511588
4272.0 0.00033951199 0.00031620199
4276.8 0.00034098609 0.00031728404
4281.6 0.00034245645 0.00031836379
4286.4 0.00034392349 0.00031944166
4291.2 0.00034538757 0.0003205109
4296.0 0.00034684895 0.00032157334
4300.8 0.00034830784 0.00032263116
4305.6 0.00034976438 0.00032368977
4310.4 0.00035121858 0.00032474743
4315.2 0.00035267039 0.00032580036
4320.0 0.00035411982 0.00032685189
4324.8 0.00035556675 0.00032789983
4329.6 0.00035701113 0.00032894282
4334.4 0.00035845309 0.00032998247
4339.2 0.00035989269 0.00033101965
4344.0 0.00036133002 0.00033204544
4348.8 0.00036276514 0.00033306993
4353.6 0.0003641981 0.00033408944
4358.4 0.00036562896 0.00033510363
4363.2 0.0003670577 0.0003361104
4368.0 0.00036848427 0.00033709905
4372.8 0.0003699086 0.00033808047
4377.6 0.00037133059 0.00033905917
4382.4 0.00037275014 0.00034001992
4387.2 0.00037416713 0.00034096695
4392.0 0.00037558147 0.00034191179
4396.8 0.0003769931 0.00034282813
4401.6 0.00037840197 0.000343737
4406.4 0.00037980806 0.00034462833
4411.2 0.00038121139 0.00034550805
4416.0 0.00038261207 0.00034637401
4420.8 0.00038401021 0.00034722454
4425.6 0.00038540592 0.0003480436
4430.4 0.00038679919 0.00034883621
4435.2 0.00038818998 0.000349608
4440.0 0.00038957812 0.00035035864
4444.8 0.0003909633 0.00035108994
4449.6 0.00039234516 0.00035179772
4454.4 0.00039372333 0.00035248657
4459.2 0.00039509747 0.00035315158
4464.0 0.00039646723 0.00035378721
4468.8 0.00039783243 0.00035439765
4473.6 0.00039919293 0.00035497895
4478.4 0.00040054873 0.00035552538
4483.2 0.00040189991 0.00035603482
4488.0 0.0004032466 0.00035652693
4492.8 0.00040458907 0.00035699397
4497.6 0.00040592756 0.00035744028
4502.4 0.00040726237 0.00035786794
4507.2 0.00040859381 0.00035827311
4512.0 0.0004099222 0.00035865868
4516.8 0.00041124792 0.00035902421
4521.6 0.00041257137 0.00035937109
4526.4 0.00041389296 0.00035969957
4531.2 0.000415213 0.00036001178
4536.0 0.00041653165 0.00036030941
4540.8 0.00041784898 0.00036060269
4545.6 0.00041916491 0.00036087436
4550.4 0.00042047924 0.00036113587
4555.2 0.00042179167 0.00036139115
4560.0 0.00042310188 0.00036163706
4564.8 0.00042440961 0.00036188008
4569.6 0.00042571467 0.00036211329
4574.4 0.00042701701 0.00036233783
4579.2 0.00042831666 0.0003625574
4584.0 0.0004296137 0.00036277231
4588.8 0.00043090808 0.0003629764
4593.6 0.00043219983 0.00036317541
4598.4 0.00043348893 0.00036337003
4603.2 0.00043477539 0.00036355884
4608.0 0.0004360591 0.00036374633
4612.8 0.00043734002 0.0003639311
4617.6 0.00043861814 0.00036410959
4622.4 0.00043989345 0.00036428537
4627.2 0.00044116598 0.00036445805
4632.0 0.00044243584 0.0003646308
4636.8 0.00044370319 0.00036480179
4641.6 0.00044496821 0.00036497218
4646.4 0.00044623117 0.00036514182
4651.2 0.00044749231 0.0003653101
4656.0 0.00044875183 0.0003654784
4660.8 0.00045000994 0.00036564444
4665.6 0.00045126676 0.00036581159
4670.4 0.00045252231 0.0003659783
4675.2 0.00045377649 0.00036614428
4680.0 0.00045502909 0.00036631036
4684.8 0.00045627981 0.00036647779
4689.6 0.00045752834 0.00036664646
4694.4 0.00045877431 0.0003668177
4699.2 0.00046001746 0.00036698874
4704.0 0.00046125759 0.00036715801
4708.8 0.00046249455 0.00036732588
4713.6 0.0004637282 0.00036749651
4718.4 0.00046495849 0.00036766634
4723.2 0.00046618539 0.00036783613
4728.0 0.00046740889 0.00036800321
4732.8 0.00046862895 0.00036817091
4737.6 0.0004698455 0.00036833808
4742.4 0.0004710585 0.0003685044
4747.2 0.00047226793 0.00036867239
4752.0 0.00047347386 0.00036884022
4756.8 0.00047467633 0.00036900749
4761.6 0.00047587541 0.00036917274
4766.4 0.00047707124 0.00036933613
4771.2 0.00047826399 0.00036949764
4776.0 0.00047945381 0.0003696597
4780.8 0.00048064086 0.00036981973
4785.6 0.00048182531 0.0003699747
4790.4 0.00048300724 0.00037012833
4795.2 0.00048418661 0.0003702809
4800.0 0.00048536328 0.0003704272
4804.8 0.00048653706 0.00037057027
4809.6 0.0004877078 0.00037071199
4814.4 0.00048887528 0.00037085102
4819.2 0.00049003926 0.00037098587
4824.0 0.00049119954 0.00037111458
4828.8 0.00049235591 0.00037124032
4833.6 0.00049350824 0.00037136233
4838.4 0.00049465641 0.00037148121
4843.2 0.00049580035 0.00037159679
4848.0 0.00049694008 0.00037171097
4852.8 0.00049807558 0.00037182233
4857.6 0.0004992069 0.00037193117
4862.4 0.00050033405 0.00037203774
4867.2 0.00050145701 0.00037214107
4872.0 0.00050257584 0.00037224225
4876.8 0.00050369064 0.00037233883
4881.6 0.00050480146 0.00037243319
4886.4 0.00050590833 0.00037252495
4891.2 0.00050701128 0.00037261353
4896.0 0.00050811032 0.00037270155
4900.8 0.00050920547 0.00037278833
4905.6 0.0005102967 0.00037287504
4910.4 0.000511384 0.000372959
4915.2 0.00051246733 0.00037304096
4920.0 0.00051354666 0.00037311846
4924.8 0.00051462192 0.00037319134
4929.6 0.00051569308 0.00037326327
4934.4 0.00051676011 0.00037333279
4939.2 0.00051782299 0.00037340043
4944.0 0.00051888172 0.00037346681
4948.8 0.00051993627 0.00037353128
4953.6 0.00052098663 0.00037359594
4958.4 0.0005220328 0.00037365922
4963.2 0.00052307479 0.00037372194
4968.0 0.00052411261 0.00037378407
4972.8 0.00052514628 0.00037384535
4977.6 0.0005261758 0.00037390615
4982.4 0.0005272012 0.00037396644
4987.2 0.00052822245 0.00037402623
4992.0 0.00052923956 0.00037408595
4996.8 0.00053025251 0.00037414438
5001.6 0.00053126133 0.00037420265
5006.4 0.00053226601 0.00037426013
5011.2 0.00053326658 0.00037431774
5016.0 0.00053426305 0.00037437466
5020.8 0.00053525543 0.00037443117
5025.6 0.00053624373 0.00037448713
5030.4 0.00053722794 0.00037454292
5035.2 0.00053820803 0.00037459888
5040.0 0.00053918398 0.00037465437
5044.8 0.00054015576 0.0003747096
5049.6 0.00054112332 0.0003747639
5054.4 0.00054208661 0.00037481782
5059.2 0.00054304558 0.00037487197
5064.0 0.00054400021 0.00037492562
5068.8 0.00054495045 0.00037497886
5073.6 0.00054589627 0.00037503181
5078.4 0.00054683765 0.00037508455
5083.2 0.00054777461 0.00037513702
5088.0 0.00054870719 0.0003751891
5092.8 0.00054963545 0.00037524059
5097.6 0.00055055945 0.00037529209
5102.4 0.00055147927 0.00037534321
5107.2 0.00055239495 0.0003753936
5112.0 0.00055330656 0.00037544319
5116.8 0.00055421421 0.00037549292
5121.6 0.00055511794 0.00037554268
5126.4 0.00055601783 0.00037559237
5131.2 0.00055691398 0.00037564129
5136.0 0.00055780649 0.00037568981
5140.8 0.00055869547 0.00037573834
5145.6 0.000559581 0.00037578541
5150.4 0.00056046313 0.00037583179
5155.2 0.00056134192 0.00037587792
5160.0 0.00056221738 0.00037592426
5164.8 0.00056308956 0.00037596984
5169.6 0.00056395851 0.00037601541
5174.4 0.00056482423 0.00037606056
5179.2 0.00056568675 0.00037610558
5184.0 0.00056654604 0.00037615088
5188.8 0.00056740213 0.0003761964
5193.6 0.00056825501 0.00037624156
5198.4 0.00056910468 0.00037628706
5203.2 0.00056995113 0.00037633314
5208.0 0.00057079436 0.00037637892
5212.8 0.00057163432 0.00037642473
5217.6 0.00057247098 0.00037647048
5222.4 0.00057330428 0.00037651603
5227.2 0.00057413415 0.00037656065
5232.0 0.00057496051 0.00037660461
5236.8 0.00057578331 0.00037664765
5241.6 0.00057660255 0.00037669094
5246.4 0.00057741818 0.00037673432
5251.2 0.0005782302 0.00037677754
5256.0 0.00057903865 0.00037682071
5260.8 0.00057984358 0.00037686308
5265.6 0.00058064504 0.00037690523
5270.4 0.00058144311 0.00037694605
5275.2 0.00058223788 0.00037698654
5280.0 0.00058302944 0.00037702666
5284.8 0.00058381783 0.00037706639
5289.6 0.00058460311 0.00037710628
5294.4 0.00058538532 0.00037714608
5299.2 0.00058616452 0.00037718625
5304.0 0.00058694072 0.00037722648
5308.8 0.00058771392 0.00037726743
5313.6 0.00058848413 0.00037730853
5318.4 0.00058925134 0.00037734931
5323.2 0.00059001555 0.00037739011
5328.0 0.00059077677 0.00037742983
5332.8 0.00059153498 0.0003774684
5337.6 0.00059229016 0.00037750592
5342.4 0.00059304233 0.00037754308
5347.2 0.0005937915 0.00037757941
5352.0 0.00059453769 0.00037761483
5356.8 0.00059528095 0.00037764985
5361.6 0.00059602127 0.00037768475
5366.4 0.00059675865 0.00037771899
5371.2 0.0005974931 0.0003777531
5376.0 0.00059822467 0.00037778641
5380.8 0.00059895341 0.00037781882
5385.6 0.00059967934 0.0003778514
5390.4 0.00060040252 0.00037788354
5395.2 0.00060112297 0.00037791561
5400.0 0.00060184073 0.00037794717
5404.8 0.00060255583 0.00037797818
5409.6 0.00060326828 0.00037800887
5414.4 0.00060397805 0.00037803953
5419.2 0.0006046851 0.00037806982
5424.0 0.00060538945 0.00037809977
5428.8 0.00060609109 0.0003781294
5433.6 0.00060679004 0.00037815887
5438.4 0.0006074863 0.00037818775
5443.2 0.00060817987 0.00037821647
5448.0 0.00060887082 0.0003782448
5452.8 0.00060955916 0.0003782727
5457.6 0.00061024495 0.00037830036
5462.4 0.00061092826 0.00037832814
5467.2 0.00061160921 0.0003783549
5472.0 0.00061228796 0.00037838148
5476.8 0.00061296468 0.00037840779
5481.6 0.00061363955 0.00037843399
5486.4 0.00061431281 0.00037845988
5491.2 0.00061498474 0.00037848554
5496.0 0.00061565563 0.00037851094
5500.8 0.00061632578 0.0003785359
5505.6 0.00061699548 0.00037856124
5510.4 0.00061766497 0.00037858723
5515.2 0.00061833455 0.00037861303
5520.0 0.00061900444 0.00037864118
5524.8 0.00061967482 0.00037866953
5529.6 0.00062034584 0.00037869943
5534.4 0.00062101768 0.00037873004
5539.2 0.0006216906 0.0003787609
5544.0 0.00062236493 0.00037879249
5548.8 0.00062304104 0.00037882653
5553.6 0.00062371932 0.00037886218
5558.4 0.00062440005 0.00037890179
5563.2 0.00062508338 0.00037894383
5568.0 0.00062576933 0.00037899101
5572.8 0.00062645784 0.0003790417
5577.6 0.00062714879 0.00037909445
5582.4 0.00062784189 0.00037915099
5587.2 0.00062853687 0.00037920816
5592.0 0.00062923351 0.00037926529
5596.8 0.00062993169 0.00037932108
5601.6 0.00063063125 0.00037937857
5606.4 0.00063133215 0.00037943478
5611.2 0.00063203445 0.00037949188
5616.0 0.0006327381 0.00037955138
5620.8 0.00063344308 0.00037960911
5625.6 0.00063414922 0.00037966946
5630.4 0.00063485629 0.00037973254
5635.2 0.00063556402 0.00037979557
5640.0 0.00063627213 0.000379857
5644.8 0.00063698034 0.00037991662
5649.6 0.00063768853 0.00037997614
5654.4 0.00063839661 0.0003800364
5659.2 0.00063910445 0.00038009687
5664.0 0.00063981202 0.00038015437
5668.8 0.00064051934 0.00038021033
5673.6 0.00064122648 0.00038026597
5678.4 0.00064193354 0.00038032266
5683.2 0.00064264069 0.00038037921
5688.0 0.00064334814 0.00038043341
5692.8 0.00064405608 0.0003804866
5697.6 0.00064476473 0.0003805381
5702.4 0.00064547429 0.00038059017
5707.2 0.00064618486 0.000380641
5712.0 0.00064689652 0.00038069301
5716.8 0.00064760928 0.00038074615
5721.6 0.00064832311 0.00038079521
5726.4 0.000649038 0.00038084188
5731.2 0.00064975381 0.00038088698
5736.0 0.00065047041 0.00038093021
5740.8 0.0006511876 0.0003809737
5745.6 0.0006519052 0.00038101701
5750.4 0.00065262304 0.00038105557
5755.2 0.00065334101 0.00038109192
5760.0 0.00065405901 0.00038112807
5764.8 0.00065477695 0.00038116472
5769.6 0.00065549472 0.00038120039
5774.4 0.00065621227 0.00038123355
5779.2 0.00065692956 0.00038126668
5784.0 0.00065764651 0.00038130029
5788.8 0.00065836305 0.00038132946
5793.6 0.00065907909 0.00038135883
5798.4 0.00065979453 0.00038138716
5803.2 0.00066050922 0.00038141522
5808.0 0.00066122307 0.00038144283
5812.8 0.00066193595 0.00038146815
5817.6 0.00066264773 0.00038149091
5822.4 0.00066335829 0.00038151189
5827.2 0.00066406746 0.00038153263
5832.0 0.00066477512 0.00038155333
5836.8 0.00066548128 0.00038157251
5841.6 0.00066618592 0.00038159162
5846.4 0.00066688903 0.00038160946
5851.2 0.00066759062 0.00038162588
5856.0 0.00066829072 0.0003816409
5860.8 0.00066898938 0.00038165284
5865.6 0.00066968657 0.00038165948
5870.4 0.00067038229 0.0003816659
5875.2 0.00067107653 0.00038166963
5880.0 0.00067176927 0.00038167329
5884.8 0.00067246046 0.00038167688
5889.6 0.00067315007 0.00038168046
5894.4 0.00067383807 0.00038168387
5899.2 0.0006745245 0.00038168593
5904.0 0.00067520943 0.00038168799
5908.8 0.00067589298 0.00038168976
5913.6 0.00067657528 0.00038169127
5918.4 0.00067725648 0.0003816915
5923.2 0.00067793666 0.00038169167
5928.0 0.00067861591 0.00038169183
5932.8 0.00067929428 0.00038169199
5937.6 0.00067997177 0.00038169215
5942.4 0.00068064831 0.00038169232
5947.2 0.00068132384 0.00038169248
5952.0 0.00068199828 0.00038169248
5956.8 0.0006826716 0.00038169248
5961.6 0.00068334373 0.00038169248
5966.4 0.00068401457 0.00038169248
5971.2 0.00068468406 0.00038169248
5976.0 0.00068535217 0.00038169248
5980.8 0.00068601883 0.00038169248
5985.6 0.00068668404 0.00038169248
5990.4 0.00068734783 0.00038169248
5995.2 0.00068801021 0.00038169248
6000.0 0.00068867121 0.00038169248
6004.8 0.00068933085 0.00038169248
6009.6 0.00068998914 0.00038169248
6014.4 0.00069064618 0.00038169248
6019.2 0.00069130202 0.00038169248
6024.0 0.00069195671 0.00038169248
6028.8 0.00069261028 0.00038169248
6033.6 0.00069326279 0.00038169248
6038.4 0.00069391432 0.00038169248
6043.2 0.00069456492 0.00038169248
6048.0 0.00069521458 0.00038169248
6052.8 0.00069586331 0.00038169248
6057.6 0.00069651115 0.00038169248
6062.4 0.00069715813 0.00038169248
6067.2 0.00069780424 0.00038169248
6072.0 0.00069844942 0.00038169248
6076.8 0.00069909367 0.00038169248
6081.6 0.00069973694 0.00038169248
6086.4 0.00070037919 0.00038169248
6091.2 0.00070102038 0.00038169248
6096.0 0.00070166049 0.00038169248
6100.8 0.00070229951 0.00038169248
6105.6 0.00070293746 0.00038169248
6110.4 0.0007035744 0.0003816925
6115.2 0.00070421035 0.00038169256
6120.0 0.00070484538 0.00038169263
6124.8 0.00070547959 0.00038169274
6129.6 0.00070611312 0.00038169292
6134.4 0.00070674608 0.00038169319
6139.2 0.00070737861 0.00038169353
6144.0 0.00070801084 0.00038169407
6148.8 0.00070864284 0.00038169482
6153.6 0.00070927473 0.00038169576
6158.4 0.00070990661 0.00038169683
6163.2 0.00071053856 0.0003816981
6168.0 0.00071117059 0.00038169976
6172.8 0.0007118027 0.00038170157
6177.6 0.00071243492 0.00038170353
6182.4 0.00071306729 0.00038170566
6187.2 0.00071369979 0.00038170794
6192.0 0.00071433243 0.00038171033
6196.8 0.00071496523 0.00038171294
6201.6 0.00071559824 0.00038171575
6206.4 0.00071623151 0.00038171878
6211.2 0.00071686516 0.00038172212
6216.0 0.0007174993 0.00038172561
6220.8 0.00071813409 0.0003817292
6225.6 0.00071876971 0.00038173305
6230.4 0.00071940635 0.00038173705
6235.2 0.00072004421 0.00038174125
6240.0 0.00072068355 0.0003817457
6244.8 0.00072132463 0.00038175025
6249.6 0.00072196771 0.00038175513
6254.4 0.000722613 0.00038176003
6259.2 0.00072326079 0.00038176522
6264.0 0.0007239113 0.00038177043
6268.8 0.00072456479 0.00038177553
6273.6 0.00072522153 0.00038178061
6278.4 0.0007258817 0.0003817857
6283.2 0.0007265454 0.00038179064
6288.0 0.00072721261 0.00038179545
6292.8 0.00072788325 0.0003818002
6297.6 0.00072855724 0.00038180483
6302.4 0.00072923443 0.00038180939
6307.2 0.00072991458 0.00038181379
6312.0 0.00073059748 0.00038181816
6316.8 0.00073128295 0.00038182235
6321.6 0.0007319708 0.00038182652
6326.4 0.00073266081 0.00038183064
6331.2 0.00073335268 0.00038183468
6336.0 0.00073404618 0.0003818387
6340.8 0.00073474109 0.00038184265
6345.6 0.0007354372 0.0003818467
6350.4 0.0007361344 0.00038185066
6355.2 0.00073683253 0.00038185466
6360.0 0.00073753136 0.00038185859
6364.8 0.00073823074 0.00038186245
6369.6 0.00073893056 0.00038186635
6374.4 0.00073963066 0.00038187021
6379.2 0.00074033083 0.00038187403
6384.0 0.00074103085 0.0003818779
6388.8 0.0007417305 0.00038188181
6393.6 0.00074242958 0.00038188568
6398.4 0.00074312794 0.00038188952
6403.2 0.00074382537 0.0003818935
6408.0 0.0007445218 0.00038189747
6412.8 0.0007452172 0.00038190144
6417.6 0.00074591155 0.00038190556
6422.4 0.0007466048 0.00038190982
6427.2 0.00074729685 0.00038191413
6432.0 0.00074798763 0.00038191845
6436.8 0.00074867706 0.00038192283
6441.6 0.00074936503 0.00038192718
6446.4 0.00075005138 0.00038193171
6451.2 0.00075073595 0.00038193625
6456.0 0.00075141862 0.00038194094
6460.8 0.00075209932 0.00038194563
6465.6 0.00075277799 0.00038195026
6470.4 0.00075345461 0.00038195488
6475.2 0.00075412912 0.00038195949
6480.0 0.00075480153 0.00038196411
6484.8 0.00075547186 0.00038196875
6489.6 0.00075614015 0.0003819734
6494.4 0.00075680644 0.00038197805
6499.2 0.00075747078 0.00038198273
6504.0 0.00075813322 0.00038198735
6508.8 0.00075879382 0.00038199196
6513.6 0.00075945262 0.00038199657
6518.4 0.00076010961 0.00038200117
6523.2 0.00076076483 0.00038200575
6528.0 0.00076141823 0.0003820103
6532.8 0.00076206981 0.00038201479
6537.6 0.00076271952 0.00038201933
6542.4 0.00076336731 0.00038202391
6547.2 0.00076401315 0.00038202849
6552.0 0.00076465697 0.00038203302
6556.8 0.00076529872 0.00038203758
6561.6 0.00076593837 0.00038204216
6566.4 0.00076657587 0.00038204679
6571.2 0.00076721117 0.00038205149
6576.0 0.00076784424 0.0003820562
6580.8 0.00076847503 0.00038206088
6585.6 0.00076910352 0.00038206559
6590.4 0.00076972968 0.00038207035
6595.2 0.0007703535 0.00038207515
6600.0 0.00077097496 0.0003820801
6604.8 0.00077159402 0.00038208503
6609.6 0.00077221066 0.00038208998
6614.4 0.00077282486 0.00038209488
6619.2 0.00077343661 0.00038209988
6624.0 0.0007740459 0.00038210476
6628.8 0.00077465272 0.00038210954
6633.6 0.00077525705 0.00038211433
6638.4 0.00077585886 0.00038211914
6643.2 0.00077645814 0.00038212383
6648.0 0.00077705488 0.00038212847
6652.8 0.00077764904 0.00038213299
6657.6 0.00077824061 0.00038213768
6662.4 0.00077882956 0.00038214241
6667.2 0.00077941587 0.00038214713
6672.0 0.00077999951 0.0003821518
6676.8 0.00078058049 0.00038215654
6681.6 0.00078115879 0.00038216126
6686.4 0.0007817344 0.00038216597
6691.2 0.00078230734 0.00038217072
6696.0 0.0007828776 0.00038217545
6700.8 0.00078344519 0.00038218013
6705.6 0.00078401011 0.00038218479
6710.4 0.00078457238 0.00038218944
6715.2 0.00078513202 0.00038219393
6720.0 0.00078568906 0.00038219836
6724.8 0.00078624352 0.00038220272
6729.6 0.00078679542 0.00038220719
6734.4 0.00078734482 0.00038221164
6739.2 0.00078789176 0.00038221606
6744.0 0.00078843627 0.00038222042
6748.8 0.0007889784 0.00038222463
6753.6 0.00078951817 0.00038222881
6758.4 0.00079005562 0.00038223296
6763.2 0.00079059076 0.00038223708
6768.0 0.00079112363 0.00038224108
6772.8 0.00079165422 0.00038224494
6777.6 0.00079218254 0.0003822487
6782.4 0.00079270859 0.00038225237
6787.2 0.00079323237 0.00038225605
6792.0 0.00079375389 0.00038225966
6796.8 0.00079427313 0.00038226311
6801.6 0.00079479009 0.00038226657
6806.4 0.00079530475 0.00038226989
6811.2 0.0007958171 0.00038227318
6816.0 0.00079632715 0.00038227631
6820.8 0.00079683489 0.0003822793
6825.6 0.00079734031 0.00038228215
6830.4 0.00079784341 0.00038228491
6835.2 0.00079834418 0.00038228752
6840.0 0.00079884262 0.00038229013
6844.8 0.00079933871 0.00038229261
6849.6 0.00079983246 0.00038229514
6854.4 0.00080032384 0.00038229755
6859.2 0.00080081287 0.00038229989
6864.0 0.00080129954 0.00038230215
6868.8 0.00080178386 0.00038230435
6873.6 0.00080226581 0.00038230649
6878.4 0.0008027454 0.00038230853
6883.2 0.00080322262 0.00038231056
6888.0 0.00080369747 0.00038231246
6892.8 0.00080416996 0.00038231434
6897.6 0.00080464009 0.00038231623
6902.4 0.00080510786 0.00038231802
6907.2 0.00080557328 0.00038231977
6912.0 0.00080603636 0.00038232151
6916.8 0.00080649709 0.00038232324
6921.6 0.00080695547 0.00038232493
6926.4 0.00080741151 0.00038232658
6931.2 0.00080786522 0.00038232822
6936.0 0.00080831658 0.00038232974
6940.8 0.00080876561 0.00038233121
6945.6 0.00080921232 0.00038233268
6950.4 0.00080965669 0.00038233416
6955.2 0.00081009873 0.00038233547
6960.0 0.00081053844 0.0003823367
6964.8 0.00081097583 0.00038233791
6969.6 0.0008114109 0.00038233909
6974.4 0.00081184366 0.00038234021
6979.2 0.00081227412 0.00038234131
6984.0 0.00081270228 0.00038234234
6988.8 0.00081312817 0.0003823433
6993.6 0.00081355177 0.00038234415
6998.4 0.00081397309 0.00038234497
7003.2 0.00081439216 0.00038234571
7008.0 0.00081480897 0.00038234645
7012.8 0.00081522353 0.00038234694
7017.6 0.00081563585 0.00038234728
7022.4 0.00081604594 0.00038234761
7027.2 0.00081645381 0.00038234793
7032.0 0.00081685944 0.00038234817
7036.8 0.00081726285 0.00038234838
7041.6 0.00081766404 0.00038234866
7046.4 0.00081806301 0.00038234894
7051.2 0.00081845978 0.00038234923
7056.0 0.00081885434 0.00038234951
7060.8 0.0008192467 0.00038234958
7065.6 0.00081963687 0.00038234965
7070.4 0.00082002486 0.00038234965
7075.2 0.00082041068 0.00038234965
7080.0 0.00082079434 0.00038234965
7084.8 0.00082117586 0.00038234965
7089.6 0.00082155527 0.00038234965
7094.4 0.00082193259 0.00038234965
7099.2 0.00082230786 0.00038234965
7104.0 0.00082268109 0.00038234965
7108.8 0.00082305231 0.00038234965
7113.6 0.00082342154 0.00038234965
7118.4 0.0008237888 0.00038234965
7123.2 0.00082415413 0.00038234965
7128.0 0.00082451752 0.00038234965
7132.8 0.00082487899 0.00038234965
7137.6 0.00082523855 0.00038234965
7142.4 0.00082559619 0.00038234965
7147.2 0.00082595193 0.00038234965
7152.0 0.00082630576 0.00038234965
7156.8 0.0008266577 0.00038234965
7161.6 0.00082700773 0.00038234965
7166.4 0.00082735588 0.00038234965
7171.2 0.00082770213 0.00038234965
7176.0 0.00082804651 0.00038234965
7180.8 0.00082838903 0.00038234965
7185.6 0.0008287297 0.00038234965
7190.4 0.00082906855 0.00038234965
7195.2 0.00082940558 0.00038234965
7200.0 0.0008297408 0.00038234965
7204.8 0.00083007423 0.00038234965
7209.6 0.00083040587 0.00038234965
7214.4 0.00083073572 0.00038234965
7219.2 0.00083106378 0.00038234965
7224.0 0.00083139005 0.00038234965
7228.8 0.00083171451 0.00038234965
7233.6 0.00083203719 0.00038234965
7238.4 0.00083235808 0.00038234965
7243.2 0.00083267719 0.00038234965
7248.0 0.00083299453 0.00038234965
7252.8 0.00083331014 0.00038234965
7257.6 0.00083362404 0.00038234965
7262.4 0.00083393629 0.00038234965
7267.2 0.00083424695 0.00038234965
7272.0 0.00083455607 0.00038234965
7276.8 0.00083486378 0.00038234965
7281.6 0.00083517018 0.00038234965
7286.4 0.00083547543 0.00038234965
7291.2 0.00083577967 0.00038234965
7296.0 0.00083608306 0.00038234965
7300.8 0.00083638579 0.00038234965
7305.6 0.00083668803 0.00038234965
7310.4 0.00083698996 0.00038234965
7315.2 0.00083729172 0.00038234965
7320.0 0.00083759347 0.00038234965
7324.8 0.00083789534 0.00038234965
7329.6 0.00083819739 0.00038234965
7334.4 0.00083849977 0.00038234965
7339.2 0.00083880256 0.00038234965
7344.0 0.00083910582 0.00038234965
7348.8 0.00083940963 0.00038234965
7353.6 0.00083971401 0.00038234965
7358.4 0.00084001899 0.00038234965
7363.2 0.0008403246 0.00038234965
7368.0 0.00084063088 0.00038234965
7372.8 0.00084093784 0.00038234965
7377.6 0.00084124547 0.00038234965
7382.4 0.00084155373 0.00038234965
7387.2 0.00084186256 0.00038234965
7392.0 0.00084217189 0.00038234965
7396.8 0.00084248165 0.00038234965
7401.6 0.00084279178 0.00038234965
7406.4 0.00084310219 0.00038234965
7411.2 0.00084341283 0.00038234965
7416.0 0.00084372363 0.00038234965
7420.8 0.00084403448 0.00038234965
7425.6 0.00084434535 0.00038234965
7430.4 0.00084465618 0.00038234965
7435.2 0.00084496691 0.00038234965
7440.0 0.00084527748 0.00038234965
7444.8 0.00084558786 0.00038234965
7449.6 0.00084589799 0.00038234965
7454.4 0.00084620784 0.00038234965
7459.2 0.00084651739 0.00038234965
7464.0 0.00084682669 0.00038234965
7468.8 0.0008471357 0.00038234965
7473.6 0.00084744441 0.00038234965
7478.4 0.00084775277 0.00038234965
7483.2 0.00084806074 0.00038234965
7488.0 0.00084836832 0.00038234965
7492.8 0.00084867547 0.00038234965
7497.6 0.00084898221 0.00038234965
7502.4 0.00084928856 0.00038234965
7507.2 0.00084959451 0.00038234965
7512.0 0.00084990008 0.00038234965
7516.8 0.00085020526 0.00038234965
7521.6 0.00085051007 0.00038234965
7526.4 0.00085081454 0.00038234965
7531.2 0.00085111871 0.00038234965
7536.0 0.00085142267 0.00038234965
7540.8 0.00085172651 0.00038234965
7545.6 0.0008520303 0.00038234965
7550.4 0.00085233416 0.00038234965
7555.2 0.00085263816 0.00038234965
7560.0 0.0008529424 0.00038234965
7564.8 0.00085324693 0.00038234965
7569.6 0.0008535518 0.00038234965
7574.4 0.00085385705 0.00038234965
7579.2 0.00085416274 0.00038234965
7584.0 0.00085446888 0.00038234965
7588.8 0.00085477552 0.00038234965
7593.6 0.00085508264 0.00038234965
7598.4 0.00085539029 0.00038234965
7603.2 0.00085569849 0.00038234965
7608.0 0.00085600728 0.00038234965
7612.8 0.00085631671 0.00038234965
7617.6 0.00085662683 0.00038234965
7622.4 0.00085693772 0.00038234965
7627.2 0.00085724946 0.00038234965
7632.0 0.00085756216 0.00038234965
7636.8 0.00085787589 0.00038234965
7641.6 0.00085819073 0.00038234965
7646.4 0.00085850677 0.00038234965
7651.2 0.0008588241 0.00038234965
7656.0 0.00085914273 0.00038234965
7660.8 0.00085946268 0.00038234965
7665.6 0.00085978396 0.00038234965
7670.4 0.00086010656 0.00038234965
7675.2 0.00086043042 0.00038234965
7680.0 0.0008607555 0.00038234965
7684.8 0.00086108176 0.00038234965
7689.6 0.00086140909 0.00038234965
7694.4 0.00086173745 0.00038234965
7699.2 0.00086206679 0.00038234965
7704.0 0.00086239703 0.00038234965
7708.8 0.00086272814 0.00038234965
7713.6 0.00086306005 0.00038234965
7718.4 0.00086339275 0.00038234965
7723.2 0.00086372625 0.00038234965
7728.0 0.00086406053 0.00038234965
7732.8 0.00086439555 0.00038234965
7737.6 0.0008647313 0.00038234965
7742.4 0.00086506778 0.00038234965
7747.2 0.00086540496 0.00038234965
7752.0 0.00086574286 0.00038234965
7756.8 0.0008660815 0.00038234965
7761.6 0.00086642089 0.00038234965
7766.4 0.00086676106 0.00038234965
7771.2 0.000867102 0.00038234965
7776.0 0.00086744375 0.00038234965
7780.8 0.00086778637 0.00038234965
7785.6 0.00086812994 0.00038234965
7790.4 0.00086847454 0.00038234965
7795.2 0.00086882022 0.00038234965
7800.0 0.00086916702 0.00038234965
7804.8 0.00086951498 0.00038234965
7809.6 0.00086986407 0.00038234965
7814.4 0.00087021428 0.00038234965
7819.2 0.00087056559 0.00038234965
7824.0 0.00087091792 0.00038234965
7828.8 0.00087127119 0.00038234965
7833.6 0.00087162533 0.00038234965
7838.4 0.00087198027 0.00038234965
7843.2 0.00087233592 0.00038234965
7848.0 0.00087269222 0.00038234965
7852.8 0.00087304907 0.00038234965
7857.6 0.00087340635 0.00038234965
7862.4 0.00087376395 0.00038234965
7867.2 0.00087412176 0.00038234965
7872.0 0.00087447965 0.00038234965
7876.8 0.00087483749 0.00038234965
7881.6 0.00087519518 0.00038234965
7886.4 0.00087555263 0.00038234965
7891.2 0.00087590972 0.00038234965
7896.0 0.00087626634 0.00038234965
7900.8 0.00087662239 0.00038234965
7905.6 0.00087697782 0.00038234965
7910.4 0.00087733255 0.00038234965
7915.2 0.00087768649 0.00038234965
7920.0 0.00087803958 0.00038234965
7924.8 0.00087839181 0.00038234965
7929.6 0.00087874316 0.00038234965
7934.4 0.00087909361 0.00038234965
7939.2 0.00087944315 0.00038234965
7944.0 0.00087979179 0.00038234965
7948.8 0.00088013953 0.00038234965
7953.6 0.00088048639 0.00038234965
7958.4 0.00088083236 0.00038234965
7963.2 0.00088117742 0.00038234965
7968.0 0.00088152161 0.00038234965
7972.8 0.00088186493 0.00038234965
7977.6 0.0008822074 0.00038234965
7982.4 0.00088254904 0.00038234965
7987.2 0.00088288988 0.00038234965
7992.0 0.00088322996 0.00038234965
7996.8 0.00088356931 0.00038234965
8001.6 0.00088390796 0.00038234965
8006.4 0.00088424593 0.00038234965
8011.2 0.00088458326 0.00038234965
8016.0 0.00088491998 0.00038234965
8020.8 0.00088525614 0.00038234965
8025.6 0.00088559176 0.00038234965
8030.4 0.00088592687 0.00038234965
8035.2 0.00088626151 0.00038234965
8040.0 0.0008865957 0.00038234965
8044.8 0.00088692947 0.00038234965
8049.6 0.00088726286 0.00038234965
8054.4 0.0008875959 0.00038234965
8059.2 0.00088792865 0.00038234965
8064.0 0.00088826114 0.00038234965
8068.8 0.00088859345 0.00038234965
8073.6 0.00088892562 0.00038234965
8078.4 0.0008892577 0.00038234965
8083.2 0.00088958973 0.00038234965
8088.0 0.00088992175 0.00038234965
8092.8 0.00089025379 0.00038234965
8097.6 0.00089058587 0.00038234965
8102.4 0.00089091799 0.00038234965
8107.2 0.00089125014 0.00038234965
8112.0 0.00089158231 0.00038234965
8116.8 0.00089191448 0.00038234965
8121.6 0.00089224664 0.00038234965
8126.4 0.00089257874 0.00038234965
8131.2 0.00089291072 0.00038234965
8136.0 0.00089324256 0.00038234965
8140.8 0.0008935742 0.00038234965
8145.6 0.00089390564 0.00038234965
8150.4 0.00089423685 0.00038234965
8155.2 0.00089456781 0.00038234965
8160.0 0.00089489849 0.00038234965
8164.8 0.00089522889 0.00038234965
8169.6 0.00089555898 0.00038234965
8174.4 0.00089588878 0.00038234965
8179.2 0.00089621828 0.00038234965
8184.0 0.00089654748 0.00038234965
8188.8 0.00089687639 0.00038234965
8193.6 0.00089720501 0.00038234965
8198.4 0.00089753334 0.00038234965
8203.2 0.00089786135 0.00038234965
8208.0 0.00089818901 0.00038234965
8212.8 0.00089851629 0.00038234965
8217.6 0.0008988432 0.00038234965
8222.4 0.00089916969 0.00038234965
8227.2 0.00089949576 0.00038234965
8232.0 0.00089982134 0.00038234965
8236.8 0.00090014644 0.00038234965
8241.6 0.00090047102 0.00038234965
8246.4 0.00090079507 0.00038234965
8251.2 0.00090111859 0.00038234965
8256.0 0.00090144154 0.00038234965
8260.8 0.00090176394 0.00038234965
8265.6 0.00090208579 0.00038234965
8270.4 0.00090240707 0.00038234965
8275.2 0.00090272778 0.00038234965
8280.0 0.00090304791 0.00038234965
8284.8 0.00090336746 0.00038234965
8289.6 0.00090368642 0.00038234965
8294.4 0.00090400481 0.00038234965
8299.2 0.00090432263 0.00038234965
8304.0 0.00090463985 0.00038234965
8308.8 0.00090495647 0.00038234965
8313.6 0.00090527249 0.00038234965
8318.4 0.00090558789 0.00038234965
8323.2 0.00090590267 0.00038234965
8328.0 0.00090621685 0.00038234965
8332.8 0.00090653044 0.00038234965
8337.6 0.00090684346 0.00038234965
8342.4 0.00090715594 0.00038234965
8347.2 0.00090746793 0.00038234965
8352.0 0.00090777946 0.00038234965
8356.8 0.00090809057 0.00038234965
8361.6 0.00090840131 0.00038234965
8366.4 0.00090871176 0.00038234965
8371.2 0.00090902198 0.00038234965
8376.0 0.00090933202 0.00038234965
8380.8 0.00090964193 0.00038234965
8385.6 0.00090995173 0.00038234965
8390.4 0.00091026144 0.00038234965
8395.2 0.00091057108 0.00038234965
8400.0 0.00091088065 0.00038234965
8404.8 0.00091119011 0.00038234965
8409.6 0.00091149943 0.00038234965
8414.4 0.00091180859 0.00038234965
8419.2 0.00091211754 0.00038234965
8424.0 0.00091242623 0.00038234965
8428.8 0.00091273465 0.00038234965
8433.6 0.00091304275 0.00038234965
8438.4 0.00091335049 0.00038234965
8443.2 0.00091365785 0.00038234965
8448.0 0.00091396483 0.00038234965
8452.8 0.00091427141 0.00038234965
8457.6 0.0009145776 0.00038234965
8462.4 0.00091488342 0.00038234965
8467.2 0.00091518886 0.00038234965
8472.0 0.00091549391 0.00038234965
8476.8 0.00091579858 0.00038234965
8481.6 0.00091610287 0.00038234965
8486.4 0.00091640677 0.00038234965
8491.2 0.0009167103 0.00038234965
8496.0 0.00091701345 0.00038234965
8500.8 0.00091731622 0.00038234965
8505.6 0.00091761862 0.00038234965
8510.4 0.00091792063 0.00038234965
8515.2 0.00091822223 0.00038234965
8520.0 0.00091852339 0.00038234965
8524.8 0.00091882407 0.00038234965
8529.6 0.00091912424 0.00038234965
8534.4 0.00091942385 0.00038234965
8539.2 0.0009197229 0.00038234965
8544.0 0.00092002136 0.00038234965
8548.8 0.00092031919 0.00038234965
8553.6 0.00092061635 0.00038234965
8558.4 0.00092091281 0.00038234965
8563.2 0.00092120852 0.00038234965
8568.0 0.00092150345 0.00038234965
8572.8 0.0009217976 0.00038234965
8577.6 0.00092209094 0.00038234965
8582.4 0.00092238347 0.00038234965
8587.2 0.00092267516 0.00038234965
8592.0 0.00092296602 0.00038234965
8596.8 0.00092325605 0.00038234965
8601.6 0.00092354527 0.00038234965
8606.4 0.00092383368 0.00038234965
8611.2 0.00092412127 0.00038234965
8616.0 0.00092440804 0.00038234965
8620.8 0.000924694 0.00038234965
8625.6 0.00092497916 0.00038234965
8630.4 0.00092526351 0.00038234965
8635.2 0.00092554705 0.00038234965
8640.0 0.00092582979 0.00038234965
8644.8 0.00092611171 0.00038234965
8649.6 0.00092639283 0.00038234965
8654.4 0.00092667315 0.00038234965
8659.2 0.00092695266 0.00038234965
8664.0 0.00092723135 0.00038234965
8668.8 0.00092750923 0.00038234965
8673.6 0.0009277863 0.00038234966
8678.4 0.00092806256 0.00038234967
8683.2 0.00092833801 0.0003823497
8688.0 0.00092861265 0.00038234973
8692.8 0.0009288865 0.00038234976
8697.6 0.00092915956 0.00038234979
8702.4 0.00092943185 0.00038234982
8707.2 0.00092970336 0.00038234985
8712.0 0.00092997408 0.00038234988
8716.8 0.00093024403 0.00038234991
8721.6 0.00093051322 0.00038234993
8726.4 0.00093078162 0.00038234995
8731.2 0.00093104923 0.00038234996
8736.0 0.00093131607 0.00038235004
