# 1:time 2:mass 3:einf>=0
4.8 0.0 0.0
9.6 -3.7157898e-12 0.0
14.4 -6.2974114e-12 0.0
19.2 -9.7332603e-12 0.0
24.0 -1.4139503e-11 0.0
28.8 -1.9292124e-11 0.0
33.6 -2.6828753e-11 0.0
38.4 -3.3232134e-11 0.0
43.2 -4.0464438e-11 0.0
48.0 -5.0954842e-11 0.0
52.8 -6.3527184e-11 0.0
57.6 -7.3067632e-11 0.0
62.4 -8.3252354e-11 0.0
67.2 -9.6835268e-11 0.0
72.0 -1.1446521e-10 0.0
76.8 -1.3278833e-10 0.0
81.6 -1.4762813e-10 0.0
86.4 -1.6263105e-10 0.0
91.2 -1.7906099e-10 0.0
96.0 -1.9980893e-10 0.0
100.8 -2.2472139e-10 0.0
105.6 -2.4906627e-10 0.0
110.4 -2.737986e-10 0.0
115.2 -2.9850763e-10 0.0
120.0 -3.2409483e-10 0.0
124.8 -3.5231105e-10 0.0
129.6 -3.8255505e-10 0.0
134.4 -4.1641362e-10 0.0
139.2 -4.5218983e-10 0.0
144.0 -4.8999812e-10 0.0
148.8 -5.3138058e-10 0.0
153.6 -5.7251456e-10 0.0
158.4 -6.0749472e-10 0.0
163.2 -6.3592015e-10 0.0
168.0 -6.6259087e-10 0.0
172.8 -6.9014691e-10 0.0
177.6 -7.2015125e-10 0.0
182.4 -7.5406507e-10 0.0
187.2 -7.9123346e-10 0.0
192.0 -8.3291836e-10 0.0
196.8 -8.7888655e-10 0.0
201.6 -9.2742085e-10 0.0
206.4 -9.7515329e-10 0.0
211.2 -1.0201983e-09 0.0
216.0 -1.0615289e-09 0.0
220.8 -1.0989614e-09 0.0
225.6 -1.1352173e-09 0.0
230.4 -1.1697302e-09 0.0
235.2 -1.2033514e-09 0.0
240.0 -1.2386953e-09 0.0
244.8 -1.2766362e-09 0.0
249.6 -1.318801e-09 0.0
254.4 -1.3659662e-09 0.0
259.2 -1.4187139e-09 0.0
264.0 -1.4785554e-09 0.0
268.8 -1.5453151e-09 0.0
273.6 -1.6170911e-09 0.0
278.4 -1.6874168e-09 0.0
283.2 -1.7555395e-09 0.0
288.0 -1.8209638e-09 0.0
292.8 -1.8800732e-09 0.0
297.6 -1.9332391e-09 0.0
302.4 -1.9855644e-09 0.0
307.2 -2.0367357e-09 0.0
312.0 -2.0871648e-09 0.0
316.8 -2.1395809e-09 0.0
321.6 -2.1960511e-09 0.0
326.4 -2.2581045e-09 0.0
331.2 -2.3262143e-09 0.0
336.0 -2.4000033e-09 0.0
340.8 -2.4788575e-09 0.0
345.6 -2.5619537e-09 0.0
350.4 -2.6495656e-09 0.0
355.2 -2.7393874e-09 0.0
360.0 -2.8330091e-09 0.0
364.8 -2.9304578e-09 0.0
369.6 -3.030595e-09 0.0
374.4 -3.131894e-09 0.0
379.2 -3.2341224e-09 0.0
384.0 -3.3364076e-09 0.0
388.8 -3.4381987e-09 0.0
393.6 -3.538574e-09 0.0
398.4 -3.6381924e-09 0.0
403.2 -3.7376011e-09 0.0
408.0 -3.8372836e-09 0.0
412.8 -3.9362188e-09 0.0
417.6 -4.0340029e-09 0.0
422.4 -4.1292791e-09 0.0
427.2 -4.2225848e-09 0.0
432.0 -4.3156536e-09 0.0
436.8 -4.4094565e-09 0.0
441.6 -4.5031522e-09 0.0
446.4 -4.5962854e-09 0.0
451.2 -4.6866173e-09 0.0
456.0 -4.7763493e-09 0.0
460.8 -4.8677644e-09 0.0
465.6 -4.9599612e-09 0.0
470.4 -5.052648e-09 0.0
475.2 -5.1459863e-09 0.0
480.0 -5.2394771e-09 0.0
484.8 -5.3337275e-09 0.0
489.6 -5.4295078e-09 0.0
494.4 -5.5265758e-09 0.0
499.2 -5.6243036e-09 0.0
504.0 -5.7236236e-09 0.0
508.8 -5.825102e-09 0.0
513.6 -5.929332e-09 0.0
518.4 -6.036282e-09 0.0
523.2 -6.1472325e-09 0.0
528.0 -6.262213e-09 0.0
532.8 -6.3823025e-09 0.0
537.6 -6.5073162e-09 0.0
542.4 -6.636408e-09 0.0
547.2 -6.7712104e-09 0.0
552.0 -6.9110246e-09 0.0
556.8 -7.0559884e-09 0.0
561.6 -7.2060706e-09 0.0
566.4 -7.3605816e-09 0.0
571.2 -7.5197422e-09 0.0
576.0 -7.6837432e-09 0.0
580.8 -7.8518806e-09 0.0
585.6 -8.0241386e-09 0.0
590.4 -8.2008351e-09 0.0
595.2 -8.3805128e-09 0.0
600.0 -8.5629135e-09 0.0
604.8 -8.7462446e-09 0.0
609.6 -8.927948e-09 0.0
614.4 -9.108939e-09 0.0
619.2 -9.288271e-09 0.0
624.0 -9.4648564e-09 0.0
628.8 -9.6364491e-09 0.0
633.6 -9.8039044e-09 0.0
638.4 -9.9676454e-09 0.0
643.2 -1.0124321e-08 0.0
648.0 -1.0271225e-08 0.0
652.8 -1.040515e-08 0.0
657.6 -1.0529027e-08 0.0
662.4 -1.0641944e-08 0.0
667.2 -1.0743871e-08 0.0
672.0 -1.0839298e-08 0.0
676.8 -1.0930861e-08 0.0
681.6 -1.1022634e-08 0.0
686.4 -1.1116586e-08 0.0
691.2 -1.1214091e-08 0.0
696.0 -1.1314764e-08 0.0
700.8 -1.1418948e-08 0.0
705.6 -1.1526055e-08 0.0
710.4 -1.1637221e-08 0.0
715.2 -1.1752521e-08 0.0
720.0 -1.1870925e-08 0.0
724.8 -1.1993557e-08 0.0
729.6 -1.2120032e-08 0.0
734.4 -1.2250421e-08 0.0
739.2 -1.2384575e-08 0.0
744.0 -1.2523109e-08 0.0
748.8 -1.2665348e-08 0.0
753.6 -1.2812168e-08 0.0
758.4 -1.2963366e-08 0.0
763.2 -1.3117519e-08 0.0
768.0 -1.3275118e-08 0.0
772.8 -1.343479e-08 0.0
777.6 -1.3595706e-08 0.0
782.4 -1.3757328e-08 0.0
787.2 -1.3918133e-08 0.0
792.0 -1.4077352e-08 0.0
796.8 -1.4233255e-08 0.0
801.6 -1.4383663e-08 0.0
806.4 -1.4526579e-08 0.0
811.2 -1.4661955e-08 0.0
816.0 -1.4788114e-08 0.0
820.8 -1.4904555e-08 0.0
825.6 -1.5011265e-08 0.0
830.4 -1.511111e-08 0.0
835.2 -1.5205325e-08 0.0
840.0 -1.5294711e-08 0.0
844.8 -1.5379299e-08 0.0
849.6 -1.5458121e-08 0.0
854.4 -1.5531317e-08 0.0
859.2 -1.5597699e-08 0.0
864.0 -1.5655976e-08 0.0
868.8 -1.5702998e-08 0.0
873.6 -1.5735432e-08 0.0
878.4 -1.5749404e-08 0.0
883.2 -1.574096e-08 0.0
888.0 -1.5705464e-08 0.0
892.8 -1.5637453e-08 0.0
897.6 -1.5531246e-08 0.0
902.4 -1.5380154e-08 0.0
907.2 -1.517716e-08 0.0
912.0 -1.4914722e-08 0.0
916.8 -1.4585596e-08 0.0
921.6 -1.4182794e-08 0.0
926.4 -1.3697559e-08 7.5967503e-12
931.2 -1.3116701e-08 5.3809116e-11
936.0 -1.2405659e-08 1.6932216e-10
940.8 -1.1525629e-08 3.9937811e-10
945.6 -1.0481723e-08 7.5761348e-10
950.4 -9.2684368e-09 1.2234935e-09
955.2 -7.8642909e-09 1.8321295e-09
960.0 -6.2504212e-09 2.5859267e-09
964.8 -4.4368709e-09 3.5128002e-09
969.6 -2.4373745e-09 4.5587088e-09
974.4 -2.3521251e-10 5.7828402e-09
979.2 2.1889764e-09 7.1471791e-09
984.0 4.8202077e-09 8.6555972e-09
988.8 7.6686386e-09 1.0360255e-08
993.6 1.0755704e-08 1.2223607e-08
998.4 1.4094165e-08 1.4304896e-08
1003.2 1.7651956e-08 1.6554873e-08
1008.0 2.1398653e-08 1.890617e-08
1012.8 2.5319236e-08 2.1336908e-08
1017.6 2.9434803e-08 2.3896177e-08
1022.4 3.3746243e-08 2.6619835e-08
1027.2 3.8214367e-08 2.944624e-08
1032.0 4.2797402e-08 3.2333843e-08
1036.8 4.7502163e-08 3.5269934e-08
1041.6 5.2357091e-08 3.824986e-08
1046.4 5.7370159e-08 4.1332352e-08
1051.2 6.2510495e-08 4.4476529e-08
1056.0 6.773928e-08 4.7663327e-08
1060.8 7.3039674e-08 5.0880084e-08
1065.6 7.8409456e-08 5.410453e-08
1070.4 8.3859169e-08 5.7295261e-08
1075.2 8.9402701e-08 6.0466335e-08
1080.0 9.5029292e-08 6.3673291e-08
1084.8 1.0071111e-07 6.6858413e-08
1089.6 1.0642407e-07 6.9997304e-08
1094.4 1.121686e-07 7.3074033e-08
1099.2 1.1795838e-07 7.6104092e-08
1104.0 1.2381141e-07 7.908462e-08
1108.8 1.2973844e-07 8.199185e-08
1113.6 1.3572297e-07 8.4801824e-08
1118.4 1.4173302e-07 8.7562082e-08
1123.2 1.4775743e-07 9.0208367e-08
1128.0 1.5380008e-07 9.2800436e-08
1132.8 1.5987441e-07 9.5322613e-08
1137.6 1.6598699e-07 9.7773239e-08
1142.4 1.7213958e-07 1.0015971e-07
1147.2 1.7833279e-07 1.0249701e-07
1152.0 1.8455732e-07 1.04774e-07
1156.8 1.9080708e-07 1.0697532e-07
1161.6 1.97081e-07 1.0909704e-07
1166.4 2.0337977e-07 1.1111056e-07
1171.2 2.0970769e-07 1.1308243e-07
1176.0 2.1606811e-07 1.1499647e-07
1180.8 2.2246258e-07 1.1687304e-07
1185.6 2.2889046e-07 1.1871505e-07
1190.4 2.3535131e-07 1.2050328e-07
1195.2 2.4184651e-07 1.2226018e-07
1200.0 2.483783e-07 1.2396838e-07
1204.8 2.5494656e-07 1.2562749e-07
1209.6 2.6155313e-07 1.2726459e-07
1214.4 2.6820003e-07 1.2887218e-07
1219.2 2.7489008e-07 1.3046704e-07
1224.0 2.816269e-07 1.3205632e-07
1228.8 2.8841509e-07 1.3364923e-07
1233.6 2.9525935e-07 1.3528954e-07
1238.4 3.0216499e-07 1.3696418e-07
1243.2 3.0913824e-07 1.3868537e-07
1248.0 3.1618549e-07 1.4046305e-07
1252.8 3.2331363e-07 1.4235174e-07
1257.6 3.3052987e-07 1.4431554e-07
1262.4 3.3784132e-07 1.4636843e-07
1267.2 3.4525485e-07 1.4858443e-07
1272.0 3.5277698e-07 1.5093339e-07
1276.8 3.6041366e-07 1.5339032e-07
1281.6 3.6817034e-07 1.5597499e-07
1286.4 3.7605183e-07 1.5869231e-07
1291.2 3.8406227e-07 1.6162805e-07
1296.0 3.9220514e-07 1.6469466e-07
1300.8 4.0048196e-07 1.6792681e-07
1305.6 4.0889445e-07 1.7130019e-07
1310.4 4.1744398e-07 1.7481373e-07
1315.2 4.2613073e-07 1.7848923e-07
1320.0 4.3495601e-07 1.8230129e-07
1324.8 4.4392047e-07 1.8630505e-07
1329.6 4.5302414e-07 1.9049853e-07
1334.4 4.6226711e-07 1.9489211e-07
1339.2 4.7164829e-07 1.9943878e-07
1344.0 4.8116656e-07 2.0412079e-07
1348.8 4.9082155e-07 2.0899583e-07
1353.6 5.0061332e-07 2.1407967e-07
1358.4 5.1054125e-07 2.1933448e-07
1363.2 5.2060451e-07 2.2478144e-07
1368.0 5.308022e-07 2.3046606e-07
1372.8 5.4113302e-07 2.3631419e-07
1377.6 5.515954e-07 2.4244746e-07
1382.4 5.6218764e-07 2.4881717e-07
1387.2 5.7290782e-07 2.5541764e-07
1392.0 5.8375391e-07 2.62248e-07
1396.8 5.9472325e-07 2.6925013e-07
1401.6 6.0581274e-07 2.7646866e-07
1406.4 6.1701867e-07 2.8389665e-07
1411.2 6.2833657e-07 2.9146613e-07
1416.0 6.3976186e-07 2.9922344e-07
1420.8 6.5128862e-07 3.071603e-07
1425.6 6.629132e-07 3.1522343e-07
1430.4 6.74632e-07 3.2344266e-07
1435.2 6.864395e-07 3.3181496e-07
1440.0 6.983292e-07 3.4027397e-07
1444.8 7.1029346e-07 3.488225e-07
1449.6 7.2232673e-07 3.5749138e-07
1454.4 7.3442168e-07 3.6624489e-07
1459.2 7.4657065e-07 3.75098e-07
1464.0 7.5876812e-07 3.8401184e-07
1468.8 7.7101001e-07 3.930002e-07
1473.6 7.8329222e-07 4.0203486e-07
1478.4 7.9561081e-07 4.1112187e-07
1483.2 8.0796223e-07 4.2026352e-07
1488.0 8.2034181e-07 4.2947758e-07
1492.8 8.3274389e-07 4.3872549e-07
1497.6 8.4516519e-07 4.4803674e-07
1502.4 8.576032e-07 4.5739161e-07
1507.2 8.7005515e-07 4.6678402e-07
1512.0 8.8251813e-07 4.7620824e-07
1516.8 8.9499012e-07 4.8566603e-07
1521.6 9.0746897e-07 4.9512674e-07
1526.4 9.1995597e-07 5.0461844e-07
1531.2 9.3245078e-07 5.141192e-07
1536.0 9.4495232e-07 5.2362696e-07
1540.8 9.5745599e-07 5.3316324e-07
1545.6 9.6995509e-07 5.4269052e-07
1550.4 9.8244242e-07 5.5222874e-07
1555.2 9.9491508e-07 5.6176069e-07
1560.0 1.0073741e-06 5.7127344e-07
1564.8 1.0198206e-06 5.8077501e-07
1569.6 1.0322548e-06 5.9026011e-07
1574.4 1.0446747e-06 5.9973768e-07
1579.2 1.0570791e-06 6.0917925e-07
1584.0 1.0694664e-06 6.1857086e-07
1588.8 1.0818358e-06 6.2793776e-07
1593.6 1.0941867e-06 6.3728447e-07
1598.4 1.1065189e-06 6.4660998e-07
1603.2 1.1188328e-06 6.559454e-07
1608.0 1.1311285e-06 6.6527494e-07
1612.8 1.1434071e-06 6.7460553e-07
1617.6 1.1556693e-06 6.8390019e-07
1622.4 1.1679148e-06 6.9319994e-07
1627.2 1.1801433e-06 7.0245843e-07
1632.0 1.1923547e-06 7.1168797e-07
1636.8 1.2045491e-06 7.2084148e-07
1641.6 1.2167251e-06 7.2996093e-07
1646.4 1.2288801e-06 7.3906482e-07
1651.2 1.241013e-06 7.4811944e-07
1656.0 1.2531224e-06 7.5714884e-07
1660.8 1.265207e-06 7.6612746e-07
1665.6 1.2772662e-06 7.7505004e-07
1670.4 1.2892991e-06 7.8391052e-07
1675.2 1.3013057e-06 7.9274997e-07
1680.0 1.3132874e-06 8.0153622e-07
1684.8 1.3252442e-06 8.1027757e-07
1689.6 1.3371754e-06 8.1901546e-07
1694.4 1.3490794e-06 8.2772036e-07
1699.2 1.3609552e-06 8.3640141e-07
1704.0 1.3728025e-06 8.450371e-07
1708.8 1.3846222e-06 8.5363687e-07
1713.6 1.3964153e-06 8.6216896e-07
1718.4 1.4081822e-06 8.7064093e-07
1723.2 1.4199237e-06 8.7908071e-07
1728.0 1.431641e-06 8.874837e-07
1732.8 1.4433351e-06 8.9583411e-07
1737.6 1.455007e-06 9.0416098e-07
1742.4 1.4666577e-06 9.1245876e-07
1747.2 1.4782884e-06 9.2074544e-07
1752.0 1.4899024e-06 9.2903553e-07
1756.8 1.5015031e-06 9.3729536e-07
1761.6 1.5130939e-06 9.4555073e-07
1766.4 1.5246782e-06 9.5380061e-07
1771.2 1.5362596e-06 9.6205618e-07
1776.0 1.547842e-06 9.7030496e-07
1780.8 1.5594303e-06 9.7858905e-07
1785.6 1.5710294e-06 9.868862e-07
1790.4 1.5826442e-06 9.9518496e-07
1795.2 1.5942799e-06 1.0035299e-06
1800.0 1.6059425e-06 1.0119031e-06
1804.8 1.6176385e-06 1.0203012e-06
1809.6 1.629375e-06 1.0287286e-06
1814.4 1.6411597e-06 1.0372254e-06
1819.2 1.653002e-06 1.0457896e-06
1824.0 1.6649118e-06 1.0544322e-06
1828.8 1.6768975e-06 1.0631639e-06
1833.6 1.6889706e-06 1.0719944e-06
1838.4 1.7011423e-06 1.0809225e-06
1843.2 1.7134217e-06 1.0899444e-06
1848.0 1.7258157e-06 1.0990606e-06
1852.8 1.7383338e-06 1.1082834e-06
1857.6 1.750994e-06 1.1176249e-06
1862.4 1.7638159e-06 1.1271406e-06
1867.2 1.7768277e-06 1.1368458e-06
1872.0 1.790058e-06 1.14676e-06
1876.8 1.8035456e-06 1.1569474e-06
1881.6 1.8173045e-06 1.1674055e-06
1886.4 1.8313245e-06 1.1781594e-06
1891.2 1.8455998e-06 1.1891654e-06
1896.0 1.8601379e-06 1.2004617e-06
1900.8 1.8749474e-06 1.2120441e-06
1905.6 1.8900335e-06 1.2238842e-06
1910.4 1.9054002e-06 1.2359806e-06
1915.2 1.9210591e-06 1.248364e-06
1920.0 1.9370468e-06 1.2611034e-06
1924.8 1.9534074e-06 1.274242e-06
1929.6 1.9701321e-06 1.2877452e-06
1934.4 1.9871582e-06 1.3015264e-06
1939.2 2.0044313e-06 1.3155501e-06
1944.0 2.0219666e-06 1.3298039e-06
1948.8 2.039794e-06 1.3443492e-06
1953.6 2.0579504e-06 1.3592033e-06
1958.4 2.0764431e-06 1.3743656e-06
1963.2 2.0952429e-06 1.3898431e-06
1968.0 2.1143014e-06 1.4055641e-06
1972.8 2.1335557e-06 1.4215005e-06
1977.6 2.1529295e-06 1.437558e-06
1982.4 2.1723527e-06 1.4536721e-06
1987.2 2.191785e-06 1.4697989e-06
1992.0 2.2111953e-06 1.4858899e-06
1996.8 2.2305421e-06 1.5019372e-06
2001.6 2.2497783e-06 1.5178398e-06
2006.4 2.2688759e-06 1.5335811e-06
2011.2 2.2878349e-06 1.5491656e-06
2016.0 2.3066686e-06 1.5646201e-06
2020.8 2.3253869e-06 1.5799173e-06
2025.6 2.343992e-06 1.5950679e-06
2030.4 2.3624801e-06 1.609991e-06
2035.2 2.3808435e-06 1.624759e-06
2040.0 2.3990758e-06 1.6394313e-06
2044.8 2.4171748e-06 1.6539859e-06
2049.6 2.4351514e-06 1.6683679e-06
2054.4 2.4530239e-06 1.6825841e-06
2059.2 2.4708179e-06 1.696716e-06
2064.0 2.4885643e-06 1.7107026e-06
2068.8 2.5063156e-06 1.7247491e-06
2073.6 2.5241502e-06 1.7388241e-06
2078.4 2.542127e-06 1.7529955e-06
2083.2 2.5602996e-06 1.7673637e-06
2088.0 2.5786675e-06 1.7819476e-06
2092.8 2.5972399e-06 1.7967445e-06
2097.6 2.6160054e-06 1.8116044e-06
2102.4 2.6349075e-06 1.8265751e-06
2107.2 2.6538764e-06 1.8415243e-06
2112.0 2.6728531e-06 1.8564228e-06
2116.8 2.6917893e-06 1.8711302e-06
2121.6 2.7106582e-06 1.8857149e-06
2126.4 2.7294629e-06 1.9001108e-06
2131.2 2.7481938e-06 1.914274e-06
2136.0 2.7668282e-06 1.9281895e-06
2140.8 2.7853499e-06 1.9418925e-06
2145.6 2.8037623e-06 1.9554635e-06
2150.4 2.8220764e-06 1.9689171e-06
2155.2 2.8403049e-06 1.9822439e-06
2160.0 2.8584557e-06 1.9955e-06
2164.8 2.8765357e-06 2.0086646e-06
2169.6 2.89456e-06 2.0217656e-06
2174.4 2.9125467e-06 2.03485e-06
2179.2 2.9305138e-06 2.048019e-06
2184.0 2.9484839e-06 2.0612622e-06
2188.8 2.966476e-06 2.0746105e-06
2193.6 2.984511e-06 2.088107e-06
2198.4 3.0026189e-06 2.1017343e-06
2203.2 3.0208372e-06 2.1154925e-06
2208.0 3.0392003e-06 2.1294628e-06
2212.8 3.057759e-06 2.1436587e-06
2217.6 3.0765677e-06 2.1580884e-06
2222.4 3.0956951e-06 2.1728343e-06
2227.2 3.1151932e-06 2.1880128e-06
2232.0 3.1351133e-06 2.2036852e-06
2236.8 3.1555297e-06 2.219999e-06
2241.6 3.1764865e-06 2.2369421e-06
2246.4 3.1979504e-06 2.2544786e-06
2251.2 3.2198479e-06 2.2725502e-06
2256.0 3.2421012e-06 2.2909573e-06
2260.8 3.2646876e-06 2.3096145e-06
2265.6 3.2875951e-06 2.3284441e-06
2270.4 3.3108199e-06 2.3476037e-06
2275.2 3.3343507e-06 2.3669271e-06
2280.0 3.3581724e-06 2.3862386e-06
2284.8 3.3822657e-06 2.4054939e-06
2289.6 3.4066127e-06 2.4248031e-06
2294.4 3.431206e-06 2.4439895e-06
2299.2 3.4560413e-06 2.4631484e-06
2304.0 3.481125e-06 2.4823275e-06
2308.8 3.506483e-06 2.5014716e-06
2313.6 3.5321544e-06 2.5207859e-06
2318.4 3.5581767e-06 2.540362e-06
2323.2 3.5845971e-06 2.5603454e-06
2328.0 3.6114824e-06 2.5808596e-06
2332.8 3.6389082e-06 2.6020092e-06
2337.6 3.6669322e-06 2.6238226e-06
2342.4 3.695658e-06 2.6464794e-06
2347.2 3.7253792e-06 2.6700815e-06
2352.0 3.7572795e-06 2.6961816e-06
2356.8 3.7938161e-06 2.7278247e-06
2361.6 3.837029e-06 2.7670019e-06
2366.4 3.89027e-06 2.8166498e-06
2371.2 3.9618889e-06 2.8852573e-06
2376.0 4.0581134e-06 2.9788882e-06
2380.8 4.1811484e-06 3.099839e-06
2385.6 4.333926e-06 3.2508321e-06
2390.4 4.5163692e-06 3.4315122e-06
2395.2 4.7268851e-06 3.6401474e-06
2400.0 4.9627599e-06 3.8741274e-06
2404.8 5.2229289e-06 4.1324409e-06
2409.6 5.5084887e-06 4.4161683e-06
2414.4 5.8192354e-06 4.7252232e-06
2419.2 6.1552866e-06 5.0594554e-06
2424.0 6.5214192e-06 5.4240164e-06
2428.8 6.9228072e-06 5.8240893e-06
2433.6 7.3596457e-06 6.2597639e-06
2438.4 7.829296e-06 6.7284906e-06
2443.2 8.3281548e-06 7.2265692e-06
2448.0 8.8505425e-06 7.7482488e-06
2452.8 9.3911258e-06 8.2882009e-06
2457.6 9.948166e-06 8.8447428e-06
2462.4 1.0520928e-05 9.4170638e-06
2467.2 1.1110443e-05 1.0006232e-05
2472.0 1.1716609e-05 1.0612102e-05
2476.8 1.2338231e-05 1.1233531e-05
2481.6 1.2976202e-05 1.1871315e-05
2486.4 1.3631606e-05 1.252662e-05
2491.2 1.4303434e-05 1.3198316e-05
2496.0 1.4990517e-05 1.3885306e-05
2500.8 1.5691518e-05 1.458626e-05
2505.6 1.6404871e-05 1.5299506e-05
2510.4 1.71291e-05 1.6023535e-05
2515.2 1.7864323e-05 1.6758618e-05
2520.0 1.8611651e-05 1.7505865e-05
2524.8 1.9372926e-05 1.8267057e-05
2529.6 2.0149159e-05 1.9043232e-05
2534.4 2.0940003e-05 1.983395e-05
2539.2 2.1743051e-05 2.0636788e-05
2544.0 2.2556469e-05 2.145e-05
2548.8 2.3378138e-05 2.2271455e-05
2553.6 2.4206822e-05 2.3100074e-05
2558.4 2.5041284e-05 2.3934465e-05
2563.2 2.5880452e-05 2.4773634e-05
2568.0 2.6723587e-05 2.5616769e-05
2572.8 2.7570205e-05 2.6463387e-05
2577.6 2.8419951e-05 2.7313133e-05
2582.4 2.9271619e-05 2.8164801e-05
2587.2 3.0123674e-05 2.9016856e-05
2592.0 3.0975169e-05 2.9868351e-05
2596.8 3.1825326e-05 3.0718508e-05
2601.6 3.267429e-05 3.1567471e-05
2606.4 3.3522197e-05 3.2415379e-05
2611.2 3.4369305e-05 3.3262487e-05
2616.0 3.5214908e-05 3.410809e-05
2620.8 3.6058966e-05 3.4952148e-05
2625.6 3.6901908e-05 3.579509e-05
2630.4 3.7743185e-05 3.6636367e-05
2635.2 3.8580955e-05 3.7474136e-05
2640.0 3.9413712e-05 3.8306894e-05
2644.8 4.0241958e-05 3.9135139e-05
2649.6 4.1067057e-05 3.9960239e-05
2654.4 4.1890585e-05 4.0783767e-05
2659.2 4.2713615e-05 4.1606797e-05
2664.0 4.3535961e-05 4.2429143e-05
2668.8 4.4357147e-05 4.3250328e-05
2673.6 4.5176658e-05 4.406984e-05
2678.4 4.599396e-05 4.4887141e-05
2683.2 4.6808588e-05 4.570177e-05
2688.0 4.7620154e-05 4.6513336e-05
2692.8 4.8428189e-05 4.7321371e-05
2697.6 4.9231803e-05 4.8124984e-05
2702.4 5.0030337e-05 4.8923519e-05
2707.2 5.0823813e-05 4.9716995e-05
2712.0 5.1612835e-05 5.0506017e-05
2716.8 5.23984e-05 5.1291582e-05
2721.6 5.3181601e-05 5.2074783e-05
2726.4 5.39631e-05 5.2856281e-05
2731.2 5.4742523e-05 5.3635705e-05
2736.0 5.5518906e-05 5.4412087e-05
2740.8 5.6291656e-05 5.5184838e-05
2745.6 5.7060512e-05 5.5953694e-05
2750.4 5.7825668e-05 5.671885e-05
2755.2 5.8587556e-05 5.7480738e-05
2760.0 5.9346755e-05 5.8239937e-05
2764.8 6.0103868e-05 5.8997049e-05
2769.6 6.0859072e-05 5.9752218e-05
2774.4 6.1612068e-05 6.050518e-05
2779.2 6.2362497e-05 6.1255575e-05
2784.0 6.3109909e-05 6.2002987e-05
2788.8 6.3853698e-05 6.2746776e-05
2793.6 6.4593373e-05 6.3486451e-05
2798.4 6.5328669e-05 6.4221747e-05
2803.2 6.6060103e-05 6.4952903e-05
2808.0 6.6789193e-05 6.5681722e-05
2812.8 6.7517913e-05 6.6410179e-05
2817.6 6.8249157e-05 6.7141027e-05
2822.4 6.8984269e-05 6.7875748e-05
2827.2 6.9723007e-05 6.8613902e-05
2832.0 7.0465623e-05 6.9355633e-05
2836.8 7.1214682e-05 7.0103309e-05
2841.6 7.1976306e-05 7.0862626e-05
2846.4 7.275513e-05 7.1638278e-05
2851.2 7.3552945e-05 7.2432486e-05
2856.0 7.4372798e-05 7.324832e-05
2860.8 7.5215018e-05 7.4085742e-05
2865.6 7.6078106e-05 7.4942981e-05
2870.4 7.6962014e-05 7.5819977e-05
2875.2 7.786754e-05 7.6717932e-05
2880.0 7.8794691e-05 7.7637072e-05
2884.8 7.9741234e-05 7.857462e-05
2889.6 8.070483e-05 7.9525363e-05
2894.4 8.1685042e-05 8.0484502e-05
2899.2 8.2683799e-05 8.1457358e-05
2904.0 8.3706528e-05 8.2445124e-05
2908.8 8.4756609e-05 8.3457857e-05
2913.6 8.5835142e-05 8.4493725e-05
2918.4 8.6944709e-05 8.5551467e-05
2923.2 8.8086435e-05 8.6623757e-05
2928.0 8.9259214e-05 8.7694675e-05
2932.8 9.0460466e-05 8.8779965e-05
2937.6 9.1693316e-05 8.9891867e-05
2942.4 9.2962913e-05 9.103297e-05
2947.2 9.4271816e-05 9.22103e-05
2952.0 9.5619215e-05 9.342264e-05
2956.8 9.7004786e-05 9.4668314e-05
2961.6 9.8429491e-05 9.5950826e-05
2966.4 9.989782e-05 9.7275594e-05
2971.2 0.00010141531 9.8646792e-05
2976.0 0.00010298312 0.00010006794
2980.8 0.00010459379 0.00010153313
2985.6 0.00010623942 0.00010303308
2990.4 0.00010791137 0.00010455594
2995.2 0.00010960515 0.00010609519
3000.0 0.00011131999 0.00010765351
3004.8 0.00011305645 0.00010923234
3009.6 0.00011481357 0.00011082816
3014.4 0.00011658971 0.00011243955
3019.2 0.00011838584 0.00011406817
3024.0 0.00012020275 0.00011571165
3028.8 0.0001220377 0.00011736715
3033.6 0.00012388681 0.00011903848
3038.4 0.00012574756 0.00012072158
3043.2 0.000127619 0.00012241678
3048.0 0.00012950157 0.00012412431
3052.8 0.00013139487 0.0001258392
3057.6 0.00013329756 0.00012756425
3062.4 0.00013520757 0.00012929711
3067.2 0.00013712223 0.00013103115
3072.0 0.00013903869 0.0001327614
3076.8 0.00014095384 0.0001344846
3081.6 0.00014286586 0.00013620513
3086.4 0.00014477441 0.00013792254
3091.2 0.00014667943 0.00013962875
3096.0 0.00014858084 0.00014133548
3100.8 0.0001504781 0.00014303351
3105.6 0.00015237004 0.00014472365
3110.4 0.00015425647 0.00014640753
3115.2 0.00015613623 0.00014807618
3120.0 0.00015800901 0.00014973112
3124.8 0.00015987511 0.00015137248
3129.6 0.00016173435 0.00015300198
3134.4 0.00016358712 0.00015462118
3139.2 0.0001654338 0.00015622999
3144.0 0.00016727504 0.00015783075
3148.8 0.0001691119 0.00015941544
3153.6 0.00017094542 0.00016099162
3158.4 0.0001727759 0.00016255454
3163.2 0.00017460319 0.00016409989
3168.0 0.00017642703 0.00016563699
3172.8 0.00017824696 0.00016715937
3177.6 0.00018006245 0.0001686605
3182.4 0.00018187321 0.00017014624
3187.2 0.0001836792 0.00017161554
3192.0 0.00018548051 0.00017305709
3196.8 0.00018727846 0.00017448276
3201.6 0.00018907482 0.00017588745
3206.4 0.00019087216 0.00017727437
3211.2 0.00019267352 0.00017863645
3216.0 0.00019448174 0.00017997765
3220.8 0.00019629733 0.00018128658
3225.6 0.00019812076 0.00018255787
3230.4 0.00019995217 0.00018379763
3235.2 0.00020179173 0.00018499873
3240.0 0.00020364046 0.00018615886
3244.8 0.00020549921 0.00018725087
3249.6 0.00020736953 0.000188308
3254.4 0.00020925304 0.00018934629
3259.2 0.00021115094 0.00019034763
3264.0 0.00021306199 0.00019131779
3268.8 0.00021498436 0.00019223772
3273.6 0.00021691745 0.00019314701
3278.4 0.00021886145 0.0001940341
3283.2 0.00022081801 0.00019491645
3288.0 0.00022278895 0.00019577808
3292.8 0.00022477507 0.00019663508
3297.6 0.00022677592 0.00019749318
3302.4 0.00022878934 0.00019836268
3307.2 0.00023081544 0.00019920383
3312.0 0.00023285718 0.00020005325
3316.8 0.00023491849 0.00020091345
3321.6 0.00023700122 0.00020179303
3326.4 0.00023910671 0.00020267911
3331.2 0.00024123542 0.00020357064
3336.0 0.0002433906 0.00020449076
3340.8 0.00024557274 0.00020543377
3345.6 0.0002477763 0.00020638273
3350.4 0.00024999788 0.0002073459
3355.2 0.00025223583 0.00020830581
3360.0 0.0002544893 0.00020928125
3364.8 0.00025675855 0.00021027262
3369.6 0.00025904492 0.00021128649
3374.4 0.00026134656 0.00021231378
3379.2 0.00026366025 0.00021335581
3384.0 0.0002659868 0.00021439742
3388.8 0.00026832443 0.00021545225
3393.6 0.00027066892 0.00021651632
3398.4 0.00027302316 0.00021759519
3403.2 0.0002753933 0.00021869038
3408.0 0.00027778048 0.00021980441
3412.8 0.00028018163 0.00022094008
3417.6 0.00028259324 0.00022208336
3422.4 0.00028501034 0.00022323562
3427.2 0.00028743201 0.00022439529
3432.0 0.00028986283 0.00022556798
3436.8 0.00029231096 0.00022676619
3441.6 0.00029478356 0.00022798926
3446.4 0.0002972804 0.00022924865
3451.2 0.00029979739 0.00023052181
3456.0 0.00030233522 0.00023182009
3460.8 0.00030490002 0.0002331547
3465.6 0.00030748839 0.00023451369
3470.4 0.00031009221 0.00023588308
3475.2 0.00031270837 0.00023727884
3480.0 0.00031533609 0.00023869948
3484.8 0.00031797388 0.00024013977
3489.6 0.00032062145 0.00024160601
3494.4 0.00032327956 0.00024308738
3499.2 0.00032594848 0.00024459268
3504.0 0.00032862982 0.00024612025
3508.8 0.00033132663 0.00024765371
3513.6 0.0003340414 0.00024922142
3518.4 0.00033677511 0.00025081301
3523.2 0.0003395263 0.00025242747
3528.0 0.0003422912 0.00025406916
3532.8 0.00034506735 0.00025572885
3537.6 0.00034785522 0.00025738724
3542.4 0.00035065444 0.00025907352
3547.2 0.00035346256 0.00026078381
3552.0 0.000356277 0.00026250679
3556.8 0.00035909611 0.00026424665
3561.6 0.00036191797 0.00026599209
3566.4 0.00036473949 0.00026772556
3571.2 0.00036755848 0.00026944312
3576.0 0.00037037561 0.00027115408
3580.8 0.00037319331 0.00027286082
3585.6 0.00037601332 0.00027455803
3590.4 0.00037883624 0.00027626548
3595.2 0.0003816619 0.00027795895
3600.0 0.00038448964 0.00027961831
3604.8 0.0003873178 0.00028125095
3609.6 0.00039014538 0.00028285429
3614.4 0.00039297301 0.00028440902
3619.2 0.00039580143 0.00028591217
3624.0 0.00039863158 0.00028737427
3628.8 0.00040146307 0.00028879355
3633.6 0.00040429428 0.00029011784
3638.4 0.00040712453 0.00029132119
3643.2 0.00040995404 0.00029245002
3648.0 0.00041278259 0.00029347226
3652.8 0.00041561029 0.0002944227
3657.6 0.00041843732 0.00029531271
3662.4 0.00042126422 0.00029613888
3667.2 0.00042409135 0.00029689159
3672.0 0.00042691932 0.00029754385
3676.8 0.00042974901 0.00029814825
3681.6 0.0004325802 0.00029870833
3686.4 0.00043541222 0.00029920815
3691.2 0.00043824509 0.00029966955
3696.0 0.00044107801 0.00030009583
3700.8 0.00044390986 0.00030048572
3705.6 0.00044673854 0.00030085247
3710.4 0.00044956208 0.00030119062
3715.2 0.00045237987 0.00030150801
3720.0 0.00045519174 0.00030179071
3724.8 0.00045799629 0.00030206578
3729.6 0.00046079143 0.00030232554
3734.4 0.00046357631 0.00030256641
3739.2 0.00046635112 0.00030279135
3744.0 0.00046911685 0.00030300279
3748.8 0.00047187335 0.00030320089
3753.6 0.00047461925 0.00030338678
3758.4 0.000477353 0.00030356283
3763.2 0.00048007403 0.00030373244
3768.0 0.00048278233 0.0003038896
3772.8 0.00048547798 0.00030403675
3777.6 0.00048816107 0.00030417767
3782.4 0.00049083224 0.00030431337
3787.2 0.00049349159 0.00030444365
3792.0 0.00049613947 0.0003045673
3796.8 0.00049877663 0.00030468377
3801.6 0.00050140359 0.00030479693
3806.4 0.00050402027 0.00030491098
3811.2 0.00050662731 0.00030502319
3816.0 0.00050922619 0.00030513159
3820.8 0.00051181855 0.00030523377
3825.6 0.00051440572 0.00030533458
3830.4 0.00051698828 0.00030543409
3835.2 0.00051956594 0.000305532
3840.0 0.0005221384 0.00030562902
3844.8 0.0005247048 0.00030572531
3849.6 0.0005272639 0.00030582111
3854.4 0.00052981364 0.00030591664
3859.2 0.00053235382 0.0003060109
3864.0 0.00053488291 0.00030610543
3868.8 0.00053739999 0.00030619944
3873.6 0.00053990425 0.00030629234
3878.4 0.00054239448 0.00030638573
3883.2 0.00054486982 0.00030647868
3888.0 0.0005473299 0.00030656916
3892.8 0.00054977448 0.00030665674
3897.6 0.0005522039 0.00030674222
3902.4 0.0005546192 0.00030682424
3907.2 0.00055702156 0.00030690484
3912.0 0.00055941141 0.00030698285
3916.8 0.00056178923 0.00030705695
3921.6 0.00056415603 0.00030712891
3926.4 0.00056651349 0.00030719967
3931.2 0.00056886272 0.00030726813
3936.0 0.00057120436 0.00030733625
3940.8 0.00057353948 0.00030740396
3945.6 0.00057586847 0.00030747158
3950.4 0.00057818976 0.00030753981
3955.2 0.00058050155 0.00030760599
3960.0 0.00058280256 0.0003076708
3964.8 0.00058509282 0.00030773447
3969.6 0.00058737232 0.00030779899
3974.4 0.00058964068 0.0003078637
3979.2 0.00059189731 0.00030792928
3984.0 0.00059414123 0.00030799477
3988.8 0.00059637242 0.00030805887
3993.6 0.00059859083 0.00030812355
3998.4 0.00060079703 0.00030818972
4003.2 0.00060299109 0.00030825534
4008.0 0.00060517296 0.00030832147
4012.8 0.00060734192 0.00030838755
4017.6 0.00060949672 0.00030845358
4022.4 0.00061163595 0.00030851969
4027.2 0.00061375708 0.00030858625
4032.0 0.00061586008 0.00030865107
4036.8 0.00061794498 0.00030871514
4041.6 0.00062001274 0.00030877934
4046.4 0.00062206452 0.0003088416
4051.2 0.00062410152 0.0003089049
4056.0 0.0006261248 0.00030896722
4060.8 0.00062813504 0.00030902856
4065.6 0.00063013305 0.00030909039
4070.4 0.00063211936 0.00030915194
4075.2 0.00063409461 0.00030921423
4080.0 0.00063605841 0.00030927509
4084.8 0.00063800986 0.00030933586
4089.6 0.00063994837 0.00030939668
4094.4 0.00064187386 0.00030945743
4099.2 0.00064378697 0.00030951612
4104.0 0.00064568824 0.00030957364
4108.8 0.00064757804 0.00030963137
4113.6 0.00064945659 0.00030968876
4118.4 0.00065132398 0.00030974713
4123.2 0.00065318023 0.00030980526
4128.0 0.00065502539 0.00030986266
4132.8 0.00065685944 0.0003099181
4137.6 0.00065868243 0.00030997305
4142.4 0.00066049438 0.0003100264
4147.2 0.00066229537 0.00031007938
4152.0 0.00066408528 0.0003101313
4156.8 0.0006658629 0.00031018261
4161.6 0.00066762885 0.00031023361
4166.4 0.00066938333 0.00031028397
4171.2 0.00067112665 0.00031033633
4176.0 0.00067285922 0.00031038844
4180.8 0.00067458149 0.00031043829
4185.6 0.00067629379 0.00031048556
4190.4 0.00067799619 0.00031052954
4195.2 0.00067968886 0.00031057145
4200.0 0.0006813721 0.00031061286
4204.8 0.00068304583 0.000310653
4209.6 0.00068470955 0.00031069205
4214.4 0.00068636268 0.00031073062
4219.2 0.00068800456 0.00031076788
4224.0 0.00068963481 0.00031080343
4228.8 0.00069125354 0.00031083478
4233.6 0.00069286104 0.00031086471
4238.4 0.00069445757 0.00031089373
4243.2 0.00069604385 0.00031092124
4248.0 0.00069762 0.00031094741
4252.8 0.00069918626 0.00031097311
4257.6 0.00070074279 0.00031099692
4262.4 0.0007022896 0.00031102017
4267.2 0.00070382648 0.00031104239
4272.0 0.00070535303 0.00031106377
4276.8 0.00070686892 0.00031108524
4281.6 0.00070837407 0.00031110741
4286.4 0.00070986837 0.0003111292
4291.2 0.00071135161 0.00031114911
4296.0 0.00071282321 0.000311169
4300.8 0.00071428301 0.00031118951
4305.6 0.00071573092 0.00031120966
4310.4 0.00071716716 0.00031122962
4315.2 0.00071859198 0.00031124937
4320.0 0.00072000582 0.00031126861
4324.8 0.00072140924 0.00031128678
4329.6 0.00072280263 0.000311305
4334.4 0.00072418652 0.00031132346
4339.2 0.00072556098 0.00031134192
4344.0 0.0007269258 0.00031136015
4348.8 0.00072828072 0.00031137932
4353.6 0.00072962569 0.0003113986
4358.4 0.00073096064 0.00031141711
4363.2 0.00073228549 0.00031143573
4368.0 0.00073360023 0.00031145457
4372.8 0.00073490487 0.00031147338
4377.6 0.00073619943 0.00031149308
4382.4 0.00073748407 0.00031151179
4387.2 0.000738759 0.00031153012
4392.0 0.00074002435 0.00031154828
4396.8 0.00074128022 0.00031156634
4401.6 0.00074252668 0.0003115845
4406.4 0.00074376373 0.00031160323
4411.2 0.00074499121 0.00031161927
4416.0 0.00074620908 0.00031163399
4420.8 0.00074741727 0.00031164895
4425.6 0.00074861604 0.00031166191
4430.4 0.00074980551 0.00031167438
4435.2 0.00075098587 0.00031168592
4440.0 0.00075215753 0.00031169666
4444.8 0.00075332102 0.0003117065
4449.6 0.00075447695 0.00031171571
4454.4 0.00075562607 0.00031172375
4459.2 0.00075676907 0.00031173158
4464.0 0.00075790646 0.00031173913
4468.8 0.0007590386 0.00031174665
4473.6 0.00076016564 0.00031175422
4478.4 0.0007612875 0.00031176204
4483.2 0.00076240421 0.00031176979
4488.0 0.00076351568 0.00031177711
4492.8 0.00076462175 0.00031178442
4497.6 0.0007657219 0.00031179095
4502.4 0.00076681603 0.00031179711
4507.2 0.00076790405 0.00031180252
4512.0 0.00076898618 0.00031180822
4516.8 0.00077006296 0.00031181368
4521.6 0.00077113515 0.00031181911
4526.4 0.00077220336 0.00031182441
4531.2 0.00077326804 0.00031182986
4536.0 0.00077432917 0.00031183545
4540.8 0.00077538671 0.00031184091
4545.6 0.00077644043 0.00031184669
4550.4 0.0007774901 0.00031185321
4555.2 0.00077853512 0.00031186005
4560.0 0.00077957485 0.00031186685
4564.8 0.00078060859 0.00031187404
4569.6 0.00078163603 0.00031188134
4574.4 0.00078265698 0.00031188841
4579.2 0.00078367146 0.00031189556
4584.0 0.00078467938 0.00031190313
4588.8 0.00078568041 0.00031191124
4593.6 0.00078667431 0.00031191915
4598.4 0.00078766101 0.00031192729
4603.2 0.00078864044 0.00031193535
4608.0 0.00078961291 0.00031194349
4612.8 0.00079057886 0.00031195171
4617.6 0.00079153845 0.00031195991
4622.4 0.00079249173 0.00031196781
4627.2 0.00079343852 0.00031197564
4632.0 0.00079437865 0.00031198406
4636.8 0.00079531251 0.00031199239
4641.6 0.00079624074 0.00031200071
4646.4 0.00079716408 0.00031200884
4651.2 0.00079808339 0.00031201765
4656.0 0.00079899938 0.00031202643
4660.8 0.00079991224 0.00031203517
4665.6 0.00080082213 0.00031204405
4670.4 0.00080172902 0.00031205232
4675.2 0.00080263276 0.00031206064
4680.0 0.00080353327 0.00031206914
4684.8 0.00080443052 0.00031207798
4689.6 0.0008053246 0.00031208678
4694.4 0.00080621578 0.00031209503
4699.2 0.00080710443 0.00031210308
4704.0 0.00080799078 0.00031211148
4708.8 0.00080887492 0.00031211996
4713.6 0.00080975698 0.00031212851
4718.4 0.00081063718 0.00031213716
4723.2 0.00081151531 0.0003121455
4728.0 0.00081239094 0.00031215323
4732.8 0.00081326376 0.00031216124
4737.6 0.00081413365 0.00031216877
4742.4 0.00081500093 0.00031217604
4747.2 0.00081586617 0.00031218369
4752.0 0.00081672973 0.00031219131
4756.8 0.00081759228 0.00031219851
4761.6 0.00081845437 0.00031220505
4766.4 0.00081931627 0.00031221115
4771.2 0.0008201781 0.00031221693
4776.0 0.00082103981 0.00031222268
4780.8 0.00082190142 0.00031222748
4785.6 0.00082276311 0.00031223236
4790.4 0.00082362514 0.00031223707
4795.2 0.00082448797 0.00031224178
4800.0 0.00082535225 0.00031224644
4804.8 0.00082621861 0.0003122511
4809.6 0.00082708717 0.00031225558
4814.4 0.00082795808 0.00031225937
4819.2 0.00082883118 0.00031226301
4824.0 0.00082970598 0.0003122663
4828.8 0.00083058215 0.00031226966
4833.6 0.00083145984 0.00031227286
4838.4 0.00083233937 0.0003122758
4843.2 0.00083322119 0.00031227852
4848.0 0.00083410616 0.00031228118
4852.8 0.00083499487 0.00031228374
4857.6 0.00083588804 0.00031228596
4862.4 0.0008367865 0.00031228797
4867.2 0.00083769133 0.00031228927
4872.0 0.0008386036 0.00031229059
4876.8 0.00083952493 0.00031229176
4881.6 0.00084045754 0.00031229292
4886.4 0.00084140294 0.00031229393
4891.2 0.00084236166 0.00031229494
4896.0 0.00084333426 0.00031229592
4900.8 0.00084432152 0.00031229689
4905.6 0.00084532544 0.00031229783
4910.4 0.00084634848 0.00031229869
4915.2 0.00084739198 0.00031229942
4920.0 0.00084845492 0.00031230014
4924.8 0.00084953625 0.0003123045
4929.6 0.00085063485 0.00031230953
4934.4 0.00085174843 0.00031231485
4939.2 0.00085287416 0.00031232034
4944.0 0.00085400928 0.00031232589
4948.8 0.00085515197 0.00031233164
4953.6 0.00085630096 0.00031234017
4958.4 0.00085745455 0.00031234879
4963.2 0.00085861047 0.00031236005
4968.0 0.00085976658 0.00031237702
4972.8 0.00086092221 0.00031238566
4977.6 0.00086207656 0.00031239426
4982.4 0.00086322958 0.0003124028
4987.2 0.00086438192 0.00031240802
4992.0 0.00086553448 0.00031241323
4996.8 0.00086668728 0.00031241843
5001.6 0.00086783974 0.00031242366
5006.4 0.0008689913 0.00031242892
5011.2 0.00087014129 0.00031243423
5016.0 0.00087128933 0.00031243964
5020.8 0.00087243573 0.00031243964
5025.6 0.00087358056 0.00031243964
5030.4 0.00087472411 0.00031243964
5035.2 0.00087586665 0.00031243964
5040.0 0.00087700855 0.00031243964
5044.8 0.00087815039 0.00031243964
5049.6 0.00087929296 0.00031243964
5054.4 0.00088043725 0.00031243964
5059.2 0.00088158378 0.00031243964
5064.0 0.00088273324 0.00031243964
5068.8 0.00088388625 0.00031243964
5073.6 0.00088504348 0.00031243964
5078.4 0.00088620615 0.00031243964
5083.2 0.00088737516 0.00031243964
5088.0 0.00088855151 0.00031243964
5092.8 0.0008897356 0.00031243964
5097.6 0.0008909273 0.00031243964
5102.4 0.00089212617 0.00031243964
5107.2 0.00089333138 0.00031243964
5112.0 0.00089454239 0.00031243964
5116.8 0.00089575842 0.00031243964
5121.6 0.00089697898 0.00031243964
5126.4 0.00089820309 0.00031243964
5131.2 0.00089943065 0.00031243964
5136.0 0.00090066221 0.00031243964
5140.8 0.00090189869 0.00031243964
5145.6 0.00090313957 0.00031243964
5150.4 0.00090438587 0.00031243964
5155.2 0.00090563691 0.00031243964
5160.0 0.0009068921 0.00031243964
5164.8 0.0009081512 0.00031243964
5169.6 0.0009094142 0.00031243964
5174.4 0.00091068153 0.00031243964
5179.2 0.00091195397 0.00031243964
5184.0 0.00091323277 0.00031243964
5188.8 0.00091451839 0.00031243964
5193.6 0.00091581248 0.00031243964
5198.4 0.00091711543 0.00031243964
5203.2 0.00091842752 0.00031243964
5208.0 0.00091974945 0.00031243964
5212.8 0.00092108178 0.00031243964
5217.6 0.00092242497 0.00031243964
5222.4 0.0009237797 0.00031243964
5227.2 0.00092514707 0.00031243964
5232.0 0.00092652828 0.00031243964
5236.8 0.00092792456 0.00031243964
5241.6 0.00092933667 0.00031243964
5246.4 0.00093076563 0.00031243964
5251.2 0.00093221252 0.00031243964
5256.0 0.0009336775 0.00031243964
5260.8 0.00093515949 0.00031243964
5265.6 0.00093665706 0.00031243964
5270.4 0.00093816839 0.00031243964
5275.2 0.00093969185 0.00031243964
5280.0 0.00094122527 0.00031243964
5284.8 0.00094276644 0.00031243964
5289.6 0.00094431314 0.00031243964
5294.4 0.00094586377 0.00031243964
5299.2 0.00094741629 0.00031243964
5304.0 0.0009489693 0.00031243964
5308.8 0.00095052188 0.00031243964
5313.6 0.00095207346 0.00031243964
5318.4 0.00095362348 0.00031243964
5323.2 0.00095517158 0.00031243964
5328.0 0.00095671658 0.00031243964
5332.8 0.00095825808 0.00031243964
5337.6 0.00095979525 0.00031243964
5342.4 0.00096132735 0.00031243964
5347.2 0.00096285346 0.00031243964
5352.0 0.00096437313 0.00031243964
5356.8 0.00096588595 0.00031243964
5361.6 0.00096739156 0.00031243964
5366.4 0.00096888975 0.00031243964
5371.2 0.00097038002 0.00031243964
5376.0 0.00097186198 0.00031243964
5380.8 0.00097333544 0.00031243964
5385.6 0.00097480042 0.00031243964
5390.4 0.00097625678 0.00031243964
5395.2 0.0009777043 0.00031243964
5400.0 0.00097914293 0.00031243964
5404.8 0.00098057243 0.00031243964
5409.6 0.00098199277 0.00031243964
5414.4 0.00098340394 0.00031243964
5419.2 0.00098480602 0.00031243964
5424.0 0.00098619911 0.00031243964
5428.8 0.0009875834 0.00031243964
5433.6 0.00098895897 0.00031243964
5438.4 0.0009903259 0.00031243964
5443.2 0.00099168412 0.00031243964
5448.0 0.00099303344 0.00031243964
5452.8 0.00099437362 0.00031243964
5457.6 0.00099570435 0.00031243964
5462.4 0.0009970253 0.00031243964
5467.2 0.00099833615 0.00031243964
5472.0 0.00099963675 0.00031243964
5476.8 0.0010009271 0.00031243964
5481.6 0.001002207 0.00031243964
5486.4 0.0010034766 0.00031243964
5491.2 0.0010047355 0.00031243964
5496.0 0.0010059839 0.00031243964
5500.8 0.0010072219 0.00031243965
5505.6 0.0010084495 0.00031243971
5510.4 0.001009667 0.00031243978
5515.2 0.0010108744 0.00031243988
5520.0 0.0010120718 0.00031244002
5524.8 0.0010132593 0.00031244026
5529.6 0.0010144367 0.00031244059
5534.4 0.0010156041 0.00031244099
5539.2 0.0010167616 0.00031244145
5544.0 0.0010179093 0.00031244207
5548.8 0.0010190472 0.00031244278
5553.6 0.0010201754 0.0003124436
5558.4 0.0010212938 0.00031244447
5563.2 0.0010224026 0.0003124455
5568.0 0.0010235016 0.0003124466
5572.8 0.001024591 0.00031244781
5577.6 0.0010256714 0.00031244909
5582.4 0.0010267421 0.00031245046
5587.2 0.0010278032 0.00031245189
5592.0 0.0010288547 0.00031245346
5596.8 0.0010298965 0.00031245504
5601.6 0.0010309288 0.0003124567
5606.4 0.0010319517 0.00031245842
5611.2 0.0010329652 0.00031246018
5616.0 0.0010339697 0.00031246225
5620.8 0.0010349657 0.00031246444
5625.6 0.0010359534 0.00031246683
5630.4 0.001036933 0.0003124693
5635.2 0.001037905 0.00031247188
5640.0 0.0010388695 0.00031247455
5644.8 0.0010398267 0.0003124772
5649.6 0.0010407767 0.00031248002
5654.4 0.0010417195 0.00031248285
5659.2 0.0010426549 0.00031248569
5664.0 0.0010435825 0.00031248864
5668.8 0.0010445023 0.00031249156
5673.6 0.0010454143 0.00031249457
5678.4 0.001046319 0.0003124976
5683.2 0.0010472167 0.00031250068
5688.0 0.0010481075 0.00031250373
5692.8 0.0010489917 0.00031250679
5697.6 0.0010498691 0.0003125098
5702.4 0.0010507393 0.00031251281
5707.2 0.0010516022 0.00031251561
5712.0 0.0010524575 0.00031251832
5716.8 0.0010533053 0.00031252086
5721.6 0.0010541454 0.00031252318
5726.4 0.0010549779 0.00031252545
5731.2 0.0010558031 0.00031252757
5736.0 0.001056621 0.00031252953
5740.8 0.0010574319 0.0003125314
5745.6 0.001058236 0.0003125331
5750.4 0.0010590334 0.00031253461
5755.2 0.0010598241 0.0003125359
5760.0 0.0010606079 0.00031253713
5764.8 0.0010613849 0.00031253825
5769.6 0.0010621549 0.00031253926
5774.4 0.0010629178 0.00031254026
5779.2 0.0010636736 0.00031254125
5784.0 0.0010644219 0.00031254217
5788.8 0.0010651627 0.00031254302
5793.6 0.0010658958 0.00031254379
5798.4 0.0010666215 0.00031254439
5803.2 0.0010673399 0.00031254499
5808.0 0.0010680514 0.00031254548
5812.8 0.0010687567 0.00031254596
5817.6 0.0010694561 0.00031254641
5822.4 0.0010701498 0.00031254682
5827.2 0.0010708381 0.0003125472
5832.0 0.0010715206 0.00031254756
5836.8 0.0010721973 0.00031254791
5841.6 0.0010728683 0.00031254824
5846.4 0.0010735329 0.00031254849
5851.2 0.0010741911 0.00031254872
5856.0 0.0010748431 0.00031254884
5860.8 0.0010754893 0.00031254894
5865.6 0.0010761298 0.00031254905
5870.4 0.0010767649 0.00031254915
5875.2 0.0010773947 0.00031254923
5880.0 0.0010780192 0.00031254932
5884.8 0.0010786387 0.0003125494
5889.6 0.0010792528 0.00031254946
5894.4 0.0010798615 0.00031254949
5899.2 0.0010804645 0.00031254949
5904.0 0.0010810618 0.00031254949
5908.8 0.0010816534 0.00031254949
5913.6 0.0010822394 0.00031254949
5918.4 0.0010828199 0.00031254949
5923.2 0.0010833952 0.00031254949
5928.0 0.0010839652 0.00031254949
5932.8 0.0010845297 0.00031254949
5937.6 0.0010850888 0.00031254949
5942.4 0.0010856424 0.00031254949
5947.2 0.0010861901 0.00031254949
5952.0 0.001086732 0.00031254949
5956.8 0.001087268 0.00031254949
5961.6 0.001087798 0.00031254949
5966.4 0.0010883223 0.00031254949
5971.2 0.0010888407 0.00031254949
5976.0 0.0010893539 0.00031254949
5980.8 0.0010898618 0.00031254949
5985.6 0.0010903647 0.00031254949
5990.4 0.0010908627 0.00031254949
5995.2 0.0010913557 0.00031254949
6000.0 0.001091844 0.00031254949
6004.8 0.0010923275 0.00031254949
6009.6 0.0010928062 0.00031254949
6014.4 0.0010932807 0.00031254949
6019.2 0.0010937503 0.00031254949
6024.0 0.0010942152 0.00031254949
6028.8 0.0010946752 0.00031254949
6033.6 0.0010951303 0.00031254949
6038.4 0.0010955807 0.00031254949
6043.2 0.0010960262 0.00031254949
6048.0 0.0010964671 0.00031254949
6052.8 0.0010969033 0.00031254949
6057.6 0.0010973349 0.00031254949
6062.4 0.001097762 0.00031254949
6067.2 0.0010981846 0.00031254949
6072.0 0.0010986028 0.00031254949
6076.8 0.0010990166 0.00031254949
6081.6 0.0010994263 0.00031254949
6086.4 0.0010998318 0.00031254949
6091.2 0.0011002332 0.00031254949
6096.0 0.0011006306 0.00031254949
6100.8 0.0011010241 0.00031254949
6105.6 0.0011014137 0.00031254949
6110.4 0.0011017995 0.00031254949
6115.2 0.0011021817 0.00031254949
6120.0 0.0011025604 0.00031254949
6124.8 0.0011029357 0.00031254949
6129.6 0.0011033076 0.00031254949
6134.4 0.0011036764 0.00031254949
6139.2 0.0011040419 0.00031254949
6144.0 0.0011044044 0.00031254949
6148.8 0.0011047637 0.00031254949
6153.6 0.0011051197 0.00031254949
6158.4 0.0011054724 0.00031254949
6163.2 0.0011058216 0.00031254949
6168.0 0.0011061672 0.00031254949
6172.8 0.0011065094 0.00031254949
6177.6 0.0011068482 0.00031254949
6182.4 0.0011071841 0.00031254949
6187.2 0.0011075172 0.00031254949
6192.0 0.001107848 0.00031254949
6196.8 0.0011081767 0.00031254949
6201.6 0.0011085035 0.00031254949
6206.4 0.0011088286 0.00031254949
6211.2 0.001109152 0.00031254949
6216.0 0.0011094738 0.00031254949
6220.8 0.0011097941 0.00031254949
6225.6 0.0011101129 0.00031254949
6230.4 0.0011104307 0.00031254949
6235.2 0.001110748 0.00031254949
6240.0 0.0011110656 0.00031254949
6244.8 0.0011113845 0.00031254949
6249.6 0.0011117059 0.00031254949
6254.4 0.0011120311 0.00031254949
6259.2 0.0011123611 0.00031254949
6264.0 0.0011126966 0.00031254949
6268.8 0.0011130365 0.00031254949
6273.6 0.0011133814 0.00031254949
6278.4 0.0011137305 0.00031254949
6283.2 0.0011140831 0.00031254949
6288.0 0.0011144385 0.00031254949
6292.8 0.0011147965 0.00031254949
6297.6 0.0011151574 0.00031254949
6302.4 0.0011155218 0.00031254949
6307.2 0.0011158911 0.00031254949
6312.0 0.0011162669 0.00031254949
6316.8 0.0011166516 0.00031254949
6321.6 0.0011170468 0.00031254949
6326.4 0.0011174536 0.00031254949
6331.2 0.0011178721 0.00031254949
6336.0 0.0011183025 0.00031254949
6340.8 0.0011187444 0.00031254949
6345.6 0.0011191972 0.00031254949
6350.4 0.0011196602 0.00031254949
6355.2 0.0011201332 0.00031254949
6360.0 0.0011206151 0.00031254949
6364.8 0.0011211051 0.00031254949
6369.6 0.0011216022 0.00031254949
6374.4 0.0011221058 0.00031254949
6379.2 0.0011226154 0.00031254949
6384.0 0.0011231312 0.00031254949
6388.8 0.0011236534 0.00031254949
6393.6 0.0011241824 0.00031254949
6398.4 0.0011247191 0.00031254949
6403.2 0.0011252646 0.00031254949
6408.0 0.0011258202 0.00031254949
6412.8 0.001126387 0.00031254949
6417.6 0.0011269654 0.00031254949
6422.4 0.001127556 0.00031254949
6427.2 0.0011281599 0.00031254949
6432.0 0.0011287784 0.00031254949
6436.8 0.0011294129 0.00031254949
6441.6 0.0011300667 0.00031254949
6446.4 0.0011307406 0.00031254949
6451.2 0.0011314367 0.00031254949
6456.0 0.0011321562 0.00031254949
6460.8 0.0011329002 0.00031254949
6465.6 0.0011336685 0.00031254949
6470.4 0.0011344598 0.00031254949
6475.2 0.0011352725 0.00031254949
6480.0 0.0011361056 0.00031254949
6484.8 0.001136958 0.00031254949
6489.6 0.0011378289 0.00031254949
6494.4 0.0011387178 0.00031254949
6499.2 0.0011396235 0.00031254949
6504.0 0.0011405454 0.00031254949
6508.8 0.0011414822 0.00031254949
6513.6 0.0011424329 0.00031254949
6518.4 0.0011433958 0.00031254949
6523.2 0.0011443691 0.00031254949
6528.0 0.0011453508 0.00031254949
6532.8 0.0011463389 0.00031254949
6537.6 0.0011473319 0.00031254949
6542.4 0.0011483282 0.00031254949
6547.2 0.0011493267 0.00031254949
6552.0 0.0011503266 0.00031254949
6556.8 0.0011513276 0.00031254949
6561.6 0.0011523287 0.00031254949
6566.4 0.0011533296 0.00031254949
6571.2 0.0011543298 0.00031254949
6576.0 0.0011553295 0.00031254949
6580.8 0.0011563282 0.00031254949
6585.6 0.0011573254 0.00031254949
6590.4 0.001158321 0.00031254949
6595.2 0.0011593145 0.00031254949
6600.0 0.0011603059 0.00031254949
6604.8 0.0011612949 0.00031254949
6609.6 0.0011622814 0.00031254949
6614.4 0.0011632652 0.00031254949
6619.2 0.0011642461 0.00031254949
6624.0 0.001165224 0.00031254949
6628.8 0.0011661985 0.00031254949
6633.6 0.0011671698 0.00031254949
6638.4 0.0011681381 0.00031254949
6643.2 0.0011691033 0.00031254949
6648.0 0.0011700659 0.00031254949
6652.8 0.001171026 0.00031254949
6657.6 0.0011719834 0.00031254949
6662.4 0.0011729386 0.00031254949
6667.2 0.0011738917 0.00031254949
6672.0 0.0011748429 0.00031254949
6676.8 0.0011757922 0.00031254949
6681.6 0.0011767402 0.00031254949
6686.4 0.0011776872 0.00031254949
6691.2 0.0011786336 0.00031254949
6696.0 0.0011795786 0.00031254949
6700.8 0.0011805221 0.00031254949
6705.6 0.0011814643 0.00031254949
6710.4 0.001182405 0.00031254949
6715.2 0.0011833444 0.00031254949
6720.0 0.0011842821 0.00031254949
6724.8 0.0011852183 0.00031254949
6729.6 0.0011861532 0.00031254949
6734.4 0.001187087 0.00031254949
6739.2 0.0011880199 0.00031254949
6744.0 0.0011889515 0.00031254949
6748.8 0.0011898817 0.00031254949
6753.6 0.0011908108 0.00031254949
6758.4 0.0011917386 0.00031254949
6763.2 0.0011926651 0.00031254949
6768.0 0.0011935897 0.00031254949
6772.8 0.0011945124 0.00031254949
6777.6 0.0011954325 0.00031254949
6782.4 0.0011963504 0.00031254949
6787.2 0.0011972659 0.00031254949
6792.0 0.001198179 0.00031254949
6796.8 0.0011990898 0.00031254949
6801.6 0.0011999984 0.00031254949
6806.4 0.0012009051 0.00031254949
6811.2 0.0012018097 0.00031254949
6816.0 0.0012027119 0.00031254949
6820.8 0.0012036115 0.00031254949
6825.6 0.0012045086 0.00031254949
6830.4 0.0012054026 0.00031254949
6835.2 0.0012062937 0.00031254949
6840.0 0.0012071815 0.00031254949
6844.8 0.0012080657 0.00031254949
6849.6 0.0012089461 0.00031254949
6854.4 0.0012098228 0.00031254949
6859.2 0.0012106954 0.00031254949
6864.0 0.0012115644 0.00031254949
6868.8 0.0012124294 0.00031254949
6873.6 0.0012132911 0.00031254949
6878.4 0.0012141496 0.00031254949
6883.2 0.0012150049 0.00031254949
6888.0 0.0012158567 0.00031254949
6892.8 0.001216705 0.00031254949
6897.6 0.0012175499 0.00031254949
6902.4 0.001218391 0.00031254949
6907.2 0.0012192283 0.00031254949
6912.0 0.0012200615 0.00031254949
6916.8 0.0012208907 0.00031254949
6921.6 0.0012217164 0.00031254949
6926.4 0.0012225384 0.00031254949
6931.2 0.0012233572 0.00031254949
6936.0 0.0012241729 0.00031254949
6940.8 0.0012249861 0.00031254949
6945.6 0.0012257968 0.00031254949
6950.4 0.0012266052 0.00031254949
6955.2 0.0012274112 0.00031254949
6960.0 0.0012282143 0.00031254949
6964.8 0.0012290142 0.00031254949
6969.6 0.0012298104 0.00031254949
6974.4 0.0012306025 0.00031254949
6979.2 0.0012313905 0.00031254949
6984.0 0.0012321743 0.00031254949
6988.8 0.0012329543 0.00031254949
6993.6 0.0012337305 0.00031254949
6998.4 0.0012345032 0.00031254949
7003.2 0.0012352724 0.00031254949
7008.0 0.0012360384 0.00031254949
7012.8 0.0012368015 0.00031254949
7017.6 0.001237562 0.00031254949
7022.4 0.00123832 0.00031254949
7027.2 0.0012390757 0.00031254949
7032.0 0.0012398295 0.00031254949
7036.8 0.0012405817 0.00031254949
7041.6 0.0012413321 0.00031254949
7046.4 0.001242081 0.00031254949
7051.2 0.0012428281 0.00031254949
7056.0 0.0012435733 0.00031254949
7060.8 0.0012443159 0.00031254949
7065.6 0.0012450556 0.00031254949
7070.4 0.0012457921 0.00031254949
7075.2 0.0012465249 0.00031254949
7080.0 0.001247254 0.00031254949
7084.8 0.0012479789 0.00031254949
7089.6 0.0012486996 0.00031254949
7094.4 0.0012494159 0.00031254949
7099.2 0.0012501275 0.00031254949
7104.0 0.0012508343 0.00031254949
7108.8 0.0012515362 0.00031254949
7113.6 0.0012522329 0.00031254949
7118.4 0.0012529245 0.00031254949
7123.2 0.0012536109 0.00031254949
7128.0 0.0012542921 0.00031254949
7132.8 0.0012549682 0.00031254949
7137.6 0.0012556391 0.00031254949
7142.4 0.0012563048 0.00031254949
7147.2 0.0012569652 0.00031254949
7152.0 0.0012576199 0.00031254949
7156.8 0.001258269 0.00031254949
7161.6 0.0012589123 0.00031254949
7166.4 0.0012595494 0.00031254949
7171.2 0.0012601806 0.00031254949
7176.0 0.0012608058 0.00031254949
7180.8 0.0012614247 0.00031254949
7185.6 0.0012620373 0.00031254949
7190.4 0.0012626439 0.00031254949
7195.2 0.0012632442 0.00031254949
7200.0 0.0012638379 0.00031254949
7204.8 0.0012644249 0.00031254949
7209.6 0.0012650047 0.00031254949
7214.4 0.0012655769 0.00031254949
7219.2 0.0012661415 0.00031254949
7224.0 0.0012666983 0.00031254949
7228.8 0.0012672474 0.00031254949
7233.6 0.001267789 0.00031254949
7238.4 0.0012683232 0.00031254949
7243.2 0.00126885 0.00031254949
7248.0 0.0012693696 0.00031254949
7252.8 0.0012698819 0.00031254949
7257.6 0.0012703871 0.00031254949
7262.4 0.0012708853 0.00031254949
7267.2 0.0012713766 0.00031254949
7272.0 0.001271861 0.00031254949
7276.8 0.0012723388 0.00031254949
7281.6 0.0012728099 0.00031254949
7286.4 0.0012732745 0.00031254949
7291.2 0.0012737326 0.00031254949
7296.0 0.0012741844 0.00031254949
7300.8 0.00127463 0.00031254949
7305.6 0.0012750696 0.00031254949
7310.4 0.0012755031 0.00031254949
7315.2 0.0012759308 0.00031254949
7320.0 0.0012763528 0.00031254949
7324.8 0.0012767691 0.00031254949
7329.6 0.00127718 0.00031254949
7334.4 0.0012775854 0.00031254949
7339.2 0.0012779854 0.00031254949
7344.0 0.0012783802 0.00031254949
7348.8 0.0012787698 0.00031254949
7353.6 0.0012791543 0.00031254949
7358.4 0.0012795339 0.00031254949
7363.2 0.0012799086 0.00031254949
7368.0 0.0012802783 0.00031254949
7372.8 0.0012806431 0.00031254949
7377.6 0.0012810033 0.00031254949
7382.4 0.0012813587 0.00031254949
7387.2 0.0012817095 0.00031254949
7392.0 0.0012820556 0.00031254949
7396.8 0.0012823972 0.00031254949
7401.6 0.0012827344 0.00031254949
7406.4 0.0012830674 0.00031254949
7411.2 0.0012833962 0.00031254949
7416.0 0.0012837211 0.00031254949
7420.8 0.0012840422 0.00031254949
7425.6 0.0012843596 0.00031254949
7430.4 0.0012846735 0.00031254949
7435.2 0.0012849844 0.00031254949
7440.0 0.0012852925 0.00031254949
7444.8 0.001285598 0.00031254949
7449.6 0.0012859015 0.00031254949
7454.4 0.0012862032 0.00031254949
7459.2 0.001286504 0.00031254949
7464.0 0.0012868036 0.00031254949
7468.8 0.0012871025 0.00031254949
7473.6 0.0012874006 0.00031254949
7478.4 0.0012876982 0.00031254949
7483.2 0.001287995 0.00031254949
7488.0 0.0012882909 0.00031254949
7492.8 0.0012885858 0.00031254949
7497.6 0.0012888793 0.00031254949
7502.4 0.0012891715 0.00031254949
7507.2 0.0012894622 0.00031254949
7512.0 0.0012897513 0.00031254949
7516.8 0.0012900386 0.00031254949
7521.6 0.0012903243 0.00031254949
7526.4 0.0012906081 0.00031254949
7531.2 0.00129089 0.00031254949
7536.0 0.00129117 0.00031254949
7540.8 0.0012914483 0.00031254949
7545.6 0.0012917246 0.00031254949
7550.4 0.0012919992 0.00031254949
7555.2 0.0012922719 0.00031254949
7560.0 0.0012925429 0.00031254949
7564.8 0.0012928124 0.00031254949
7569.6 0.0012930803 0.00031254949
7574.4 0.001293347 0.00031254949
7579.2 0.0012936125 0.00031254949
7584.0 0.001293877 0.00031254949
7588.8 0.0012941404 0.00031254949
7593.6 0.0012944026 0.00031254949
7598.4 0.0012946636 0.00031254949
7603.2 0.0012949232 0.00031254949
7608.0 0.0012951814 0.00031254949
7612.8 0.001295438 0.00031254949
7617.6 0.0012956929 0.00031254949
7622.4 0.0012959459 0.00031254949
7627.2 0.0012961969 0.00031254949
7632.0 0.0012964455 0.00031254949
7636.8 0.0012966917 0.00031254949
7641.6 0.0012969351 0.00031254949
7646.4 0.0012971756 0.00031254949
7651.2 0.001297413 0.00031254949
7656.0 0.0012976472 0.00031254949
7660.8 0.0012978782 0.00031254949
7665.6 0.0012981058 0.00031254949
7670.4 0.0012983301 0.00031254949
7675.2 0.0012985509 0.00031254949
7680.0 0.0012987684 0.00031254949
7684.8 0.0012989824 0.00031254949
7689.6 0.0012991931 0.00031254949
7694.4 0.0012994003 0.00031254949
7699.2 0.0012996042 0.00031254949
7704.0 0.0012998044 0.00031254949
7708.8 0.0013000013 0.00031254949
7713.6 0.0013001948 0.00031254949
7718.4 0.0013003851 0.00031254949
7723.2 0.0013005721 0.00031254949
7728.0 0.0013007557 0.00031254949
7732.8 0.0013009361 0.00031254949
7737.6 0.001301113 0.00031254949
7742.4 0.0013012866 0.00031254949
7747.2 0.001301457 0.00031254949
7752.0 0.0013016241 0.00031254949
7756.8 0.001301788 0.00031254949
7761.6 0.0013019488 0.00031254949
7766.4 0.0013021066 0.00031254949
7771.2 0.0013022614 0.00031254949
7776.0 0.0013024136 0.00031254949
7780.8 0.001302563 0.00031254949
7785.6 0.00130271 0.00031254949
7790.4 0.0013028545 0.00031254949
7795.2 0.0013029966 0.00031254949
7800.0 0.0013031362 0.00031254949
7804.8 0.0013032734 0.00031254949
7809.6 0.0013034083 0.00031254949
7814.4 0.0013035406 0.00031254949
7819.2 0.0013036706 0.00031254949
7824.0 0.0013037982 0.00031254949
7828.8 0.0013039234 0.00031254949
7833.6 0.0013040463 0.00031254949
7838.4 0.0013041668 0.00031254949
7843.2 0.0013042852 0.00031254949
7848.0 0.0013044015 0.00031254949
7852.8 0.0013045159 0.00031254949
7857.6 0.0013046286 0.00031254949
7862.4 0.0013047396 0.00031254949
7867.2 0.0013048491 0.00031254949
7872.0 0.001304957 0.00031254949
7876.8 0.0013050635 0.00031254949
7881.6 0.0013051685 0.00031254949
7886.4 0.0013052721 0.00031254949
7891.2 0.0013053742 0.00031254949
7896.0 0.0013054749 0.00031254949
7900.8 0.0013055739 0.00031254949
7905.6 0.0013056711 0.00031254949
7910.4 0.0013057665 0.00031254949
7915.2 0.0013058598 0.00031254949
7920.0 0.0013059509 0.00031254949
7924.8 0.0013060396 0.00031254949
7929.6 0.0013061259 0.00031254949
7934.4 0.0013062097 0.00031254949
7939.2 0.0013062908 0.00031254949
7944.0 0.0013063694 0.00031254949
7948.8 0.0013064454 0.00031254949
7953.6 0.0013065187 0.00031254949
7958.4 0.0013065897 0.00031254949
7963.2 0.0013066583 0.00031254949
7968.0 0.0013067246 0.00031254949
7972.8 0.0013067887 0.00031254949
7977.6 0.0013068507 0.00031254949
7982.4 0.0013069106 0.00031254949
7987.2 0.0013069683 0.00031254949
7992.0 0.0013070239 0.00031254949
7996.8 0.0013070775 0.00031254949
8001.6 0.0013071289 0.00031254949
8006.4 0.0013071782 0.00031254949
8011.2 0.0013072254 0.00031254949
8016.0 0.0013072705 0.00031254949
8020.8 0.0013073136 0.00031254949
8025.6 0.0013073546 0.00031254949
8030.4 0.0013073935 0.00031254949
8035.2 0.0013074306 0.00031254949
8040.0 0.0013074656 0.00031254949
8044.8 0.0013074987 0.00031254949
8049.6 0.0013075297 0.00031254949
8054.4 0.0013075586 0.00031254949
8059.2 0.0013075855 0.00031254949
8064.0 0.0013076103 0.00031254949
8068.8 0.001307633 0.00031254949
8073.6 0.0013076535 0.00031254949
8078.4 0.0013076717 0.00031254949
8083.2 0.0013076878 0.00031254949
8088.0 0.0013077017 0.00031254949
8092.8 0.0013077136 0.00031254949
8097.6 0.0013077235 0.00031254949
8102.4 0.0013077314 0.00031254949
8107.2 0.0013077373 0.00031254949
8112.0 0.0013077412 0.00031254949
8116.8 0.0013077433 0.00031254949
8121.6 0.0013077434 0.00031254949
8126.4 0.0013077417 0.00031254949
8131.2 0.0013077382 0.00031254949
8136.0 0.0013077329 0.00031254949
8140.8 0.0013077257 0.00031254949
8145.6 0.0013077165 0.00031254949
8150.4 0.0013077053 0.00031254949
8155.2 0.0013076919 0.00031254949
8160.0 0.0013076763 0.00031254949
8164.8 0.0013076586 0.00031254949
8169.6 0.0013076387 0.00031254949
8174.4 0.0013076165 0.00031254949
8179.2 0.0013075919 0.00031254949
8184.0 0.001307565 0.00031254949
8188.8 0.0013075356 0.00031254949
8193.6 0.0013075038 0.00031254949
8198.4 0.0013074695 0.00031254949
8203.2 0.0013074328 0.00031254949
8208.0 0.0013073935 0.00031254949
8212.8 0.0013073517 0.00031254949
8217.6 0.0013073074 0.00031254949
8222.4 0.0013072606 0.00031254949
8227.2 0.0013072113 0.00031254949
8232.0 0.0013071595 0.00031254949
8236.8 0.0013071052 0.00031254949
8241.6 0.0013070484 0.00031254949
8246.4 0.0013069891 0.00031254949
8251.2 0.0013069274 0.00031254949
8256.0 0.0013068632 0.00031254949
8260.8 0.0013067966 0.00031254949
8265.6 0.0013067275 0.00031254949
8270.4 0.001306656 0.00031254949
8275.2 0.0013065821 0.00031254949
8280.0 0.0013065057 0.00031254949
8284.8 0.001306427 0.00031254949
8289.6 0.0013063459 0.00031254949
8294.4 0.0013062626 0.00031254949
8299.2 0.0013061769 0.00031254949
8304.0 0.0013060889 0.00031254949
8308.8 0.0013059985 0.00031254949
8313.6 0.0013059059 0.00031254949
8318.4 0.0013058109 0.00031254949
8323.2 0.0013057138 0.00031254949
8328.0 0.0013056143 0.00031254949
8332.8 0.0013055128 0.00031254949
8337.6 0.0013054091 0.00031254949
8342.4 0.0013053034 0.00031254949
8347.2 0.0013051956 0.00031254949
8352.0 0.0013050858 0.00031254949
8356.8 0.001304974 0.00031254949
8361.6 0.0013048604 0.00031254949
8366.4 0.001304745 0.00031254949
8371.2 0.0013046278 0.00031254949
8376.0 0.0013045089 0.00031254949
8380.8 0.0013043884 0.00031254949
8385.6 0.0013042661 0.00031254949
8390.4 0.0013041423 0.00031254949
8395.2 0.0013040168 0.00031254949
8400.0 0.0013038897 0.00031254949
8404.8 0.001303761 0.00031254949
8409.6 0.0013036306 0.00031254949
8414.4 0.0013034987 0.00031254949
8419.2 0.0013033651 0.00031254949
8424.0 0.0013032299 0.00031254949
8428.8 0.0013030931 0.00031254949
8433.6 0.0013029547 0.00031254949
8438.4 0.0013028147 0.00031254949
8443.2 0.0013026732 0.00031254949
8448.0 0.0013025302 0.00031254949
8452.8 0.0013023858 0.00031254949
8457.6 0.00130224 0.00031254949
8462.4 0.0013020929 0.00031254949
8467.2 0.0013019445 0.00031254949
8472.0 0.0013017948 0.00031254949
8476.8 0.0013016437 0.00031254949
8481.6 0.0013014913 0.00031254949
8486.4 0.0013013375 0.00031254949
8491.2 0.0013011822 0.00031254949
8496.0 0.0013010254 0.00031254949
8500.8 0.0013008672 0.00031254949
8505.6 0.0013007074 0.00031254949
8510.4 0.001300546 0.00031254949
8515.2 0.001300383 0.00031254949
8520.0 0.0013002185 0.00031254949
8524.8 0.0013000524 0.00031254949
8529.6 0.0012998848 0.00031254949
8534.4 0.0012997156 0.00031254949
8539.2 0.0012995448 0.00031254949
8544.0 0.0012993726 0.00031254949
8548.8 0.0012991988 0.00031254949
8553.6 0.0012990237 0.00031254949
8558.4 0.0012988473 0.00031254949
8563.2 0.0012986694 0.00031254949
8568.0 0.0012984902 0.00031254949
8572.8 0.0012983097 0.00031254949
8577.6 0.0012981278 0.00031254949
8582.4 0.0012979447 0.00031254949
8587.2 0.0012977602 0.00031254949
8592.0 0.0012975744 0.00031254949
8596.8 0.0012973871 0.00031254949
8601.6 0.0012971983 0.00031254949
8606.4 0.0012970081 0.00031254949
8611.2 0.0012968164 0.00031254949
8616.0 0.0012966231 0.00031254949
8620.8 0.0012964284 0.00031254949
8625.6 0.0012962322 0.00031254949
8630.4 0.0012960346 0.00031254949
8635.2 0.0012958357 0.00031254949
8640.0 0.0012956355 0.00031254949
8644.8 0.0012954341 0.00031254949
8649.6 0.0012952316 0.00031254949
8654.4 0.0012950279 0.00031254949
8659.2 0.0012948231 0.00031254949
8664.0 0.0012946171 0.00031254949
8668.8 0.00129441 0.00031254949
8673.6 0.0012942017 0.00031254949
8678.4 0.0012939922 0.00031254949
8683.2 0.0012937815 0.00031254949
8688.0 0.0012935696 0.00031254949
8692.8 0.0012933566 0.00031254949
8697.6 0.0012931423 0.00031254949
8702.4 0.001292927 0.00031254949
8707.2 0.0012927106 0.00031254949
8712.0 0.0012924933 0.00031254949
8716.8 0.001292275 0.00031254949
8721.6 0.0012920559 0.00031254949
8726.4 0.001291836 0.00031254949
8731.2 0.0012916153 0.00031254949
8736.0 0.001291394 0.00031254949
