# 1:time 2:mass 3:einf>=0
4.8 0.0 0.0
9.6 -4.3722034e-12 0.0
14.4 -1.2839573e-11 0.0
19.2 -2.5330624e-11 0.0
24.0 -3.0878734e-11 0.0
28.8 -3.7389546e-11 0.0
33.6 -4.4445069e-11 0.0
38.4 -5.3056864e-11 0.0
43.2 -6.0565126e-11 0.0
48.0 -6.7375579e-11 0.0
52.8 -7.5118567e-11 0.0
57.6 -8.4003007e-11 0.0
62.4 -9.4774574e-11 0.0
67.2 -1.0640713e-10 0.0
72.0 -1.1916583e-10 0.0
76.8 -1.3115286e-10 0.0
81.6 -1.4434097e-10 0.0
86.4 -1.5881474e-10 0.0
91.2 -1.7585146e-10 0.0
96.0 -1.9633801e-10 0.0
100.8 -2.1691442e-10 0.0
105.6 -2.3441098e-10 0.0
110.4 -2.5041933e-10 0.0
115.2 -2.6839942e-10 0.0
120.0 -2.8911259e-10 0.0
124.8 -3.1370909e-10 0.0
129.6 -3.4119733e-10 0.0
134.4 -3.7098258e-10 0.0
139.2 -4.016625e-10 0.0
144.0 -4.3065842e-10 0.0
148.8 -4.5833451e-10 0.0
153.6 -4.8516395e-10 0.0
158.4 -5.1201311e-10 0.0
163.2 -5.4107153e-10 0.0
168.0 -5.7357301e-10 0.0
172.8 -6.0937184e-10 0.0
177.6 -6.4746257e-10 0.0
182.4 -6.8623853e-10 0.0
187.2 -7.2537316e-10 0.0
192.0 -7.619041e-10 0.0
196.8 -7.9681884e-10 0.0
201.6 -8.3259447e-10 0.0
206.4 -8.7146022e-10 0.0
211.2 -9.1505828e-10 0.0
216.0 -9.6269585e-10 0.0
220.8 -1.0147247e-09 0.0
225.6 -1.0711586e-09 0.0
230.4 -1.1314956e-09 0.0
235.2 -1.1921437e-09 0.0
240.0 -1.2509423e-09 0.0
244.8 -1.308388e-09 0.0
249.6 -1.3638255e-09 0.0
254.4 -1.4180298e-09 0.0
259.2 -1.4721399e-09 0.0
264.0 -1.5276095e-09 0.0
268.8 -1.5855386e-09 0.0
273.6 -1.6460718e-09 0.0
278.4 -1.7096585e-09 0.0
283.2 -1.7733112e-09 0.0
288.0 -1.8370869e-09 0.0
292.8 -1.90133e-09 0.0
297.6 -1.9673805e-09 0.0
302.4 -2.0362196e-09 0.0
307.2 -2.109013e-09 0.0
312.0 -2.1847813e-09 0.0
316.8 -2.2640367e-09 0.0
321.6 -2.3466066e-09 0.0
326.4 -2.4311545e-09 0.0
331.2 -2.5156943e-09 0.0
336.0 -2.5988759e-09 0.0
340.8 -2.6780935e-09 0.0
345.6 -2.7541539e-09 0.0
350.4 -2.8258287e-09 0.0
355.2 -2.8947226e-09 0.0
360.0 -2.9619217e-09 0.0
364.8 -3.0288373e-09 0.0
369.6 -3.0967719e-09 0.0
374.4 -3.1656827e-09 0.0
379.2 -3.2358026e-09 0.0
384.0 -3.3074489e-09 0.0
388.8 -3.3800863e-09 0.0
393.6 -3.4507927e-09 0.0
398.4 -3.5226689e-09 0.0
403.2 -3.5986183e-09 0.0
408.0 -3.6796087e-09 0.0
412.8 -3.7654764e-09 0.0
417.6 -3.8568877e-09 0.0
422.4 -3.9531721e-09 0.0
427.2 -4.0546442e-09 0.0
432.0 -4.1609923e-09 0.0
436.8 -4.272056e-09 0.0
441.6 -4.3880893e-09 0.0
446.4 -4.5091337e-09 0.0
451.2 -4.6356545e-09 0.0
456.0 -4.7680532e-09 0.0
460.8 -4.9059747e-09 0.0
465.6 -5.0492366e-09 0.0
470.4 -5.1965002e-09 0.0
475.2 -5.3486706e-09 0.0
480.0 -5.5053792e-09 0.0
484.8 -5.6658313e-09 0.0
489.6 -5.8296211e-09 0.0
494.4 -5.9956481e-09 0.0
499.2 -6.1602654e-09 0.0
504.0 -6.3189847e-09 0.0
508.8 -6.4687959e-09 0.0
513.6 -6.6103192e-09 0.0
518.4 -6.7437904e-09 0.0
523.2 -6.8684037e-09 0.0
528.0 -6.9853295e-09 0.0
532.8 -7.0947057e-09 0.0
537.6 -7.1964706e-09 0.0
542.4 -7.2948331e-09 0.0
547.2 -7.3911939e-09 0.0
552.0 -7.485841e-09 0.0
556.8 -7.5776547e-09 0.0
561.6 -7.6678281e-09 0.0
566.4 -7.7569554e-09 0.0
571.2 -7.8468529e-09 0.0
576.0 -7.9362689e-09 0.0
580.8 -8.0268294e-09 0.0
585.6 -8.1186813e-09 0.0
590.4 -8.210453e-09 0.0
595.2 -8.3039915e-09 0.0
600.0 -8.4019115e-09 0.0
604.8 -8.5051293e-09 0.0
609.6 -8.6128976e-09 0.0
614.4 -8.725602e-09 0.0
619.2 -8.8427e-09 0.0
624.0 -8.9639989e-09 0.0
628.8 -9.0890537e-09 0.0
633.6 -9.2171233e-09 0.0
638.4 -9.3462363e-09 0.0
643.2 -9.4749714e-09 0.0
648.0 -9.6022227e-09 0.0
652.8 -9.7252869e-09 0.0
657.6 -9.8430787e-09 0.0
662.4 -9.9569892e-09 0.0
667.2 -1.0066995e-08 0.0
672.0 -1.0173119e-08 0.0
676.8 -1.0276601e-08 0.0
681.6 -1.0376521e-08 0.0
686.4 -1.0473646e-08 0.0
691.2 -1.0566281e-08 0.0
696.0 -1.0653554e-08 0.0
700.8 -1.0736865e-08 0.0
705.6 -1.0817272e-08 0.0
710.4 -1.0896216e-08 0.0
715.2 -1.0975791e-08 0.0
720.0 -1.105685e-08 0.0
724.8 -1.1140424e-08 0.0
729.6 -1.1226548e-08 0.0
734.4 -1.1315395e-08 0.0
739.2 -1.140713e-08 0.0
744.0 -1.1501905e-08 0.0
748.8 -1.1599492e-08 0.0
753.6 -1.170118e-08 0.0
758.4 -1.1806902e-08 0.0
763.2 -1.191494e-08 0.0
768.0 -1.2025353e-08 0.0
772.8 -1.2136629e-08 0.0
777.6 -1.2248416e-08 0.0
782.4 -1.2359685e-08 0.0
787.2 -1.2471201e-08 0.0
792.0 -1.2583447e-08 0.0
796.8 -1.2696302e-08 0.0
801.6 -1.2809456e-08 0.0
806.4 -1.2922796e-08 0.0
811.2 -1.3035433e-08 0.0
816.0 -1.3147442e-08 0.0
820.8 -1.3258113e-08 0.0
825.6 -1.3367208e-08 0.0
830.4 -1.3472532e-08 0.0
835.2 -1.3573486e-08 0.0
840.0 -1.3670952e-08 0.0
844.8 -1.3764972e-08 0.0
849.6 -1.3855182e-08 0.0
854.4 -1.3943896e-08 0.0
859.2 -1.4033387e-08 0.0
864.0 -1.4124108e-08 0.0
868.8 -1.4216999e-08 0.0
873.6 -1.4312584e-08 0.0
878.4 -1.4411835e-08 0.0
883.2 -1.4514631e-08 0.0
888.0 -1.4620457e-08 0.0
892.8 -1.4728886e-08 0.0
897.6 -1.4839558e-08 0.0
902.4 -1.4951443e-08 0.0
907.2 -1.50637e-08 0.0
912.0 -1.5175613e-08 0.0
916.8 -1.528763e-08 0.0
921.6 -1.5399669e-08 0.0
926.4 -1.5511394e-08 0.0
931.2 -1.5623445e-08 0.0
936.0 -1.5736298e-08 0.0
940.8 -1.5849026e-08 0.0
945.6 -1.5960624e-08 0.0
950.4 -1.6069006e-08 0.0
955.2 -1.6174811e-08 0.0
960.0 -1.6277054e-08 0.0
964.8 -1.6375325e-08 0.0
969.6 -1.6469037e-08 0.0
974.4 -1.6558563e-08 0.0
979.2 -1.6646075e-08 0.0
984.0 -1.6733411e-08 0.0
988.8 -1.6820641e-08 0.0
993.6 -1.6909565e-08 0.0
998.4 -1.7000657e-08 0.0
1003.2 -1.7094267e-08 0.0
1008.0 -1.719128e-08 0.0
1012.8 -1.7292129e-08 0.0
1017.6 -1.7397309e-08 0.0
1022.4 -1.7506448e-08 0.0
1027.2 -1.7619365e-08 0.0
1032.0 -1.773517e-08 0.0
1036.8 -1.7853288e-08 0.0
1041.6 -1.7972982e-08 0.0
1046.4 -1.8094484e-08 0.0
1051.2 -1.8217385e-08 0.0
1056.0 -1.8340678e-08 0.0
1060.8 -1.8464029e-08 0.0
1065.6 -1.8587055e-08 0.0
1070.4 -1.8708e-08 0.0
1075.2 -1.8826522e-08 0.0
1080.0 -1.8943359e-08 0.0
1084.8 -1.9056695e-08 0.0
1089.6 -1.9166659e-08 0.0
1094.4 -1.9273381e-08 0.0
1099.2 -1.937782e-08 0.0
1104.0 -1.9480278e-08 0.0
1108.8 -1.9581047e-08 0.0
1113.6 -1.9681279e-08 0.0
1118.4 -1.9780583e-08 0.0
1123.2 -1.987888e-08 0.0
1128.0 -1.9977373e-08 0.0
1132.8 -2.0076852e-08 0.0
1137.6 -2.0178517e-08 0.0
1142.4 -2.0282566e-08 0.0
1147.2 -2.0389411e-08 0.0
1152.0 -2.0498652e-08 0.0
1156.8 -2.0610264e-08 0.0
1161.6 -2.0723103e-08 0.0
1166.4 -2.0839268e-08 0.0
1171.2 -2.0958e-08 0.0
1176.0 -2.107859e-08 0.0
1180.8 -2.1201462e-08 0.0
1185.6 -2.1325779e-08 0.0
1190.4 -2.1451386e-08 0.0
1195.2 -2.1576529e-08 0.0
1200.0 -2.1701368e-08 0.0
1204.8 -2.1825739e-08 0.0
1209.6 -2.1949909e-08 0.0
1214.4 -2.2072898e-08 0.0
1219.2 -2.219606e-08 0.0
1224.0 -2.2318305e-08 0.0
1228.8 -2.2439785e-08 0.0
1233.6 -2.2561064e-08 0.0
1238.4 -2.2681486e-08 0.0
1243.2 -2.2801598e-08 0.0
1248.0 -2.2921792e-08 0.0
1252.8 -2.3042127e-08 0.0
1257.6 -2.3162851e-08 0.0
1262.4 -2.3282978e-08 0.0
1267.2 -2.3403534e-08 0.0
1272.0 -2.3524207e-08 0.0
1276.8 -2.3644813e-08 0.0
1281.6 -2.3765589e-08 0.0
1286.4 -2.3885369e-08 0.0
1291.2 -2.4004842e-08 0.0
1296.0 -2.4124284e-08 0.0
1300.8 -2.4243676e-08 0.0
1305.6 -2.4363931e-08 0.0
1310.4 -2.4484493e-08 0.0
1315.2 -2.4605619e-08 0.0
1320.0 -2.4727516e-08 0.0
1324.8 -2.4850557e-08 0.0
1329.6 -2.4974242e-08 0.0
1334.4 -2.5097076e-08 0.0
1339.2 -2.5220374e-08 0.0
1344.0 -2.5344965e-08 0.0
1348.8 -2.5471447e-08 0.0
1353.6 -2.5599017e-08 0.0
1358.4 -2.5726647e-08 0.0
1363.2 -2.5853203e-08 0.0
1368.0 -2.5979323e-08 0.0
1372.8 -2.6104743e-08 0.0
1377.6 -2.6230834e-08 0.0
1382.4 -2.6357004e-08 0.0
1387.2 -2.6483744e-08 0.0
1392.0 -2.6611919e-08 0.0
1396.8 -2.6740638e-08 0.0
1401.6 -2.6869791e-08 0.0
1406.4 -2.6999593e-08 0.0
1411.2 -2.7130597e-08 0.0
1416.0 -2.7261027e-08 0.0
1420.8 -2.7391517e-08 0.0
1425.6 -2.752348e-08 0.0
1430.4 -2.765814e-08 0.0
1435.2 -2.7794849e-08 0.0
1440.0 -2.7932368e-08 0.0
1444.8 -2.8070699e-08 0.0
1449.6 -2.8209259e-08 0.0
1454.4 -2.8347984e-08 0.0
1459.2 -2.8485184e-08 0.0
1464.0 -2.8620978e-08 0.0
1468.8 -2.8754558e-08 0.0
1473.6 -2.8887074e-08 0.0
1478.4 -2.9019797e-08 0.0
1483.2 -2.9153088e-08 0.0
1488.0 -2.9287884e-08 0.0
1492.8 -2.9424538e-08 0.0
1497.6 -2.9564677e-08 0.0
1502.4 -2.9707446e-08 0.0
1507.2 -2.9852413e-08 0.0
1512.0 -3.0000112e-08 0.0
1516.8 -3.0150054e-08 0.0
1521.6 -3.0302717e-08 0.0
1526.4 -3.0457153e-08 0.0
1531.2 -3.0613496e-08 0.0
1536.0 -3.0771599e-08 0.0
1540.8 -3.0931213e-08 0.0
1545.6 -3.1091228e-08 0.0
1550.4 -3.1251612e-08 0.0
1555.2 -3.1411552e-08 0.0
1560.0 -3.157257e-08 0.0
1564.8 -3.173447e-08 0.0
1569.6 -3.1896526e-08 0.0
1574.4 -3.2058999e-08 0.0
1579.2 -3.2222143e-08 0.0
1584.0 -3.2384704e-08 0.0
1588.8 -3.2546044e-08 0.0
1593.6 -3.2707413e-08 0.0
1598.4 -3.2869169e-08 0.0
1603.2 -3.3031788e-08 0.0
1608.0 -3.3194911e-08 0.0
1612.8 -3.3358764e-08 0.0
1617.6 -3.3522775e-08 0.0
1622.4 -3.3686694e-08 0.0
1627.2 -3.3850752e-08 0.0
1632.0 -3.4014084e-08 0.0
1636.8 -3.4176705e-08 0.0
1641.6 -3.4338759e-08 0.0
1646.4 -3.4499282e-08 0.0
1651.2 -3.4657988e-08 0.0
1656.0 -3.4814647e-08 0.0
1660.8 -3.4968151e-08 0.0
1665.6 -3.5118243e-08 0.0
1670.4 -3.526452e-08 0.0
1675.2 -3.5406707e-08 0.0
1680.0 -3.5545082e-08 0.0
1684.8 -3.5679005e-08 0.0
1689.6 -3.5808404e-08 0.0
1694.4 -3.5932559e-08 0.0
1699.2 -3.6050276e-08 0.0
1704.0 -3.6161997e-08 0.0
1708.8 -3.6266766e-08 0.0
1713.6 -3.6364177e-08 0.0
1718.4 -3.6454176e-08 0.0
1723.2 -3.6537849e-08 0.0
1728.0 -3.6615822e-08 0.0
1732.8 -3.6688054e-08 0.0
1737.6 -3.6753314e-08 0.0
1742.4 -3.6812536e-08 0.0
1747.2 -3.6864967e-08 0.0
1752.0 -3.6909885e-08 0.0
1756.8 -3.6947076e-08 0.0
1761.6 -3.697583e-08 0.0
1766.4 -3.6996013e-08 0.0
1771.2 -3.7007512e-08 0.0
1776.0 -3.7008656e-08 0.0
1780.8 -3.6999736e-08 0.0
1785.6 -3.6981097e-08 0.0
1790.4 -3.6952881e-08 0.0
1795.2 -3.6914697e-08 0.0
1800.0 -3.6866515e-08 0.0
1804.8 -3.6807682e-08 0.0
1809.6 -3.6737926e-08 0.0
1814.4 -3.6656684e-08 0.0
1819.2 -3.6563165e-08 0.0
1824.0 -3.6456819e-08 0.0
1828.8 -3.6337082e-08 0.0
1833.6 -3.6203268e-08 0.0
1838.4 -3.605438e-08 0.0
1843.2 -3.5889856e-08 0.0
1848.0 -3.5709284e-08 0.0
1852.8 -3.5511762e-08 0.0
1857.6 -3.5296971e-08 0.0
1862.4 -3.5064167e-08 0.0
1867.2 -3.4812272e-08 0.0
1872.0 -3.4540259e-08 0.0
1876.8 -3.4247452e-08 0.0
1881.6 -3.3932829e-08 0.0
1886.4 -3.3594055e-08 0.0
1891.2 -3.3231089e-08 0.0
1896.0 -3.2843665e-08 0.0
1900.8 -3.2431387e-08 0.0
1905.6 -3.1993427e-08 0.0
1910.4 -3.1529109e-08 0.0
1915.2 -3.1037432e-08 0.0
1920.0 -3.0517736e-08 0.0
1924.8 -2.9968746e-08 0.0
1929.6 -2.9390819e-08 0.0
1934.4 -2.8783247e-08 0.0
1939.2 -2.8146014e-08 0.0
1944.0 -2.7477982e-08 0.0
1948.8 -2.6778081e-08 0.0
1953.6 -2.604576e-08 0.0
1958.4 -2.5279859e-08 0.0
1963.2 -2.4479479e-08 0.0
1968.0 -2.3644016e-08 0.0
1972.8 -2.2772492e-08 0.0
1977.6 -2.1863963e-08 0.0
1982.4 -2.0917156e-08 0.0
1987.2 -1.9931594e-08 0.0
1992.0 -1.8906375e-08 0.0
1996.8 -1.7840642e-08 0.0
2001.6 -1.673305e-08 0.0
2006.4 -1.5582903e-08 0.0
2011.2 -1.4389238e-08 0.0
2016.0 -1.315133e-08 0.0
2020.8 -1.1868558e-08 0.0
2025.6 -1.0539628e-08 0.0
2030.4 -9.1634105e-09 0.0
2035.2 -7.7390798e-09 0.0
2040.0 -6.2657851e-09 0.0
2044.8 -4.7420101e-09 0.0
2049.6 -3.1668617e-09 0.0
2054.4 -1.5397792e-09 0.0
2059.2 1.3985777e-10 0.0
2064.0 1.8724244e-09 0.0
2068.8 3.6586113e-09 0.0
2073.6 5.4991022e-09 0.0
2078.4 7.3948875e-09 0.0
2083.2 9.3469347e-09 0.0
2088.0 1.1356399e-08 0.0
2092.8 1.3424279e-08 0.0
2097.6 1.5551908e-08 0.0
2102.4 1.7740768e-08 0.0
2107.2 1.99922e-08 0.0
2112.0 2.230732e-08 0.0
2116.8 2.4687132e-08 0.0
2121.6 2.7132585e-08 0.0
2126.4 2.9644249e-08 0.0
2131.2 3.2222982e-08 0.0
2136.0 3.4869671e-08 0.0
2140.8 3.7585037e-08 0.0
2145.6 4.0369882e-08 0.0
2150.4 4.3224972e-08 0.0
2155.2 4.6151108e-08 0.0
2160.0 4.9149142e-08 0.0
2164.8 5.2220005e-08 0.0
2169.6 5.5364822e-08 0.0
2174.4 5.8584643e-08 0.0
2179.2 6.1880388e-08 0.0
2184.0 6.5252779e-08 0.0
2188.8 6.8702381e-08 0.0
2193.6 7.2229615e-08 0.0
2198.4 7.5834754e-08 0.0
2203.2 7.9517953e-08 0.0
2208.0 8.3279314e-08 0.0
2212.8 8.7118967e-08 0.0
2217.6 9.1037095e-08 0.0
2222.4 9.503396e-08 0.0
2227.2 9.9109914e-08 0.0
2232.0 1.0326539e-07 0.0
2236.8 1.0750086e-07 0.0
2241.6 1.1181681e-07 0.0
2246.4 1.1621367e-07 0.0
2251.2 1.2069186e-07 0.0
2256.0 1.2525178e-07 0.0
2260.8 1.2989381e-07 0.0
2265.6 1.3461838e-07 0.0
2270.4 1.3942593e-07 0.0
2275.2 1.4431691e-07 0.0
2280.0 1.4929176e-07 0.0
2284.8 1.5435088e-07 0.0
2289.6 1.5949463e-07 0.0
2294.4 1.6472329e-07 0.0
2299.2 1.7003712e-07 0.0
2304.0 1.754364e-07 0.0
2308.8 1.8092146e-07 0.0
2313.6 1.8649265e-07 0.0
2318.4 1.9215029e-07 0.0
2323.2 1.9789459e-07 0.0
2328.0 2.0372567e-07 0.0
2332.8 2.0964361e-07 0.0
2337.6 2.1564846e-07 0.0
2342.4 2.2174031e-07 0.0
2347.2 2.2791934e-07 0.0
2352.0 2.3418575e-07 0.0
2356.8 2.4053978e-07 0.0
2361.6 2.4698172e-07 0.0
2366.4 2.5351185e-07 0.0
2371.2 2.6013043e-07 0.0
2376.0 2.668376e-07 0.0
2380.8 2.7363335e-07 0.0
2385.6 2.8051758e-07 0.0
2390.4 2.8749009e-07 0.0
2395.2 2.9455069e-07 0.0
2400.0 3.0169927e-07 0.0
2404.8 3.0893576e-07 0.0
2409.6 3.1626017e-07 0.0
2414.4 3.2367256e-07 0.0
2419.2 3.3117301e-07 0.0
2424.0 3.3876162e-07 0.0
2428.8 3.4643851e-07 0.0
2433.6 3.5420374e-07 0.0
2438.4 3.6205741e-07 0.0
2443.2 3.6999953e-07 0.0
2448.0 3.7803015e-07 0.0
2452.8 3.8614929e-07 0.0
2457.6 3.9435701e-07 0.0
2462.4 4.0265337e-07 0.0
2467.2 4.1103847e-07 0.0
2472.0 4.1951245e-07 0.0
2476.8 4.2807553e-07 0.0
2481.6 4.3672796e-07 0.0
2486.4 4.4547004e-07 0.0
2491.2 4.5430205e-07 0.0
2496.0 4.6322422e-07 0.0
2500.8 4.7223662e-07 0.0
2505.6 4.8133919e-07 0.0
2510.4 4.9053176e-07 0.0
2515.2 4.9981408e-07 0.0
2520.0 5.0918591e-07 0.0
2524.8 5.1864704e-07 0.0
2529.6 5.2819731e-07 0.0
2534.4 5.3783664e-07 0.0
2539.2 5.4756501e-07 0.0
2544.0 5.5738239e-07 0.0
2548.8 5.6728871e-07 0.0
2553.6 5.7728386e-07 0.0
2558.4 5.8736773e-07 0.0
2563.2 5.975402e-07 0.0
2568.0 6.0780122e-07 0.0
2572.8 6.1815071e-07 0.0
2577.6 6.2858859e-07 0.0
2582.4 6.3911466e-07 0.0
2587.2 6.4972865e-07 0.0
2592.0 6.6043027e-07 8.8498604e-12
2596.8 6.7121918e-07 1.774293e-11
2601.6 6.8209504e-07 5.3084267e-11
2606.4 6.9305753e-07 9.7487501e-11
2611.2 7.041064e-07 1.4208671e-10
2616.0 7.1524145e-07 2.0441088e-10
2620.8 7.2646249e-07 2.8482245e-10
2625.6 7.3776944e-07 3.6555625e-10
2630.4 7.4916228e-07 4.4660432e-10
2635.2 7.6064111e-07 5.2795932e-10
2640.0 7.7220615e-07 6.2730181e-10
2644.8 7.838577e-07 7.4445044e-10
2649.6 7.9559621e-07 8.7968684e-10
2654.4 8.0742227e-07 1.0153847e-09
2659.2 8.1933661e-07 1.1515269e-09
2664.0 8.3134016e-07 1.2970078e-09
2668.8 8.4343405e-07 1.4606472e-09
2673.6 8.5561971e-07 1.6500744e-09
2678.4 8.6789894e-07 1.8650276e-09
2683.2 8.8027407e-07 2.1396677e-09
2688.0 8.9274804e-07 2.448564e-09
2692.8 9.0532454e-07 2.7582038e-09
2697.6 9.1800823e-07 3.0929628e-09
2702.4 9.3080484e-07 3.4284648e-09
2707.2 9.4372146e-07 3.7735631e-09
2712.0 9.5676666e-07 4.1910067e-09
2716.8 9.6995083e-07 4.6483591e-09
2721.6 9.8328638e-07 5.1730273e-09
2726.4 9.9678811e-07 5.7711537e-09
2731.2 1.0104734e-06 6.4724967e-09
2736.0 1.0243624e-06 7.327297e-09
2740.8 1.0384783e-06 8.3097658e-09
2745.6 1.0528473e-06 9.4353133e-09
2750.4 1.0674986e-06 1.0823875e-08
2755.2 1.0824653e-06 1.2477594e-08
2760.0 1.0977835e-06 1.4485784e-08
2764.8 1.1134926e-06 1.6963051e-08
2769.6 1.1296334e-06 1.9906651e-08
2774.4 1.1462477e-06 2.3352046e-08
2779.2 1.1633831e-06 2.7277075e-08
2784.0 1.1811065e-06 3.1804113e-08
2788.8 1.19952e-06 3.7256867e-08
2793.6 1.218792e-06 4.3697515e-08
2798.4 1.2393e-06 5.1658915e-08
2803.2 1.2617871e-06 6.1801332e-08
2808.0 1.2874719e-06 7.5537841e-08
2812.8 1.3177841e-06 9.4383381e-08
2817.6 1.3537773e-06 1.1916695e-07
2822.4 1.3958192e-06 1.5037495e-07
2827.2 1.4440674e-06 1.8831416e-07
2832.0 1.4988406e-06 2.3314478e-07
2836.8 1.560577e-06 2.8514034e-07
2841.6 1.629679e-06 3.4475307e-07
2846.4 1.7059732e-06 4.1176709e-07
2851.2 1.7889733e-06 4.8559977e-07
2856.0 1.8785344e-06 5.6634234e-07
2860.8 1.974883e-06 6.5438145e-07
2865.6 2.078455e-06 7.5006815e-07
2870.4 2.1896732e-06 8.537616e-07
2875.2 2.3088367e-06 9.6579309e-07
2880.0 2.4362911e-06 1.0864333e-06
2884.8 2.5718838e-06 1.2154436e-06
2889.6 2.7151403e-06 1.352254e-06
2894.4 2.865913e-06 1.4968931e-06
2899.2 3.0241791e-06 1.6494894e-06
2904.0 3.190184e-06 1.8100991e-06
2908.8 3.3647305e-06 1.9797069e-06
2913.6 3.5488494e-06 2.1595316e-06
2918.4 3.7437431e-06 2.3510903e-06
2923.2 3.9508654e-06 2.5557728e-06
2928.0 4.1714352e-06 2.7743991e-06
2932.8 4.4059009e-06 3.007564e-06
2937.6 4.6539832e-06 3.2548318e-06
2942.4 4.9144914e-06 3.5146558e-06
2947.2 5.1856904e-06 3.7852905e-06
2952.0 5.4659526e-06 4.0651585e-06
2956.8 5.7539246e-06 4.3528541e-06
2961.6 6.0488474e-06 4.6476044e-06
2966.4 6.3504147e-06 4.9490612e-06
2971.2 6.6585149e-06 5.257105e-06
2976.0 6.9730137e-06 5.5715888e-06
2980.8 7.2937522e-06 5.8923273e-06
2985.6 7.6207686e-06 6.2193437e-06
2990.4 7.9540039e-06 6.5525789e-06
2995.2 8.2935164e-06 6.8920915e-06
3000.0 8.6394898e-06 7.2380649e-06
3004.8 8.9921552e-06 7.5907303e-06
3009.6 9.3517863e-06 7.9503614e-06
3014.4 9.7184213e-06 8.3169964e-06
3019.2 1.0091793e-05 8.6903676e-06
3024.0 1.0471407e-05 9.0699822e-06
3028.8 1.0856575e-05 9.4551503e-06
3033.6 1.124652e-05 9.8450949e-06
3038.4 1.1640487e-05 1.0239062e-05
3043.2 1.2037847e-05 1.0636422e-05
3048.0 1.2437847e-05 1.1036423e-05
3052.8 1.2839706e-05 1.1438281e-05
3057.6 1.3242896e-05 1.1841471e-05
3062.4 1.3646915e-05 1.224549e-05
3067.2 1.405119e-05 1.2649765e-05
3072.0 1.4454959e-05 1.3053534e-05
3076.8 1.4857407e-05 1.3455982e-05
3081.6 1.5257925e-05 1.38565e-05
3086.4 1.5656124e-05 1.4254699e-05
3091.2 1.6051935e-05 1.465051e-05
3096.0 1.6445519e-05 1.5044094e-05
3100.8 1.6837073e-05 1.5435648e-05
3105.6 1.7226915e-05 1.582549e-05
3110.4 1.7615466e-05 1.6214041e-05
3115.2 1.8003106e-05 1.6601682e-05
3120.0 1.8390242e-05 1.6988817e-05
3124.8 1.8777184e-05 1.7375759e-05
3129.6 1.916412e-05 1.7762695e-05
3134.4 1.9551051e-05 1.8149626e-05
3139.2 1.9937908e-05 1.8536483e-05
3144.0 2.032462e-05 1.8923195e-05
3148.8 2.0711227e-05 1.9309802e-05
3153.6 2.1097775e-05 1.969635e-05
3158.4 2.1484297e-05 2.0082872e-05
3163.2 2.1870784e-05 2.0469359e-05
3168.0 2.2257195e-05 2.085577e-05
3172.8 2.2643437e-05 2.1242012e-05
3177.6 2.3029443e-05 2.1628018e-05
3182.4 2.3415186e-05 2.2013761e-05
3187.2 2.3800645e-05 2.239922e-05
3192.0 2.4185894e-05 2.2784469e-05
3196.8 2.4571035e-05 2.316961e-05
3201.6 2.4956113e-05 2.3554688e-05
3206.4 2.5341166e-05 2.3939741e-05
3211.2 2.5726228e-05 2.4324803e-05
3216.0 2.6111336e-05 2.4709911e-05
3220.8 2.6496474e-05 2.5095049e-05
3225.6 2.6881606e-05 2.5480181e-05
3230.4 2.7266664e-05 2.5865239e-05
3235.2 2.7651507e-05 2.6250082e-05
3240.0 2.8036026e-05 2.6634602e-05
3244.8 2.8420109e-05 2.7018684e-05
3249.6 2.8803649e-05 2.7402225e-05
3254.4 2.9186549e-05 2.7785124e-05
3259.2 2.9568736e-05 2.8167311e-05
3264.0 2.9950198e-05 2.8548773e-05
3268.8 3.0330911e-05 2.8929486e-05
3273.6 3.0710849e-05 2.9309424e-05
3278.4 3.1090013e-05 2.9688588e-05
3283.2 3.1468379e-05 3.0066955e-05
3288.0 3.1845905e-05 3.044448e-05
3292.8 3.2222477e-05 3.0821052e-05
3297.6 3.2598021e-05 3.1196596e-05
3302.4 3.2972493e-05 3.1571069e-05
3307.2 3.3345862e-05 3.1944438e-05
3312.0 3.3718129e-05 3.2316704e-05
3316.8 3.4089273e-05 3.2687848e-05
3321.6 3.4459329e-05 3.3057904e-05
3326.4 3.4828227e-05 3.3426802e-05
3331.2 3.5195929e-05 3.3794504e-05
3336.0 3.5562385e-05 3.416096e-05
3340.8 3.5927627e-05 3.4526202e-05
3345.6 3.629164e-05 3.4890215e-05
3350.4 3.6654466e-05 3.5253041e-05
3355.2 3.7016129e-05 3.5614704e-05
3360.0 3.7376736e-05 3.5975311e-05
3364.8 3.7736325e-05 3.63349e-05
3369.6 3.8095005e-05 3.669358e-05
3374.4 3.8452874e-05 3.7051449e-05
3379.2 3.8810096e-05 3.7408671e-05
3384.0 3.9166863e-05 3.7765438e-05
3388.8 3.9523447e-05 3.8122022e-05
3393.6 3.9880074e-05 3.8478649e-05
3398.4 4.0236994e-05 3.8835569e-05
3403.2 4.0594385e-05 3.919296e-05
3408.0 4.0952301e-05 3.9550876e-05
3412.8 4.131077e-05 3.9909345e-05
3417.6 4.1669851e-05 4.0268426e-05
3422.4 4.2029583e-05 4.0628158e-05
3427.2 4.2389959e-05 4.0988534e-05
3432.0 4.2750919e-05 4.1349494e-05
3436.8 4.3112363e-05 4.1710938e-05
3441.6 4.3474212e-05 4.2072787e-05
3446.4 4.3836404e-05 4.2434979e-05
3451.2 4.4198859e-05 4.2797434e-05
3456.0 4.4561509e-05 4.3160084e-05
3460.8 4.492431e-05 4.3522886e-05
3465.6 4.5287275e-05 4.388585e-05
3470.4 4.5650384e-05 4.4248959e-05
3475.2 4.6013715e-05 4.461229e-05
3480.0 4.6377384e-05 4.4975959e-05
3484.8 4.6741576e-05 4.5340151e-05
3489.6 4.7106539e-05 4.5705114e-05
3494.4 4.7472504e-05 4.6071079e-05
3499.2 4.7839828e-05 4.6438403e-05
3504.0 4.8209023e-05 4.6807598e-05
3508.8 4.8580759e-05 4.7179334e-05
3513.6 4.8955616e-05 4.7554191e-05
3518.4 4.9334094e-05 4.7932669e-05
3523.2 4.9716581e-05 4.8315156e-05
3528.0 5.0103333e-05 4.8701909e-05
3532.8 5.0494556e-05 4.9093131e-05
3537.6 5.0890261e-05 4.9488836e-05
3542.4 5.129051e-05 4.9889085e-05
3547.2 5.1695451e-05 5.0294026e-05
3552.0 5.2105188e-05 5.0703763e-05
3556.8 5.2519886e-05 5.1118461e-05
3561.6 5.2939803e-05 5.1538378e-05
3566.4 5.3364983e-05 5.1963558e-05
3571.2 5.3795493e-05 5.2394068e-05
3576.0 5.4231518e-05 5.2830093e-05
3580.8 5.4673221e-05 5.3271796e-05
3585.6 5.5120912e-05 5.3719487e-05
3590.4 5.5574808e-05 5.4173383e-05
3595.2 5.6034988e-05 5.4633563e-05
3600.0 5.6501717e-05 5.5100292e-05
3604.8 5.6975325e-05 5.55739e-05
3609.6 5.7455915e-05 5.605449e-05
3614.4 5.7943826e-05 5.6542401e-05
3619.2 5.8439344e-05 5.7037919e-05
3624.0 5.894283e-05 5.7541405e-05
3628.8 5.9454444e-05 5.8053019e-05
3633.6 5.9974768e-05 5.8573343e-05
3638.4 6.0504391e-05 5.9102966e-05
3643.2 6.104381e-05 5.9642386e-05
3648.0 6.1593407e-05 6.0191982e-05
3652.8 6.2153344e-05 6.0751919e-05
3657.6 6.2723411e-05 6.1321986e-05
3662.4 6.3303106e-05 6.1901681e-05
3667.2 6.3891834e-05 6.2490409e-05
3672.0 6.448888e-05 6.3087456e-05
3676.8 6.5093766e-05 6.3692341e-05
3681.6 6.5705945e-05 6.430452e-05
3686.4 6.6324855e-05 6.492343e-05
3691.2 6.6949983e-05 6.5548558e-05
3696.0 6.758091e-05 6.6179485e-05
3700.8 6.8217359e-05 6.6815935e-05
3705.6 6.885915e-05 6.7457725e-05
3710.4 6.9506119e-05 6.8104694e-05
3715.2 7.0158116e-05 6.8756692e-05
3720.0 7.0814893e-05 6.9413468e-05
3724.8 7.1476253e-05 7.0074828e-05
3729.6 7.2141989e-05 7.0740564e-05
3734.4 7.2811951e-05 7.1410526e-05
3739.2 7.3486159e-05 7.2084734e-05
3744.0 7.4164664e-05 7.2763239e-05
3748.8 7.4847531e-05 7.3446106e-05
3753.6 7.5534862e-05 7.4133437e-05
3758.4 7.6226825e-05 7.48254e-05
3763.2 7.6923604e-05 7.5522179e-05
3768.0 7.7625418e-05 7.6223993e-05
3772.8 7.8332484e-05 7.6931059e-05
3777.6 7.9045084e-05 7.7643659e-05
3782.4 7.976341e-05 7.8361985e-05
3787.2 8.048754e-05 7.9086115e-05
3792.0 8.1217505e-05 7.981608e-05
3796.8 8.1953276e-05 8.0551852e-05
3801.6 8.2694787e-05 8.1293362e-05
3806.4 8.3441911e-05 8.2040486e-05
3811.2 8.4194513e-05 8.2793088e-05
3816.0 8.4952494e-05 8.3551069e-05
3820.8 8.5715693e-05 8.4314268e-05
3825.6 8.6483966e-05 8.5082542e-05
3830.4 8.7257251e-05 8.5855826e-05
3835.2 8.8035474e-05 8.6634049e-05
3840.0 8.8818616e-05 8.7417191e-05
3844.8 8.9606506e-05 8.8205081e-05
3849.6 9.039894e-05 8.8997515e-05
3854.4 9.1195757e-05 8.9794332e-05
3859.2 9.1996677e-05 9.0595252e-05
3864.0 9.2801381e-05 9.1399956e-05
3868.8 9.3609513e-05 9.2208088e-05
3873.6 9.442079e-05 9.3019365e-05
3878.4 9.5234937e-05 9.3833512e-05
3883.2 9.6051716e-05 9.4650291e-05
3888.0 9.6870954e-05 9.5469529e-05
3892.8 9.7692705e-05 9.629128e-05
3897.6 9.8516927e-05 9.7115502e-05
3902.4 9.9343565e-05 9.794214e-05
3907.2 0.00010017247 9.8771045e-05
3912.0 0.00010100361 9.9602183e-05
3916.8 0.000101837 0.00010043558
3921.6 0.00010267257 0.00010127114
3926.4 0.00010351023 0.00010210881
3931.2 0.00010434983 0.00010294841
3936.0 0.00010519122 0.00010378979
3940.8 0.00010603427 0.00010463284
3945.6 0.00010687898 0.00010547756
3950.4 0.00010772538 0.00010632396
3955.2 0.00010857353 0.00010717211
3960.0 0.00010942358 0.00010802215
3964.8 0.00011027579 0.00010887437
3969.6 0.00011113063 0.0001097292
3974.4 0.00011198873 0.0001105873
3979.2 0.00011285079 0.00011144937
3984.0 0.00011371768 0.00011231625
3988.8 0.00011459016 0.00011318873
3993.6 0.00011546883 0.0001140674
3998.4 0.00011635381 0.00011495238
4003.2 0.00011724488 0.00011584346
4008.0 0.00011814154 0.00011674012
4012.8 0.0001190435 0.00011764207
4017.6 0.00011995058 0.00011854915
4022.4 0.00012086266 0.00011946123
4027.2 0.00012177967 0.00012037825
4032.0 0.00012270161 0.00012130018
4036.8 0.00012362834 0.00012222692
4041.6 0.00012455978 0.00012315835
4046.4 0.00012549571 0.00012409428
4051.2 0.00012643583 0.00012503441
4056.0 0.00012737995 0.00012597852
4060.8 0.00012832805 0.00012692662
4065.6 0.00012928015 0.00012787872
4070.4 0.0001302361 0.00012883467
4075.2 0.00013119559 0.00012979416
4080.0 0.00013215836 0.00013075693
4084.8 0.00013312428 0.00013172286
4089.6 0.00013409332 0.0001326919
4094.4 0.00013506558 0.00013366415
4099.2 0.00013604104 0.00013463961
4104.0 0.00013701941 0.00013561798
4108.8 0.00013800014 0.00013659871
4113.6 0.00013898262 0.0001375812
4118.4 0.0001399664 0.00013856498
4123.2 0.0001409512 0.00013954978
4128.0 0.00014193688 0.00014053545
4132.8 0.00014292343 0.000141522
4137.6 0.00014391082 0.00014250939
4142.4 0.00014489898 0.00014349756
4147.2 0.00014588778 0.00014448635
4152.0 0.00014687693 0.0001454755
4156.8 0.00014786635 0.00014646493
4161.6 0.00014885598 0.00014745455
4166.4 0.00014984589 0.00014844447
4171.2 0.00015083611 0.00014943468
4176.0 0.00015182664 0.00015042522
4180.8 0.0001528176 0.00015141618
4185.6 0.00015380896 0.00015240753
4190.4 0.00015480084 0.00015339941
4195.2 0.00015579341 0.00015439198
4200.0 0.00015678695 0.00015538552
4204.8 0.00015778161 0.00015638018
4209.6 0.00015877727 0.00015737584
4214.4 0.00015977357 0.00015837215
4219.2 0.00016077021 0.00015936879
4224.0 0.00016176711 0.00016036569
4228.8 0.00016276438 0.00016136296
4233.6 0.00016376227 0.00016236085
4238.4 0.00016476106 0.00016335964
4243.2 0.00016576111 0.00016435968
4248.0 0.00016676265 0.00016536123
4252.8 0.00016776593 0.0001663645
4257.6 0.00016877094 0.00016736952
4262.4 0.00016977774 0.00016837631
4267.2 0.00017078618 0.00016938476
4272.0 0.0001717962 0.00017039477
4276.8 0.0001728077 0.00017140627
4281.6 0.00017382064 0.00017241921
4286.4 0.00017483492 0.0001734335
4291.2 0.00017585049 0.00017444906
4296.0 0.00017686742 0.000175466
4300.8 0.00017788618 0.00017648475
4305.6 0.00017890754 0.00017750612
4310.4 0.00017993256 0.00017853113
4315.2 0.00018096213 0.00017956071
4320.0 0.00018199703 0.00018059561
4324.8 0.00018303776 0.00018163634
4329.6 0.00018408422 0.0001826828
4334.4 0.00018513585 0.00018373442
4339.2 0.00018619202 0.0001847906
4344.0 0.00018725201 0.00018585059
4348.8 0.00018831535 0.00018691393
4353.6 0.00018938172 0.0001879803
4358.4 0.00019045074 0.00018904932
4363.2 0.0001915222 0.00019012078
4368.0 0.00019259604 0.00019119461
4372.8 0.00019367221 0.00019227078
4377.6 0.0001947508 0.00019334938
4382.4 0.00019583189 0.00019443046
4387.2 0.00019691533 0.00019551391
4392.0 0.00019800105 0.00019659962
4396.8 0.00019908869 0.00019768727
4401.6 0.00020017778 0.00019877636
4406.4 0.00020126796 0.00019986654
4411.2 0.0002023589 0.00020095748
4416.0 0.00020345032 0.00020204889
4420.8 0.00020454198 0.00020314055
4425.6 0.00020563387 0.00020423244
4430.4 0.00020672584 0.00020532442
4435.2 0.00020781773 0.0002064163
4440.0 0.00020890928 0.00020750786
4444.8 0.00021000041 0.00020859898
4449.6 0.00021109105 0.00020968962
4454.4 0.00021218113 0.00021077971
4459.2 0.00021327066 0.00021186924
4464.0 0.00021435978 0.00021295835
4468.8 0.00021544861 0.00021404718
4473.6 0.00021653722 0.0002151358
4478.4 0.0002176256 0.00021622417
4483.2 0.0002187137 0.00021731227
4488.0 0.00021980145 0.00021840003
4492.8 0.00022088874 0.00021948732
4497.6 0.0002219754 0.00022057398
4502.4 0.00022306135 0.00022165992
4507.2 0.00022414654 0.00022274511
4512.0 0.00022523095 0.00022382952
4516.8 0.00022631455 0.00022491297
4521.6 0.00022739737 0.00022599564
4526.4 0.00022847937 0.00022707734
4531.2 0.00022956048 0.00022815817
4536.0 0.00023064068 0.00022923796
4540.8 0.00023171996 0.00023031683
4545.6 0.00023279839 0.0002313947
4550.4 0.00023387595 0.00023247074
4555.2 0.00023495273 0.00023354495
4560.0 0.00023602876 0.00023461688
4564.8 0.00023710409 0.00023568753
4569.6 0.00023817872 0.00023675715
4574.4 0.00023925265 0.00023782604
4579.2 0.00024032593 0.00023889427
4584.0 0.00024139858 0.00023996183
4588.8 0.00024247065 0.00024102865
4593.6 0.00024354215 0.00024209466
4598.4 0.00024461305 0.00024315989
4603.2 0.00024568338 0.00024422452
4608.0 0.00024675309 0.00024528849
4612.8 0.00024782214 0.00024635175
4617.6 0.00024889047 0.00024741424
4622.4 0.00024995804 0.00024847594
4627.2 0.00025102479 0.00024953678
4632.0 0.00025209075 0.00025059676
4636.8 0.00025315593 0.00025165592
4641.6 0.00025422036 0.00025271428
4646.4 0.00025528409 0.00025377188
4651.2 0.00025634722 0.00025482882
4656.0 0.0002574098 0.00025588476
4660.8 0.00025847188 0.00025694012
4665.6 0.00025953352 0.00025799481
4670.4 0.00026059475 0.00025904902
4675.2 0.00026165552 0.0002601025
4680.0 0.00026271579 0.00026115527
4684.8 0.00026377552 0.00026220709
4689.6 0.0002648346 0.00026325814
4694.4 0.00026589296 0.00026430801
4699.2 0.00026695052 0.00026535674
4704.0 0.00026800717 0.00026640449
4708.8 0.00026906284 0.00026745117
4713.6 0.00027011744 0.0002684967
4718.4 0.00027117093 0.00026954065
4723.2 0.00027222327 0.00027058337
4728.0 0.0002732745 0.00027162488
4732.8 0.00027432462 0.00027266499
4737.6 0.00027537371 0.00027370362
4742.4 0.00027642183 0.0002747404
4747.2 0.00027746901 0.00027577611
4752.0 0.00027851521 0.00027681027
4756.8 0.00027956043 0.00027784285
4761.6 0.00028060466 0.00027887383
4766.4 0.00028164785 0.00027990421
4771.2 0.00028268996 0.00028093341
4776.0 0.00028373089 0.00028196121
4780.8 0.00028477053 0.00028298762
4785.6 0.0002858088 0.00028401225
4790.4 0.00028684564 0.00028503499
4795.2 0.00028788096 0.00028605611
4800.0 0.0002889147 0.00028707514
4804.8 0.00028994674 0.00028809167
4809.6 0.000290977 0.00028910588
4814.4 0.00029200546 0.00029011754
4819.2 0.00029303206 0.00029112656
4824.0 0.00029405681 0.00029213365
4828.8 0.00029507967 0.00029313925
4833.6 0.00029610061 0.00029414262
4838.4 0.00029711961 0.00029514351
4843.2 0.00029813671 0.00029614124
4848.0 0.00029915194 0.00029713546
4852.8 0.00030016531 0.00029812654
4857.6 0.00030117682 0.00029911319
4862.4 0.00030218646 0.00030009639
4867.2 0.0003031942 0.00030107343
4872.0 0.00030420001 0.00030204581
4876.8 0.00030520381 0.0003030112
4881.6 0.00030620551 0.00030396992
4886.4 0.000307205 0.00030492515
4891.2 0.00030820219 0.00030587603
4896.0 0.00030919703 0.00030682369
4900.8 0.00031018944 0.00030776592
4905.6 0.00031117935 0.00030870053
4910.4 0.00031216672 0.00030962911
4915.2 0.00031315154 0.0003105499
4920.0 0.00031413385 0.00031146056
4924.8 0.00031511365 0.00031236072
4929.6 0.00031609099 0.00031325329
4934.4 0.00031706598 0.00031413887
4939.2 0.00031803868 0.00031501729
4944.0 0.00031900923 0.00031589081
4948.8 0.00031997769 0.00031675782
4953.6 0.00032094408 0.00031761827
4958.4 0.00032190842 0.0003184753
4963.2 0.00032287068 0.00031932699
4968.0 0.0003238308 0.00032017266
4972.8 0.00032478871 0.0003210153
4977.6 0.00032574428 0.00032185346
4982.4 0.00032669742 0.00032268592
4987.2 0.00032764811 0.00032351479
4992.0 0.00032859634 0.00032433798
4996.8 0.0003295421 0.00032515694
5001.6 0.00033048547 0.00032596997
5006.4 0.00033142651 0.00032677945
5011.2 0.0003323653 0.00032758636
5016.0 0.00033330194 0.00032839228
5020.8 0.00033423652 0.00032919516
5025.6 0.00033516913 0.00032999451
5030.4 0.00033609983 0.0003307917
5035.2 0.0003370287 0.00033158634
5040.0 0.00033795582 0.00033237902
5044.8 0.00033888121 0.00033316845
5049.6 0.00033980494 0.00033395566
5054.4 0.00034072701 0.00033474027
5059.2 0.00034164741 0.00033552235
5064.0 0.00034256608 0.00033630007
5068.8 0.00034348297 0.00033707514
5073.6 0.00034439801 0.00033784633
5078.4 0.00034531112 0.00033861306
5083.2 0.00034622225 0.00033937748
5088.0 0.00034713138 0.00034013784
5092.8 0.0003480385 0.00034089364
5097.6 0.00034894363 0.0003416461
5102.4 0.00034984682 0.00034239446
5107.2 0.00035074812 0.00034313873
5112.0 0.00035164762 0.00034388014
5116.8 0.00035254541 0.00034461992
5121.6 0.00035344165 0.00034535681
5126.4 0.00035433646 0.00034609029
5131.2 0.00035523 0.00034682261
5136.0 0.0003561224 0.00034755547
5140.8 0.00035701375 0.00034828426
5145.6 0.00035790414 0.00034901216
5150.4 0.00035879359 0.00034973581
5155.2 0.00035968204 0.00035045819
5160.0 0.00036056938 0.00035117979
5164.8 0.00036145551 0.00035189987
5169.6 0.00036234034 0.00035261809
5174.4 0.00036322374 0.00035333585
5179.2 0.00036410565 0.00035404911
5184.0 0.00036498598 0.00035476263
5188.8 0.00036586469 0.00035547317
5193.6 0.00036674177 0.00035618264
5198.4 0.00036761725 0.00035688903
5203.2 0.00036849113 0.00035759269
5208.0 0.00036936343 0.00035829543
5212.8 0.00037023419 0.00035899369
5217.6 0.00037110347 0.00035968722
5222.4 0.00037197128 0.0003603774
5227.2 0.00037283769 0.00036106608
5232.0 0.00037370271 0.00036175276
5236.8 0.00037456637 0.00036243761
5241.6 0.00037542865 0.00036311887
5246.4 0.00037628956 0.00036379702
5251.2 0.00037714911 0.00036447
5256.0 0.00037800728 0.00036514208
5260.8 0.00037886401 0.00036580552
5265.6 0.0003797193 0.00036646796
5270.4 0.00038057309 0.00036712564
5275.2 0.0003814253 0.00036777772
5280.0 0.00038227591 0.00036841705
5284.8 0.00038312488 0.00036904797
5289.6 0.00038397214 0.00036967293
5294.4 0.00038481769 0.00037029054
5299.2 0.00038566154 0.00037089861
5304.0 0.00038650363 0.00037149541
5308.8 0.00038734395 0.00037208764
5313.6 0.00038818247 0.00037267362
5318.4 0.00038901919 0.00037324835
5323.2 0.0003898541 0.00037381903
5328.0 0.00039068725 0.00037438646
5332.8 0.00039151866 0.00037494532
5337.6 0.00039234833 0.00037549498
5342.4 0.00039317627 0.00037603688
5347.2 0.00039400252 0.00037656722
5352.0 0.00039482712 0.00037708707
5356.8 0.00039565009 0.00037759553
5361.6 0.00039647147 0.00037809636
5366.4 0.00039729132 0.0003785877
5371.2 0.00039810972 0.00037907162
5376.0 0.00039892674 0.00037954667
5380.8 0.00039974242 0.0003800153
5385.6 0.0004005568 0.00038046783
5390.4 0.00040136989 0.00038091209
5395.2 0.00040218171 0.00038134825
5400.0 0.00040299227 0.00038177282
5404.8 0.00040380158 0.00038218718
5409.6 0.00040460962 0.00038258886
5414.4 0.00040541639 0.00038298118
5419.2 0.00040622186 0.00038336202
5424.0 0.00040702603 0.0003837331
5428.8 0.00040782891 0.0003840941
5433.6 0.0004086306 0.00038444787
5438.4 0.00040943117 0.00038479287
5443.2 0.00041023074 0.00038513324
5448.0 0.00041102942 0.00038546333
5452.8 0.00041182735 0.00038578674
5457.6 0.00041262462 0.00038610043
5462.4 0.00041342135 0.00038640676
5467.2 0.00041421763 0.00038670525
5472.0 0.00041501351 0.00038699404
5476.8 0.00041580901 0.00038727535
5481.6 0.00041660413 0.00038755185
5486.4 0.00041739882 0.00038782069
5491.2 0.00041819302 0.00038808242
5496.0 0.00041898661 0.00038833927
5500.8 0.0004197795 0.00038859076
5505.6 0.00042057155 0.00038883569
5510.4 0.00042136259 0.000389075
5515.2 0.00042215249 0.00038931297
5520.0 0.00042294113 0.00038954852
5524.8 0.0004237284 0.0003897813
5529.6 0.00042451422 0.00039001149
5534.4 0.00042529849 0.00039023557
5539.2 0.00042608117 0.00039045642
5544.0 0.00042686221 0.00039067357
5548.8 0.00042764159 0.00039088686
5553.6 0.00042841929 0.00039109776
5558.4 0.00042919531 0.00039130788
5563.2 0.00042996967 0.00039151494
5568.0 0.00043074241 0.00039172173
5572.8 0.00043151354 0.00039192985
5577.6 0.0004322831 0.00039213548
5582.4 0.00043305115 0.00039234064
5587.2 0.00043381771 0.00039254513
5592.0 0.00043458282 0.00039274933
5596.8 0.00043534651 0.00039295396
5601.6 0.00043610879 0.00039315676
5606.4 0.00043686971 0.00039335724
5611.2 0.00043762924 0.00039355745
5616.0 0.00043838739 0.00039375767
5620.8 0.00043914413 0.00039395542
5625.6 0.00043989946 0.00039415128
5630.4 0.00044065334 0.00039434418
5635.2 0.00044140574 0.0003945357
5640.0 0.0004421566 0.00039472507
5644.8 0.00044290587 0.00039491237
5649.6 0.00044365348 0.00039509792
5654.4 0.00044439937 0.00039528398
5659.2 0.00044514344 0.00039546937
5664.0 0.00044588567 0.00039565063
5668.8 0.00044662596 0.00039583014
5673.6 0.00044736428 0.00039600668
5678.4 0.0004481006 0.00039618049
5683.2 0.00044883487 0.00039635289
5688.0 0.00044956706 0.00039652408
5692.8 0.00045029716 0.00039669475
5697.6 0.00045102518 0.00039686298
5702.4 0.00045175108 0.00039703061
5707.2 0.00045247488 0.00039719499
5712.0 0.00045319659 0.00039735548
5716.8 0.00045391625 0.00039751347
5721.6 0.00045463386 0.0003976681
5726.4 0.00045534948 0.00039782018
5731.2 0.00045606312 0.00039796909
5736.0 0.00045677481 0.0003981157
5740.8 0.00045748459 0.00039826163
5745.6 0.00045819246 0.00039840573
5750.4 0.00045889842 0.00039854509
5755.2 0.00045960245 0.00039868183
5760.0 0.00046030458 0.00039881625
5764.8 0.00046100477 0.00039894779
5769.6 0.00046170304 0.00039907506
5774.4 0.00046239937 0.0003992011
5779.2 0.00046309377 0.00039932409
5784.0 0.0004637862 0.0003994451
5788.8 0.00046447668 0.0003995627
5793.6 0.00046516523 0.00039967692
5798.4 0.00046585183 0.00039978817
5803.2 0.00046653649 0.00039989773
5808.0 0.00046721928 0.00040000419
5812.8 0.00046790022 0.00040011036
5817.6 0.00046857934 0.0004002159
5822.4 0.00046925663 0.00040031839
5827.2 0.00046993213 0.00040042011
5832.0 0.00047060583 0.00040052016
5836.8 0.00047127776 0.00040061958
5841.6 0.0004719479 0.0004007167
5846.4 0.00047261629 0.00040081104
5851.2 0.00047328296 0.00040090483
5856.0 0.0004739479 0.00040099675
5860.8 0.00047461116 0.00040108671
5865.6 0.00047527274 0.00040117447
5870.4 0.00047593266 0.0004012612
5875.2 0.00047659092 0.00040134586
5880.0 0.00047724756 0.00040142847
5884.8 0.00047790259 0.00040151147
5889.6 0.000478556 0.00040159352
5894.4 0.00047920778 0.0004016745
5899.2 0.00047985794 0.00040175471
5904.0 0.00048050644 0.00040183413
5908.8 0.00048115328 0.00040191303
5913.6 0.00048179844 0.00040199117
5918.4 0.00048244191 0.00040206724
5923.2 0.00048308367 0.00040214257
5928.0 0.0004837237 0.00040221616
5932.8 0.00048436198 0.00040228994
5937.6 0.00048499848 0.00040236343
5942.4 0.00048563314 0.00040243648
5947.2 0.00048626594 0.00040250882
5952.0 0.00048689686 0.00040258074
5956.8 0.00048752587 0.00040265304
5961.6 0.00048815297 0.00040272509
5966.4 0.00048877816 0.00040279652
5971.2 0.00048940149 0.00040286686
5976.0 0.00049002295 0.00040293739
5980.8 0.00049064259 0.00040300713
5985.6 0.00049126043 0.00040307686
5990.4 0.00049187648 0.00040314668
5995.2 0.00049249075 0.00040321651
6000.0 0.00049310323 0.00040328502
6004.8 0.00049371394 0.00040335323
6009.6 0.00049432288 0.00040342076
6014.4 0.00049493004 0.00040348781
6019.2 0.00049553541 0.00040355463
6024.0 0.00049613896 0.00040362121
6028.8 0.00049674069 0.00040368681
6033.6 0.00049734061 0.00040375215
6038.4 0.00049793873 0.000403817
6043.2 0.00049853507 0.00040388108
6048.0 0.00049912968 0.000403945
6052.8 0.00049972258 0.00040400861
6057.6 0.00050031383 0.00040407131
6062.4 0.0005009035 0.00040413365
6067.2 0.00050149166 0.00040419553
6072.0 0.00050207839 0.00040425631
6076.8 0.00050266375 0.00040431681
6081.6 0.00050324782 0.00040437653
6086.4 0.00050383069 0.0004044364
6091.2 0.00050441241 0.00040449607
6096.0 0.00050499305 0.00040455509
6100.8 0.00050557266 0.00040461322
6105.6 0.00050615129 0.0004046721
6110.4 0.00050672899 0.00040473018
6115.2 0.00050730578 0.00040478941
6120.0 0.00050788168 0.00040484754
6124.8 0.00050845673 0.00040490475
6129.6 0.00050903097 0.00040496229
6134.4 0.00050960442 0.00040502058
6139.2 0.00051017715 0.0004050803
6144.0 0.00051074918 0.00040513906
6148.8 0.0005113205 0.0004051982
6153.6 0.00051189113 0.0004052579
6158.4 0.00051246108 0.00040531852
6163.2 0.00051303034 0.00040537938
6168.0 0.00051359895 0.00040544073
6172.8 0.00051416694 0.00040550169
6177.6 0.0005147343 0.00040556394
6182.4 0.00051530106 0.00040562611
6187.2 0.00051586725 0.00040568823
6192.0 0.00051643291 0.00040575213
6196.8 0.0005169981 0.00040581822
6201.6 0.00051756286 0.00040588506
6206.4 0.00051812724 0.00040595206
6211.2 0.0005186913 0.00040602007
6216.0 0.00051925504 0.00040608922
6220.8 0.00051981858 0.00040615882
6225.6 0.000520382 0.00040622861
6230.4 0.0005209454 0.00040630032
6235.2 0.00052150884 0.00040637312
6240.0 0.00052207235 0.00040644729
6244.8 0.00052263601 0.00040652432
6249.6 0.00052319986 0.00040660239
6254.4 0.0005237639 0.000406682
6259.2 0.00052432813 0.00040676293
6264.0 0.0005248926 0.00040684488
6268.8 0.00052545736 0.00040692778
6273.6 0.00052602246 0.00040701206
6278.4 0.00052658792 0.00040709714
6283.2 0.00052715374 0.00040718462
6288.0 0.00052771992 0.00040727322
6292.8 0.00052828644 0.00040736424
6297.6 0.00052885322 0.00040745666
6302.4 0.0005294202 0.00040755069
6307.2 0.00052998728 0.00040764482
6312.0 0.00053055442 0.00040773741
6316.8 0.00053112156 0.00040783249
6321.6 0.00053168862 0.00040792979
6326.4 0.00053225554 0.00040802804
6331.2 0.00053282228 0.00040812573
6336.0 0.00053338876 0.00040822272
6340.8 0.00053395492 0.00040832131
6345.6 0.00053452067 0.00040841873
6350.4 0.00053508598 0.00040851649
6355.2 0.00053565081 0.00040861438
6360.0 0.00053621515 0.00040871284
6364.8 0.00053677894 0.00040881076
6369.6 0.00053734218 0.00040891151
6374.4 0.00053790485 0.00040900772
6379.2 0.00053846695 0.00040910513
6384.0 0.00053902844 0.00040920225
6388.8 0.00053958931 0.00040929893
6393.6 0.00054014956 0.00040939583
6398.4 0.00054070918 0.00040949288
6403.2 0.0005412682 0.00040958967
6408.0 0.00054182657 0.00040968601
6412.8 0.0005423843 0.00040978149
6417.6 0.00054294135 0.00040987567
6422.4 0.00054349769 0.00040997314
6427.2 0.00054405329 0.00041006857
6432.0 0.00054460811 0.00041016441
6436.8 0.00054516213 0.00041025956
6441.6 0.00054571532 0.00041035319
6446.4 0.00054626767 0.00041044577
6451.2 0.00054681917 0.00041053861
6456.0 0.00054736981 0.00041063072
6460.8 0.00054791958 0.00041072169
6465.6 0.00054846847 0.00041081317
6470.4 0.00054901649 0.00041090219
6475.2 0.00054956364 0.00041098812
6480.0 0.00055010992 0.00041107634
6484.8 0.00055065534 0.00041116519
6489.6 0.00055119991 0.00041125268
6494.4 0.00055174362 0.00041134002
6499.2 0.00055228648 0.00041142446
6504.0 0.00055282853 0.00041150747
6508.8 0.00055336975 0.00041159147
6513.6 0.00055391015 0.00041167327
6518.4 0.00055444973 0.00041175465
6523.2 0.00055498849 0.00041183424
6528.0 0.00055552641 0.0004119133
6532.8 0.00055606349 0.00041198815
6537.6 0.00055659974 0.00041206296
6542.4 0.00055713513 0.00041213791
6547.2 0.00055766968 0.00041221277
6552.0 0.00055820339 0.00041228619
6556.8 0.00055873624 0.0004123591
6561.6 0.00055926824 0.00041243093
6566.4 0.00055979939 0.00041250309
6571.2 0.00056032968 0.00041257441
6576.0 0.0005608591 0.00041264604
6580.8 0.00056138764 0.00041271688
6585.6 0.00056191529 0.00041278655
6590.4 0.00056244206 0.00041285598
6595.2 0.00056296793 0.00041292196
6600.0 0.00056349289 0.0004129867
6604.8 0.00056401694 0.00041304988
6609.6 0.00056454007 0.00041311241
6614.4 0.0005650623 0.00041317308
6619.2 0.00056558365 0.00041323303
6624.0 0.00056610414 0.00041329252
6628.8 0.00056662378 0.00041335116
6633.6 0.00056714259 0.00041340911
6638.4 0.00056766058 0.000413467
6643.2 0.00056817776 0.00041352484
6648.0 0.00056869414 0.0004135838
6652.8 0.00056920971 0.00041364297
6657.6 0.00056972445 0.00041370103
6662.4 0.00057023837 0.00041375907
6667.2 0.00057075147 0.0004138167
6672.0 0.00057126372 0.00041387284
6676.8 0.00057177513 0.00041392864
6681.6 0.00057228572 0.00041398414
6686.4 0.00057279549 0.00041403912
6691.2 0.00057330442 0.00041409201
6696.0 0.0005738125 0.0004141421
6700.8 0.00057431976 0.00041419181
6705.6 0.00057482621 0.00041424209
6710.4 0.00057533188 0.00041429142
6715.2 0.00057583679 0.00041433935
6720.0 0.00057634096 0.00041438715
6724.8 0.00057684442 0.00041443408
6729.6 0.00057734719 0.00041448099
6734.4 0.00057784933 0.00041452509
6739.2 0.00057835084 0.00041456902
6744.0 0.00057885176 0.00041461212
6748.8 0.0005793521 0.00041465362
6753.6 0.00057985185 0.00041469533
6758.4 0.00058035103 0.00041473609
6763.2 0.00058084964 0.00041477601
6768.0 0.00058134769 0.0004148131
6772.8 0.00058184521 0.00041484975
6777.6 0.00058234223 0.00041488504
6782.4 0.00058283874 0.00041492045
6787.2 0.00058333478 0.00041495458
6792.0 0.00058383037 0.00041498806
6796.8 0.00058432552 0.00041502149
6801.6 0.00058482024 0.00041505376
6806.4 0.00058531455 0.00041508615
6811.2 0.00058580847 0.00041511635
6816.0 0.00058630203 0.00041514569
6820.8 0.00058679522 0.00041517525
6825.6 0.00058728809 0.00041520515
6830.4 0.00058778063 0.00041523214
6835.2 0.00058827281 0.00041525919
6840.0 0.00058876466 0.0004152862
6844.8 0.00058925618 0.00041531092
6849.6 0.00058974738 0.00041533403
6854.4 0.00059023822 0.00041535634
6859.2 0.00059072869 0.00041537736
6864.0 0.00059121876 0.00041539842
6868.8 0.00059170838 0.00041541777
6873.6 0.00059219755 0.00041543603
6878.4 0.00059268621 0.00041545436
6883.2 0.00059317433 0.00041547163
6888.0 0.00059366189 0.00041548841
6892.8 0.00059414884 0.00041550529
6897.6 0.00059463514 0.00041552105
6902.4 0.00059512076 0.00041553348
6907.2 0.00059560566 0.00041554528
6912.0 0.00059608979 0.00041555712
6916.8 0.00059657315 0.00041556906
6921.6 0.00059705569 0.00041558115
6926.4 0.00059753743 0.00041559324
6931.2 0.00059801836 0.00041560445
6936.0 0.00059849846 0.00041561566
6940.8 0.00059897773 0.00041562687
6945.6 0.00059945616 0.00041563815
6950.4 0.00059993374 0.00041564945
6955.2 0.00060041042 0.00041566077
6960.0 0.00060088619 0.00041567226
6964.8 0.00060136106 0.0004156839
6969.6 0.00060183501 0.00041569556
6974.4 0.00060230804 0.00041570735
6979.2 0.00060278012 0.00041571915
6984.0 0.00060325123 0.00041573095
6988.8 0.00060372137 0.00041574269
6993.6 0.00060419049 0.00041575445
6998.4 0.00060465858 0.00041576617
7003.2 0.00060512561 0.00041577789
7008.0 0.00060559156 0.00041578956
7012.8 0.00060605639 0.00041580137
7017.6 0.0006065201 0.0004158132
7022.4 0.00060698266 0.00041582489
7027.2 0.00060744407 0.00041583661
7032.0 0.00060790432 0.00041584822
7036.8 0.00060836339 0.00041585947
7041.6 0.00060882127 0.00041587056
7046.4 0.00060927798 0.00041588171
7051.2 0.00060973351 0.00041589283
7056.0 0.00061018785 0.00041590393
7060.8 0.00061064103 0.0004159149
7065.6 0.00061109303 0.0004159259
7070.4 0.00061154386 0.00041593692
7075.2 0.00061199353 0.00041594807
7080.0 0.00061244205 0.00041595934
7084.8 0.00061288943 0.00041597062
7089.6 0.00061333568 0.00041598184
7094.4 0.00061378082 0.00041599327
7099.2 0.00061422485 0.00041600466
7104.0 0.0006146678 0.00041601595
7108.8 0.00061510968 0.00041602723
7113.6 0.0006155505 0.00041603849
7118.4 0.0006159903 0.00041604962
7123.2 0.00061642909 0.00041606072
7128.0 0.0006168669 0.00041607191
7132.8 0.00061730375 0.00041608307
7137.6 0.00061773965 0.00041609374
7142.4 0.00061817465 0.00041610421
7147.2 0.00061860877 0.00041611434
7152.0 0.00061904207 0.00041612422
7156.8 0.00061947457 0.00041613399
7161.6 0.00061990634 0.00041614347
7166.4 0.00062033741 0.00041615289
7171.2 0.00062076781 0.00041616228
7176.0 0.00062119759 0.00041617157
7180.8 0.00062162681 0.0004161808
7185.6 0.00062205548 0.00041618998
7190.4 0.00062248368 0.00041619906
7195.2 0.00062291143 0.00041620811
7200.0 0.00062333881 0.00041621718
7204.8 0.00062376586 0.00041622628
7209.6 0.00062419262 0.00041623536
7214.4 0.00062461918 0.0004162443
7219.2 0.00062504555 0.00041625319
7224.0 0.00062547183 0.00041626209
7228.8 0.00062589805 0.00041627091
7233.6 0.00062632427 0.00041627972
7238.4 0.00062675056 0.00041628837
7243.2 0.00062717699 0.00041629699
7248.0 0.00062760362 0.0004163056
7252.8 0.00062803052 0.00041631418
7257.6 0.00062845775 0.00041632265
7262.4 0.00062888534 0.00041633103
7267.2 0.00062931336 0.00041633929
7272.0 0.00062974186 0.00041634739
7276.8 0.0006301709 0.00041635545
7281.6 0.00063060052 0.00041636343
7286.4 0.00063103077 0.00041637098
7291.2 0.0006314617 0.0004163785
7296.0 0.00063189336 0.00041638583
7300.8 0.00063232579 0.00041639299
7305.6 0.00063275904 0.00041640006
7310.4 0.00063319313 0.00041640706
7315.2 0.00063362806 0.00041641405
7320.0 0.00063406387 0.00041642108
7324.8 0.00063450055 0.00041642809
7329.6 0.0006349381 0.0004164351
7334.4 0.00063537649 0.00041644205
7339.2 0.00063581571 0.00041644888
7344.0 0.00063625569 0.00041645559
7348.8 0.0006366964 0.00041646227
7353.6 0.00063713778 0.00041646873
7358.4 0.00063757982 0.00041647508
7363.2 0.00063802248 0.00041648142
7368.0 0.00063846572 0.00041648775
7372.8 0.00063890947 0.00041649416
7377.6 0.00063935368 0.00041650048
7382.4 0.00063979828 0.00041650669
7387.2 0.00064024318 0.00041651282
7392.0 0.00064068832 0.00041651887
7396.8 0.00064113364 0.00041652491
7401.6 0.00064157908 0.00041653085
7406.4 0.00064202456 0.00041653681
7411.2 0.00064247002 0.00041654276
7416.0 0.00064291542 0.00041654865
7420.8 0.00064336067 0.00041655448
7425.6 0.00064380572 0.0004165603
7430.4 0.00064425052 0.00041656603
7435.2 0.000644695 0.00041657175
7440.0 0.00064513914 0.00041657746
7444.8 0.00064558287 0.00041658308
7449.6 0.00064602615 0.00041658865
7454.4 0.0006464689 0.00041659417
7459.2 0.00064691108 0.00041659967
7464.0 0.00064735268 0.00041660515
7468.8 0.00064779365 0.00041661062
7473.6 0.00064823395 0.00041661601
7478.4 0.00064867355 0.00041662139
7483.2 0.0006491124 0.00041662677
7488.0 0.0006495505 0.00041663214
7492.8 0.00064998779 0.00041663749
7497.6 0.00065042425 0.00041664279
7502.4 0.00065085986 0.00041664809
7507.2 0.00065129459 0.00041665337
7512.0 0.00065172841 0.0004166586
7516.8 0.00065216131 0.00041666375
7521.6 0.00065259324 0.0004166688
7526.4 0.00065302422 0.00041667384
7531.2 0.00065345422 0.00041667885
7536.0 0.00065388323 0.00041668371
7540.8 0.00065431125 0.00041668845
7545.6 0.00065473826 0.00041669321
7550.4 0.00065516426 0.00041669797
7555.2 0.00065558926 0.00041670273
7560.0 0.00065601325 0.00041670744
7564.8 0.00065643623 0.00041671208
7569.6 0.00065685816 0.00041671669
7574.4 0.0006572791 0.00041672123
7579.2 0.00065769902 0.00041672584
7584.0 0.00065811794 0.0004167304
7588.8 0.00065853586 0.00041673496
7593.6 0.00065895278 0.00041673937
7598.4 0.00065936871 0.00041674377
7603.2 0.00065978364 0.00041674814
7608.0 0.00066019757 0.00041675246
7612.8 0.00066061047 0.00041675676
7617.6 0.00066102233 0.00041676103
7622.4 0.00066143315 0.00041676527
7627.2 0.00066184292 0.00041676949
7632.0 0.00066225162 0.0004167737
7636.8 0.00066265924 0.0004167779
7641.6 0.00066306575 0.00041678205
7646.4 0.00066347116 0.00041678622
7651.2 0.00066387545 0.0004167904
7656.0 0.0006642786 0.00041679458
7660.8 0.00066468063 0.00041679874
7665.6 0.00066508153 0.00041680286
7670.4 0.00066548129 0.00041680701
7675.2 0.00066587989 0.00041681116
7680.0 0.00066627734 0.00041681528
7684.8 0.00066667364 0.0004168194
7689.6 0.00066706879 0.00041682347
7694.4 0.00066746278 0.00041682753
7699.2 0.00066785563 0.00041683152
7704.0 0.00066824733 0.00041683547
7708.8 0.0006686379 0.00041683941
7713.6 0.00066902734 0.00041684325
7718.4 0.00066941566 0.00041684707
7723.2 0.00066980288 0.00041685083
7728.0 0.00067018899 0.00041685455
7732.8 0.00067057402 0.00041685827
7737.6 0.00067095797 0.00041686198
7742.4 0.00067134084 0.00041686569
7747.2 0.00067172263 0.00041686939
7752.0 0.00067210335 0.00041687302
7756.8 0.000672483 0.00041687667
7761.6 0.00067286157 0.0004168803
7766.4 0.00067323907 0.00041688392
7771.2 0.00067361549 0.00041688744
7776.0 0.00067399085 0.0004168909
7780.8 0.00067436513 0.00041689436
7785.6 0.00067473834 0.0004168978
7790.4 0.00067511048 0.00041690127
7795.2 0.00067548155 0.00041690474
7800.0 0.00067585152 0.0004169082
7804.8 0.0006762204 0.00041691165
7809.6 0.00067658818 0.00041691506
7814.4 0.00067695486 0.00041691847
7819.2 0.00067732045 0.00041692186
7824.0 0.00067768491 0.00041692526
7828.8 0.00067804826 0.00041692862
7833.6 0.00067841049 0.00041693196
7838.4 0.00067877159 0.00041693529
7843.2 0.00067913156 0.00041693862
7848.0 0.0006794904 0.00041694193
7852.8 0.0006798481 0.00041694522
7857.6 0.00068020468 0.00041694849
7862.4 0.00068056013 0.00041695171
7867.2 0.00068091444 0.00041695494
7872.0 0.00068126762 0.00041695816
7876.8 0.00068161968 0.00041696138
7881.6 0.00068197061 0.00041696452
7886.4 0.00068232042 0.0004169676
7891.2 0.00068266912 0.00041697056
7896.0 0.00068301672 0.00041697352
7900.8 0.00068336321 0.00041697643
7905.6 0.00068370862 0.0004169793
7910.4 0.00068405294 0.00041698211
7915.2 0.00068439618 0.0004169848
7920.0 0.00068473837 0.00041698744
7924.8 0.00068507949 0.00041699001
7929.6 0.00068541956 0.00041699253
7934.4 0.00068575858 0.00041699501
7939.2 0.00068609656 0.00041699743
7944.0 0.0006864335 0.00041699982
7948.8 0.00068676941 0.0004170021
7953.6 0.00068710428 0.00041700435
7958.4 0.00068743813 0.0004170064
7963.2 0.00068777096 0.00041700831
7968.0 0.00068810278 0.00041701017
7972.8 0.0006884336 0.00041701203
7977.6 0.00068876343 0.00041701373
7982.4 0.00068909226 0.00041701534
7987.2 0.00068942011 0.00041701683
7992.0 0.00068974698 0.00041701822
7996.8 0.00069007288 0.00041701951
8001.6 0.00069039781 0.00041702068
8006.4 0.00069072179 0.00041702184
8011.2 0.00069104481 0.00041702299
8016.0 0.00069136688 0.00041702409
8020.8 0.000691688 0.00041702511
8025.6 0.0006920082 0.00041702619
8030.4 0.00069232747 0.00041702736
8035.2 0.00069264581 0.00041702847
8040.0 0.00069296325 0.0004170297
8044.8 0.00069327977 0.00041703093
8049.6 0.00069359539 0.00041703214
8054.4 0.00069391012 0.00041703335
8059.2 0.00069422397 0.00041703455
8064.0 0.00069453694 0.00041703575
8068.8 0.00069484904 0.00041703693
8073.6 0.00069516028 0.00041703812
8078.4 0.00069547066 0.0004170393
8083.2 0.00069578019 0.00041704052
8088.0 0.00069608886 0.00041704174
8092.8 0.00069639669 0.00041704281
8097.6 0.00069670367 0.00041704385
8102.4 0.0006970098 0.00041704488
8107.2 0.00069731507 0.00041704587
8112.0 0.00069761948 0.00041704683
8116.8 0.00069792303 0.0004170477
8121.6 0.0006982257 0.00041704853
8126.4 0.00069852749 0.00041704934
8131.2 0.0006988284 0.00041705014
8136.0 0.00069912842 0.00041705091
8140.8 0.00069942754 0.00041705162
8145.6 0.00069972576 0.0004170522
8150.4 0.00070002307 0.00041705279
8155.2 0.00070031948 0.00041705337
8160.0 0.00070061497 0.00041705392
8164.8 0.00070090954 0.00041705433
8169.6 0.00070120318 0.00041705468
8174.4 0.0007014959 0.00041705498
8179.2 0.00070178769 0.00041705529
8184.0 0.00070207856 0.00041705559
8188.8 0.00070236851 0.00041705584
8193.6 0.00070265752 0.00041705605
8198.4 0.00070294561 0.00041705626
8203.2 0.00070323277 0.00041705647
8208.0 0.000703519 0.00041705665
8212.8 0.00070380432 0.00041705682
8217.6 0.00070408871 0.00041705699
8222.4 0.0007043722 0.00041705712
8227.2 0.0007046548 0.00041705725
8232.0 0.00070493651 0.00041705738
8236.8 0.00070521734 0.00041705751
8241.6 0.0007054973 0.00041705763
8246.4 0.0007057764 0.00041705776
8251.2 0.00070605465 0.00041705789
8256.0 0.00070633206 0.00041705797
8260.8 0.00070660864 0.00041705806
8265.6 0.0007068844 0.00041705814
8270.4 0.00070715934 0.00041705823
8275.2 0.00070743347 0.00041705831
8280.0 0.00070770679 0.0004170584
8284.8 0.00070797929 0.00041705848
8289.6 0.00070825097 0.00041705856
8294.4 0.00070852182 0.00041705864
8299.2 0.00070879186 0.00041705868
8304.0 0.00070906107 0.00041705872
8308.8 0.00070932946 0.00041705881
8313.6 0.000709597 0.00041705889
8318.4 0.00070986371 0.00041705897
8323.2 0.00071012957 0.00041705905
8328.0 0.00071039458 0.00041705913
8332.8 0.00071065873 0.00041705921
8337.6 0.00071092202 0.00041705929
8342.4 0.00071118443 0.00041705937
8347.2 0.00071144597 0.00041705945
8352.0 0.00071170663 0.00041705953
8356.8 0.00071196643 0.00041705961
8361.6 0.00071222535 0.00041705969
8366.4 0.00071248339 0.00041705977
8371.2 0.00071274057 0.00041705985
8376.0 0.00071299689 0.00041705993
8380.8 0.00071325234 0.00041706001
8385.6 0.00071350694 0.00041706009
8390.4 0.0007137607 0.00041706017
8395.2 0.00071401362 0.00041706025
8400.0 0.00071426573 0.00041706033
8404.8 0.00071451704 0.00041706041
8409.6 0.00071476757 0.00041706045
8414.4 0.00071501735 0.00041706048
8419.2 0.00071526638 0.00041706052
8424.0 0.0007155147 0.00041706056
8428.8 0.00071576231 0.0004170606
8433.6 0.00071600925 0.00041706063
8438.4 0.00071625553 0.00041706063
8443.2 0.00071650116 0.00041706063
8448.0 0.00071674617 0.00041706063
8452.8 0.00071699059 0.00041706063
8457.6 0.00071723441 0.00041706063
8462.4 0.00071747767 0.00041706063
8467.2 0.00071772037 0.00041706063
8472.0 0.00071796253 0.00041706063
8476.8 0.00071820416 0.00041706063
8481.6 0.00071844528 0.00041706063
8486.4 0.0007186859 0.00041706063
8491.2 0.00071892603 0.00041706063
8496.0 0.00071916568 0.00041706063
8500.8 0.00071940485 0.00041706063
8505.6 0.00071964354 0.00041706063
8510.4 0.00071988176 0.00041706063
8515.2 0.00072011952 0.00041706063
8520.0 0.0007203568 0.00041706063
8524.8 0.00072059361 0.00041706063
8529.6 0.00072082996 0.00041706063
8534.4 0.00072106585 0.00041706063
8539.2 0.00072130129 0.00041706063
8544.0 0.00072153629 0.00041706063
8548.8 0.00072177086 0.00041706063
8553.6 0.00072200501 0.00041706063
8558.4 0.00072223874 0.00041706063
8563.2 0.00072247208 0.00041706063
8568.0 0.00072270503 0.00041706063
8572.8 0.00072293761 0.00041706063
8577.6 0.00072316984 0.00041706063
8582.4 0.00072340174 0.00041706063
8587.2 0.00072363331 0.00041706063
8592.0 0.00072386459 0.00041706063
8596.8 0.00072409558 0.00041706063
8601.6 0.00072432632 0.00041706063
8606.4 0.00072455682 0.00041706063
8611.2 0.0007247871 0.00041706063
8616.0 0.00072501718 0.00041706063
8620.8 0.00072524708 0.00041706063
8625.6 0.00072547682 0.00041706063
8630.4 0.00072570642 0.00041706063
8635.2 0.00072593589 0.00041706063
8640.0 0.00072616526 0.00041706063
8644.8 0.00072639453 0.00041706063
8649.6 0.00072662372 0.00041706063
8654.4 0.00072685284 0.00041706063
8659.2 0.0007270819 0.00041706063
8664.0 0.00072731091 0.00041706063
8668.8 0.00072753988 0.00041706063
8673.6 0.00072776882 0.00041706063
8678.4 0.00072799772 0.00041706063
8683.2 0.00072822659 0.00041706063
8688.0 0.00072845544 0.00041706063
8692.8 0.00072868428 0.00041706063
8697.6 0.00072891311 0.00041706063
8702.4 0.00072914195 0.00041706063
8707.2 0.00072937077 0.00041706063
8712.0 0.00072959958 0.00041706063
8716.8 0.00072982839 0.00041706063
8721.6 0.00073005718 0.00041706063
8726.4 0.00073028597 0.00041706063
8731.2 0.00073051476 0.00041706063
8736.0 0.00073074356 0.00041706063
