# 1:time 2:mass 3:einf>=0
4.8 0.0 0.0
9.6 -6.9135674e-12 0.0
14.4 -2.0710959e-11 0.0
19.2 -3.6388901e-11 0.0
24.0 -3.9598484e-11 0.0
28.8 -4.3842769e-11 0.0
33.6 -4.820044e-11 0.0
38.4 -5.3447367e-11 0.0
43.2 -5.9817501e-11 0.0
48.0 -6.8195617e-11 0.0
52.8 -7.8303235e-11 0.0
57.6 -8.8960445e-11 0.0
62.4 -1.0039252e-10 0.0
67.2 -1.1371564e-10 0.0
72.0 -1.2886108e-10 0.0
76.8 -1.447846e-10 0.0
81.6 -1.6050756e-10 0.0
86.4 -1.7470476e-10 0.0
91.2 -1.9097119e-10 0.0
96.0 -2.0991746e-10 0.0
100.8 -2.3169308e-10 0.0
105.6 -2.5577607e-10 0.0
110.4 -2.8063109e-10 0.0
115.2 -3.0543094e-10 0.0
120.0 -3.2880754e-10 0.0
124.8 -3.5236064e-10 0.0
129.6 -3.7606833e-10 0.0
134.4 -3.9836762e-10 0.0
139.2 -4.2248645e-10 0.0
144.0 -4.5072298e-10 0.0
148.8 -4.8326355e-10 0.0
153.6 -5.1959584e-10 0.0
158.4 -5.5921306e-10 0.0
163.2 -5.9993366e-10 0.0
168.0 -6.4183801e-10 0.0
172.8 -6.8591779e-10 0.0
177.6 -7.3172125e-10 0.0
182.4 -7.7730171e-10 0.0
187.2 -8.191564e-10 0.0
192.0 -8.5723593e-10 0.0
196.8 -8.9518884e-10 0.0
201.6 -9.3314986e-10 0.0
206.4 -9.7157898e-10 0.0
211.2 -1.0109273e-09 0.0
216.0 -1.0524939e-09 0.0
220.8 -1.0970141e-09 0.0
225.6 -1.1450069e-09 0.0
230.4 -1.1964081e-09 0.0
235.2 -1.2507013e-09 0.0
240.0 -1.3074769e-09 0.0
244.8 -1.3668213e-09 0.0
249.6 -1.4280264e-09 0.0
254.4 -1.49132e-09 0.0
259.2 -1.5569083e-09 0.0
264.0 -1.6255625e-09 0.0
268.8 -1.6959133e-09 0.0
273.6 -1.7643037e-09 0.0
278.4 -1.8267557e-09 0.0
283.2 -1.8828607e-09 0.0
288.0 -1.9352382e-09 0.0
292.8 -1.9873348e-09 0.0
297.6 -2.0398582e-09 0.0
302.4 -2.0940919e-09 0.0
307.2 -2.1495112e-09 0.0
312.0 -2.2061295e-09 0.0
316.8 -2.2637483e-09 0.0
321.6 -2.3213403e-09 0.0
326.4 -2.3802584e-09 0.0
331.2 -2.44072e-09 0.0
336.0 -2.5023274e-09 0.0
340.8 -2.5661428e-09 0.0
345.6 -2.6348702e-09 0.0
350.4 -2.7095731e-09 0.0
355.2 -2.7910044e-09 0.0
360.0 -2.8797211e-09 0.0
364.8 -2.9757401e-09 0.0
369.6 -3.0782742e-09 0.0
374.4 -3.1863202e-09 0.0
379.2 -3.2993304e-09 0.0
384.0 -3.4154736e-09 0.0
388.8 -3.5335262e-09 0.0
393.6 -3.653287e-09 0.0
398.4 -3.776669e-09 0.0
403.2 -3.9039056e-09 0.0
408.0 -4.0346385e-09 0.0
412.8 -4.1667981e-09 0.0
417.6 -4.2999838e-09 0.0
422.4 -4.4319582e-09 0.0
427.2 -4.5603415e-09 0.0
432.0 -4.6850311e-09 0.0
436.8 -4.8071082e-09 0.0
441.6 -4.9284375e-09 0.0
446.4 -5.0516461e-09 0.0
451.2 -5.1772555e-09 0.0
456.0 -5.3043208e-09 0.0
460.8 -5.4328465e-09 0.0
465.6 -5.5622495e-09 0.0
470.4 -5.6917522e-09 0.0
475.2 -5.8213199e-09 0.0
480.0 -5.9488601e-09 0.0
484.8 -6.0737592e-09 0.0
489.6 -6.1968071e-09 0.0
494.4 -6.3164603e-09 0.0
499.2 -6.432854e-09 0.0
504.0 -6.5463099e-09 0.0
508.8 -6.6563435e-09 0.0
513.6 -6.7616294e-09 0.0
518.4 -6.8661065e-09 0.0
523.2 -6.9689374e-09 0.0
528.0 -7.0694236e-09 0.0
532.8 -7.167162e-09 0.0
537.6 -7.265043e-09 0.0
542.4 -7.3647234e-09 0.0
547.2 -7.4665457e-09 0.0
552.0 -7.5689132e-09 0.0
556.8 -7.6720493e-09 0.0
561.6 -7.7750202e-09 0.0
566.4 -7.8772994e-09 0.0
571.2 -7.9785286e-09 0.0
576.0 -8.0788472e-09 0.0
580.8 -8.1761835e-09 0.0
585.6 -8.2711694e-09 0.0
590.4 -8.3633701e-09 0.0
595.2 -8.4525919e-09 0.0
600.0 -8.5386359e-09 0.0
604.8 -8.6225296e-09 0.0
609.6 -8.7050055e-09 0.0
614.4 -8.7863956e-09 0.0
619.2 -8.8669379e-09 0.0
624.0 -8.9480689e-09 0.0
628.8 -9.0292212e-09 0.0
633.6 -9.1108516e-09 0.0
638.4 -9.1927043e-09 0.0
643.2 -9.2723191e-09 0.0
648.0 -9.3513886e-09 0.0
652.8 -9.4304904e-09 0.0
657.6 -9.5097251e-09 0.0
662.4 -9.5899467e-09 0.0
667.2 -9.6717846e-09 0.0
672.0 -9.7549938e-09 0.0
676.8 -9.8406935e-09 0.0
681.6 -9.9282343e-09 0.0
686.4 -1.0016954e-08 0.0
691.2 -1.0107473e-08 0.0
696.0 -1.0199137e-08 0.0
700.8 -1.0290494e-08 0.0
705.6 -1.0380417e-08 0.0
710.4 -1.0469129e-08 0.0
715.2 -1.0557219e-08 0.0
720.0 -1.0645262e-08 0.0
724.8 -1.0733657e-08 0.0
729.6 -1.0822813e-08 0.0
734.4 -1.091308e-08 0.0
739.2 -1.1004989e-08 0.0
744.0 -1.1099009e-08 0.0
748.8 -1.1193502e-08 0.0
753.6 -1.1287196e-08 0.0
758.4 -1.1378852e-08 0.0
763.2 -1.1468448e-08 0.0
768.0 -1.1555924e-08 0.0
772.8 -1.1640047e-08 0.0
777.6 -1.172151e-08 0.0
782.4 -1.1801636e-08 0.0
787.2 -1.1881709e-08 0.0
792.0 -1.196251e-08 0.0
796.8 -1.2045113e-08 0.0
801.6 -1.2129283e-08 0.0
806.4 -1.2214797e-08 0.0
811.2 -1.2301641e-08 0.0
816.0 -1.2390272e-08 0.0
820.8 -1.248036e-08 0.0
825.6 -1.2572599e-08 0.0
830.4 -1.2666184e-08 0.0
835.2 -1.2760206e-08 0.0
840.0 -1.2854424e-08 0.0
844.8 -1.2948382e-08 0.0
849.6 -1.3042513e-08 0.0
854.4 -1.3136345e-08 0.0
859.2 -1.3229946e-08 0.0
864.0 -1.3322697e-08 0.0
868.8 -1.3414593e-08 0.0
873.6 -1.3505703e-08 0.0
878.4 -1.3595151e-08 0.0
883.2 -1.368335e-08 0.0
888.0 -1.3768919e-08 0.0
892.8 -1.3851311e-08 0.0
897.6 -1.3930211e-08 0.0
902.4 -1.4006074e-08 0.0
907.2 -1.4080972e-08 0.0
912.0 -1.4156691e-08 0.0
916.8 -1.4235154e-08 0.0
921.6 -1.4316444e-08 0.0
926.4 -1.4401457e-08 0.0
931.2 -1.4489755e-08 0.0
936.0 -1.4581342e-08 0.0
940.8 -1.4675471e-08 0.0
945.6 -1.4771639e-08 0.0
950.4 -1.4869689e-08 0.0
955.2 -1.4969464e-08 0.0
960.0 -1.5070299e-08 0.0
964.8 -1.5171844e-08 0.0
969.6 -1.5272919e-08 0.0
974.4 -1.5373176e-08 0.0
979.2 -1.5472401e-08 0.0
984.0 -1.5570057e-08 0.0
988.8 -1.5664633e-08 0.0
993.6 -1.5757028e-08 0.0
998.4 -1.5848014e-08 0.0
1003.2 -1.5937799e-08 0.0
1008.0 -1.6026942e-08 0.0
1012.8 -1.6115814e-08 0.0
1017.6 -1.620495e-08 0.0
1022.4 -1.6293593e-08 0.0
1027.2 -1.6381354e-08 0.0
1032.0 -1.6467514e-08 0.0
1036.8 -1.6552976e-08 0.0
1041.6 -1.6637669e-08 0.0
1046.4 -1.6723381e-08 0.0
1051.2 -1.6811512e-08 0.0
1056.0 -1.6901963e-08 0.0
1060.8 -1.6994474e-08 0.0
1065.6 -1.7088582e-08 0.0
1070.4 -1.7183973e-08 0.0
1075.2 -1.7280864e-08 0.0
1080.0 -1.7380637e-08 0.0
1084.8 -1.7482683e-08 0.0
1089.6 -1.7587052e-08 0.0
1094.4 -1.7693298e-08 0.0
1099.2 -1.780105e-08 0.0
1104.0 -1.7908996e-08 0.0
1108.8 -1.8015939e-08 0.0
1113.6 -1.8119823e-08 0.0
1118.4 -1.8221727e-08 0.0
1123.2 -1.8322338e-08 0.0
1128.0 -1.8422023e-08 0.0
1132.8 -1.8520682e-08 0.0
1137.6 -1.8618268e-08 0.0
1142.4 -1.871566e-08 0.0
1147.2 -1.8812632e-08 0.0
1152.0 -1.8909201e-08 0.0
1156.8 -1.9005694e-08 0.0
1161.6 -1.91023e-08 0.0
1166.4 -1.919957e-08 0.0
1171.2 -1.9296823e-08 0.0
1176.0 -1.9394406e-08 0.0
1180.8 -1.9492178e-08 0.0
1185.6 -1.9590657e-08 0.0
1190.4 -1.9690641e-08 0.0
1195.2 -1.9791356e-08 0.0
1200.0 -1.9892731e-08 0.0
1204.8 -1.9994828e-08 0.0
1209.6 -2.0098003e-08 0.0
1214.4 -2.0201732e-08 0.0
1219.2 -2.0305599e-08 0.0
1224.0 -2.0409644e-08 0.0
1228.8 -2.051489e-08 0.0
1233.6 -2.0620379e-08 0.0
1238.4 -2.0725832e-08 0.0
1243.2 -2.0831625e-08 0.0
1248.0 -2.0937845e-08 0.0
1252.8 -2.1044178e-08 0.0
1257.6 -2.1150159e-08 0.0
1262.4 -2.1256274e-08 0.0
1267.2 -2.136291e-08 0.0
1272.0 -2.1470204e-08 0.0
1276.8 -2.1577471e-08 0.0
1281.6 -2.1684353e-08 0.0
1286.4 -2.1791053e-08 0.0
1291.2 -2.1897536e-08 0.0
1296.0 -2.2003374e-08 0.0
1300.8 -2.2108932e-08 0.0
1305.6 -2.2214763e-08 0.0
1310.4 -2.232164e-08 0.0
1315.2 -2.2428741e-08 0.0
1320.0 -2.2536999e-08 0.0
1324.8 -2.264499e-08 0.0
1329.6 -2.2753714e-08 0.0
1334.4 -2.2862749e-08 0.0
1339.2 -2.2971932e-08 0.0
1344.0 -2.3082116e-08 0.0
1348.8 -2.3192331e-08 0.0
1353.6 -2.3301778e-08 0.0
1358.4 -2.3411208e-08 0.0
1363.2 -2.3521084e-08 0.0
1368.0 -2.3631991e-08 0.0
1372.8 -2.3744069e-08 0.0
1377.6 -2.3858439e-08 0.0
1382.4 -2.3974914e-08 0.0
1387.2 -2.409332e-08 0.0
1392.0 -2.4213332e-08 0.0
1396.8 -2.4333936e-08 0.0
1401.6 -2.4453495e-08 0.0
1406.4 -2.4572188e-08 0.0
1411.2 -2.4690881e-08 0.0
1416.0 -2.4809457e-08 0.0
1420.8 -2.4927616e-08 0.0
1425.6 -2.5045834e-08 0.0
1430.4 -2.5164578e-08 0.0
1435.2 -2.5284426e-08 0.0
1440.0 -2.5405439e-08 0.0
1444.8 -2.5527428e-08 0.0
1449.6 -2.5650204e-08 0.0
1454.4 -2.5774209e-08 0.0
1459.2 -2.5899619e-08 0.0
1464.0 -2.60269e-08 0.0
1468.8 -2.6154722e-08 0.0
1473.6 -2.628316e-08 0.0
1478.4 -2.6412532e-08 0.0
1483.2 -2.6541874e-08 0.0
1488.0 -2.666977e-08 0.0
1492.8 -2.6795473e-08 0.0
1497.6 -2.6920364e-08 0.0
1502.4 -2.704545e-08 0.0
1507.2 -2.7171136e-08 0.0
1512.0 -2.7298156e-08 0.0
1516.8 -2.7426672e-08 0.0
1521.6 -2.7556468e-08 0.0
1526.4 -2.7688139e-08 0.0
1531.2 -2.7820951e-08 0.0
1536.0 -2.795388e-08 0.0
1540.8 -2.8087527e-08 0.0
1545.6 -2.822238e-08 0.0
1550.4 -2.8358027e-08 0.0
1555.2 -2.8493823e-08 0.0
1560.0 -2.8630921e-08 0.0
1564.8 -2.8769505e-08 0.0
1569.6 -2.8909078e-08 0.0
1574.4 -2.9049253e-08 0.0
1579.2 -2.9189277e-08 0.0
1584.0 -2.9328896e-08 0.0
1588.8 -2.94682e-08 0.0
1593.6 -2.960806e-08 0.0
1598.4 -2.9748214e-08 0.0
1603.2 -2.9888597e-08 0.0
1608.0 -3.0029236e-08 0.0
1612.8 -3.0168962e-08 0.0
1617.6 -3.0307415e-08 0.0
1622.4 -3.0443983e-08 0.0
1627.2 -3.0578981e-08 0.0
1632.0 -3.0711691e-08 0.0
1636.8 -3.0841449e-08 0.0
1641.6 -3.0969428e-08 0.0
1646.4 -3.1095491e-08 0.0
1651.2 -3.1219307e-08 0.0
1656.0 -3.1342052e-08 0.0
1660.8 -3.146374e-08 0.0
1665.6 -3.158367e-08 0.0
1670.4 -3.1702662e-08 0.0
1675.2 -3.1820749e-08 0.0
1680.0 -3.193949e-08 0.0
1684.8 -3.2059578e-08 0.0
1689.6 -3.2180936e-08 0.0
1694.4 -3.2303482e-08 0.0
1699.2 -3.2428101e-08 0.0
1704.0 -3.2552914e-08 0.0
1708.8 -3.2678073e-08 0.0
1713.6 -3.2803969e-08 0.0
1718.4 -3.2929759e-08 0.0
1723.2 -3.3055945e-08 0.0
1728.0 -3.3183346e-08 0.0
1732.8 -3.3311672e-08 0.0
1737.6 -3.3440635e-08 0.0
1742.4 -3.3571241e-08 0.0
1747.2 -3.3703196e-08 0.0
1752.0 -3.3836197e-08 0.0
1756.8 -3.3970038e-08 0.0
1761.6 -3.4105569e-08 0.0
1766.4 -3.4243294e-08 0.0
1771.2 -3.4382394e-08 0.0
1776.0 -3.4523229e-08 0.0
1780.8 -3.4665611e-08 0.0
1785.6 -3.4809403e-08 0.0
1790.4 -3.4954061e-08 0.0
1795.2 -3.5099593e-08 0.0
1800.0 -3.5245701e-08 0.0
1804.8 -3.5393356e-08 0.0
1809.6 -3.554288e-08 0.0
1814.4 -3.5694655e-08 0.0
1819.2 -3.5846731e-08 0.0
1824.0 -3.5999192e-08 0.0
1828.8 -3.6150723e-08 0.0
1833.6 -3.6299614e-08 0.0
1838.4 -3.6446574e-08 0.0
1843.2 -3.6592652e-08 0.0
1848.0 -3.6737357e-08 0.0
1852.8 -3.6881459e-08 0.0
1857.6 -3.7024108e-08 0.0
1862.4 -3.7166268e-08 0.0
1867.2 -3.7306585e-08 0.0
1872.0 -3.7445258e-08 0.0
1876.8 -3.7582353e-08 0.0
1881.6 -3.771808e-08 0.0
1886.4 -3.7853156e-08 0.0
1891.2 -3.7987166e-08 0.0
1896.0 -3.81198e-08 0.0
1900.8 -3.8250816e-08 0.0
1905.6 -3.8381649e-08 0.0
1910.4 -3.8511995e-08 0.0
1915.2 -3.8641102e-08 0.0
1920.0 -3.8771326e-08 0.0
1924.8 -3.890333e-08 0.0
1929.6 -3.9036822e-08 0.0
1934.4 -3.9172418e-08 0.0
1939.2 -3.9309543e-08 0.0
1944.0 -3.9448638e-08 0.0
1948.8 -3.958967e-08 0.0
1953.6 -3.9732426e-08 0.0
1958.4 -3.9876831e-08 0.0
1963.2 -4.00221e-08 0.0
1968.0 -4.0169361e-08 0.0
1972.8 -4.0318476e-08 0.0
1977.6 -4.0469153e-08 0.0
1982.4 -4.0621922e-08 0.0
1987.2 -4.0777578e-08 0.0
1992.0 -4.0935757e-08 0.0
1996.8 -4.1094859e-08 0.0
2001.6 -4.1255214e-08 0.0
2006.4 -4.1416031e-08 0.0
2011.2 -4.1577227e-08 0.0
2016.0 -4.1737792e-08 0.0
2020.8 -4.1897937e-08 0.0
2025.6 -4.205774e-08 0.0
2030.4 -4.221598e-08 0.0
2035.2 -4.2372816e-08 0.0
2040.0 -4.252919e-08 0.0
2044.8 -4.26847e-08 0.0
2049.6 -4.2838294e-08 0.0
2054.4 -4.299035e-08 0.0
2059.2 -4.3140513e-08 0.0
2064.0 -4.3289124e-08 0.0
2068.8 -4.3435846e-08 0.0
2073.6 -4.3581273e-08 0.0
2078.4 -4.3724709e-08 0.0
2083.2 -4.3866697e-08 0.0
2088.0 -4.4007651e-08 0.0
2092.8 -4.4147926e-08 0.0
2097.6 -4.4288104e-08 0.0
2102.4 -4.4428567e-08 0.0
2107.2 -4.4569084e-08 0.0
2112.0 -4.4710107e-08 0.0
2116.8 -4.4851777e-08 0.0
2121.6 -4.4993422e-08 0.0
2126.4 -4.5135703e-08 0.0
2131.2 -4.5279131e-08 0.0
2136.0 -4.5423946e-08 0.0
2140.8 -4.5569647e-08 0.0
2145.6 -4.5715676e-08 0.0
2150.4 -4.5862656e-08 0.0
2155.2 -4.6009757e-08 0.0
2160.0 -4.6157113e-08 0.0
2164.8 -4.6305033e-08 0.0
2169.6 -4.6451983e-08 0.0
2174.4 -4.659751e-08 0.0
2179.2 -4.6741258e-08 0.0
2184.0 -4.6883124e-08 0.0
2188.8 -4.7022979e-08 0.0
2193.6 -4.7160914e-08 0.0
2198.4 -4.7296848e-08 0.0
2203.2 -4.7430555e-08 0.0
2208.0 -4.7562119e-08 0.0
2212.8 -4.7691572e-08 0.0
2217.6 -4.7818745e-08 0.0
2222.4 -4.7942963e-08 0.0
2227.2 -4.8064122e-08 0.0
2232.0 -4.8181233e-08 0.0
2236.8 -4.8293669e-08 0.0
2241.6 -4.8401469e-08 0.0
2246.4 -4.8503615e-08 0.0
2251.2 -4.8600334e-08 0.0
2256.0 -4.8691719e-08 0.0
2260.8 -4.8776398e-08 0.0
2265.6 -4.8853734e-08 0.0
2270.4 -4.8923941e-08 0.0
2275.2 -4.8986779e-08 0.0
2280.0 -4.9043168e-08 0.0
2284.8 -4.9093366e-08 0.0
2289.6 -4.9137082e-08 0.0
2294.4 -4.9174246e-08 0.0
2299.2 -4.9204624e-08 0.0
2304.0 -4.9228081e-08 0.0
2308.8 -4.924378e-08 0.0
2313.6 -4.9251073e-08 0.0
2318.4 -4.9250826e-08 0.0
2323.2 -4.9243003e-08 0.0
2328.0 -4.9227497e-08 0.0
2332.8 -4.9204026e-08 0.0
2337.6 -4.9172358e-08 0.0
2342.4 -4.9132042e-08 0.0
2347.2 -4.9083048e-08 0.0
2352.0 -4.9025085e-08 0.0
2356.8 -4.8957245e-08 0.0
2361.6 -4.8879355e-08 0.0
2366.4 -4.8790958e-08 0.0
2371.2 -4.8691789e-08 0.0
2376.0 -4.8581414e-08 0.0
2380.8 -4.8459592e-08 0.0
2385.6 -4.8325519e-08 0.0
2390.4 -4.8178408e-08 0.0
2395.2 -4.8018354e-08 0.0
2400.0 -4.7845182e-08 0.0
2404.8 -4.7658431e-08 0.0
2409.6 -4.7458185e-08 0.0
2414.4 -4.7244425e-08 0.0
2419.2 -4.7016623e-08 0.0
2424.0 -4.6774628e-08 0.0
2428.8 -4.6517772e-08 0.0
2433.6 -4.6245202e-08 0.0
2438.4 -4.5956134e-08 0.0
2443.2 -4.5649537e-08 0.0
2448.0 -4.5325579e-08 0.0
2452.8 -4.4983905e-08 0.0
2457.6 -4.4623649e-08 0.0
2462.4 -4.424463e-08 0.0
2467.2 -4.3846844e-08 0.0
2472.0 -4.3430274e-08 0.0
2476.8 -4.2994756e-08 0.0
2481.6 -4.2540266e-08 0.0
2486.4 -4.2066507e-08 0.0
2491.2 -4.157374e-08 0.0
2496.0 -4.1061402e-08 0.0
2500.8 -4.0529167e-08 0.0
2505.6 -3.9976657e-08 0.0
2510.4 -3.940312e-08 0.0
2515.2 -3.8807942e-08 0.0
2520.0 -3.8189915e-08 0.0
2524.8 -3.7548446e-08 0.0
2529.6 -3.6882834e-08 0.0
2534.4 -3.6192946e-08 0.0
2539.2 -3.5477833e-08 0.0
2544.0 -3.4736801e-08 0.0
2548.8 -3.396904e-08 0.0
2553.6 -3.3174226e-08 0.0
2558.4 -3.2352005e-08 0.0
2563.2 -3.1502085e-08 0.0
2568.0 -3.0623358e-08 0.0
2572.8 -2.9715295e-08 0.0
2577.6 -2.8777514e-08 0.0
2582.4 -2.7809575e-08 0.0
2587.2 -2.6811203e-08 0.0
2592.0 -2.5782088e-08 0.0
2596.8 -2.4721726e-08 0.0
2601.6 -2.362947e-08 0.0
2606.4 -2.2504836e-08 0.0
2611.2 -2.1347541e-08 0.0
2616.0 -2.0157375e-08 0.0
2620.8 -1.8933843e-08 0.0
2625.6 -1.7676378e-08 0.0
2630.4 -1.6384784e-08 0.0
2635.2 -1.505843e-08 0.0
2640.0 -1.3696697e-08 0.0
2644.8 -1.2299088e-08 0.0
2649.6 -1.0865038e-08 0.0
2654.4 -9.3939416e-09 0.0
2659.2 -7.8849975e-09 0.0
2664.0 -6.3378833e-09 0.0
2668.8 -4.7524556e-09 0.0
2673.6 -3.1281647e-09 0.0
2678.4 -1.4645525e-09 0.0
2683.2 2.3887475e-10 0.0
2688.0 1.9825374e-09 0.0
2692.8 3.7668378e-09 0.0
2697.6 5.5922023e-09 0.0
2702.4 7.4592316e-09 0.0
2707.2 9.3686744e-09 0.0
2712.0 1.1321363e-08 0.0
2716.8 1.3317955e-08 0.0
2721.6 1.5359342e-08 0.0
2726.4 1.7446042e-08 0.0
2731.2 1.9578902e-08 0.0
2736.0 2.1758542e-08 0.0
2740.8 2.3985513e-08 0.0
2745.6 2.6260532e-08 0.0
2750.4 2.8583926e-08 0.0
2755.2 3.0956207e-08 0.0
2760.0 3.3377853e-08 0.0
2764.8 3.5849127e-08 0.0
2769.6 3.8370557e-08 0.0
2774.4 4.0942498e-08 0.0
2779.2 4.3565344e-08 0.0
2784.0 4.623956e-08 0.0
2788.8 4.8965697e-08 0.0
2793.6 5.1744316e-08 0.0
2798.4 5.4576021e-08 0.0
2803.2 5.7461451e-08 0.0
2808.0 6.0401221e-08 0.0
2812.8 6.3395981e-08 0.0
2817.6 6.6446415e-08 0.0
2822.4 6.9553302e-08 0.0
2827.2 7.2717375e-08 0.0
2832.0 7.5939375e-08 0.0
2836.8 7.9220054e-08 0.0
2841.6 8.2560193e-08 0.0
2846.4 8.5960612e-08 0.0
2851.2 8.9422189e-08 0.0
2856.0 9.2945887e-08 0.0
2860.8 9.6532801e-08 0.0
2865.6 1.0018419e-07 0.0
2870.4 1.0390146e-07 0.0
2875.2 1.0768624e-07 0.0
2880.0 1.1154028e-07 0.0
2884.8 1.1546555e-07 0.0
2889.6 1.1946425e-07 0.0
2894.4 1.2353878e-07 0.0
2899.2 1.2769188e-07 0.0
2904.0 1.3192665e-07 0.0
2908.8 1.3624663e-07 0.0
2913.6 1.4065582e-07 0.0
2918.4 1.451587e-07 0.0
2923.2 1.4976029e-07 0.0
2928.0 1.5446619e-07 0.0
2932.8 1.5928261e-07 0.0
2937.6 1.6421651e-07 0.0
2942.4 1.6927566e-07 0.0
2947.2 1.7446884e-07 0.0
2952.0 1.7980591e-07 0.0
2956.8 1.8529798e-07 0.0
2961.6 1.9095751e-07 0.0
2966.4 1.9679848e-07 0.0
2971.2 2.028365e-07 0.0
2976.0 2.0908897e-07 0.0
2980.8 2.1557519e-07 0.0
2985.6 2.223165e-07 0.0
2990.4 2.2933637e-07 1.1566549e-11
2995.2 2.3666056e-07 3.5886192e-11
3000.0 2.4431731e-07 1.1015255e-10
3004.8 2.5233764e-07 2.0180065e-10
3009.6 2.6075587e-07 3.2443791e-10
3014.4 2.6960878e-07 6.6667239e-10
3019.2 2.789355e-07 1.3574355e-09
3024.0 2.8877601e-07 2.3564785e-09
3028.8 2.9916637e-07 3.6810371e-09
3033.6 3.1014688e-07 5.4953314e-09
3038.4 3.2176838e-07 7.8973302e-09
3043.2 3.3408974e-07 1.0696743e-08
3048.0 3.4720875e-07 1.4203746e-08
3052.8 3.6130046e-07 1.8423008e-08
3057.6 3.7667271e-07 2.3770389e-08
3062.4 3.9382669e-07 3.0680177e-08
3067.2 4.1341463e-07 3.9873327e-08
3072.0 4.3614733e-07 5.1857319e-08
3076.8 4.6266996e-07 6.7533662e-08
3081.6 4.9345143e-07 8.7392934e-08
3086.4 5.2877122e-07 1.1171048e-07
3091.2 5.6871167e-07 1.4071599e-07
3096.0 6.1328065e-07 1.7424791e-07
3100.8 6.6237389e-07 2.122575e-07
3105.6 7.1585706e-07 2.5464867e-07
3110.4 7.737661e-07 3.0150259e-07
3115.2 8.3623501e-07 3.52929e-07
3120.0 9.0347191e-07 4.0923791e-07
3124.8 9.7575669e-07 4.7062492e-07
3129.6 1.0534158e-06 5.3735571e-07
3134.4 1.136655e-06 6.0961568e-07
3139.2 1.2258015e-06 6.879851e-07
3144.0 1.3213654e-06 7.7262727e-07
3148.8 1.4238663e-06 8.6425344e-07
3153.6 1.5338934e-06 9.634607e-07
3158.4 1.6521016e-06 1.0709482e-06
3163.2 1.7790834e-06 1.1872775e-06
3168.0 1.9153912e-06 1.3129358e-06
3172.8 2.0614447e-06 1.4484591e-06
3177.6 2.2173792e-06 1.5938489e-06
3182.4 2.383063e-06 1.7491387e-06
3187.2 2.5582821e-06 1.9145036e-06
3192.0 2.7426121e-06 2.089292e-06
3196.8 2.935594e-06 2.2731847e-06
3201.6 3.136818e-06 2.4657923e-06
3206.4 3.3456988e-06 2.6665796e-06
3211.2 3.5616918e-06 2.8749509e-06
3216.0 3.7845951e-06 3.0907155e-06
3220.8 4.0144088e-06 3.3138801e-06
3225.6 4.2514151e-06 3.544822e-06
3230.4 4.4960407e-06 3.7838856e-06
3235.2 4.7486143e-06 4.0313159e-06
3240.0 5.0092618e-06 4.2871695e-06
3244.8 5.2781324e-06 4.5517683e-06
3249.6 5.5553387e-06 4.8248476e-06
3254.4 5.8409843e-06 5.1066293e-06
3259.2 6.1349127e-06 5.3969989e-06
3264.0 6.4367242e-06 5.6955312e-06
3268.8 6.7460314e-06 6.0017433e-06
3273.6 7.0622849e-06 6.3151186e-06
3278.4 7.3850684e-06 6.6352844e-06
3283.2 7.7139131e-06 6.9617564e-06
3288.0 8.0480946e-06 7.2936462e-06
3292.8 8.3868704e-06 7.6303059e-06
3297.6 8.7296633e-06 7.971251e-06
3302.4 9.076205e-06 8.3160249e-06
3307.2 9.4267e-06 8.6648146e-06
3312.0 9.7813752e-06 9.0180086e-06
3316.8 1.0140427e-05 9.3757017e-06
3321.6 1.050389e-05 9.7378226e-06
3326.4 1.0871442e-05 1.0104228e-05
3331.2 1.1242837e-05 1.0474627e-05
3336.0 1.1617976e-05 1.0848796e-05
3340.8 1.199662e-05 1.1226572e-05
3345.6 1.2378275e-05 1.1607564e-05
3350.4 1.2762467e-05 1.1991168e-05
3355.2 1.3148769e-05 1.2376907e-05
3360.0 1.3536632e-05 1.2764297e-05
3364.8 1.392562e-05 1.3152852e-05
3369.6 1.4315398e-05 1.3542239e-05
3374.4 1.4705704e-05 1.3932222e-05
3379.2 1.5096386e-05 1.4322625e-05
3384.0 1.5487283e-05 1.4713262e-05
3388.8 1.5878325e-05 1.5104079e-05
3393.6 1.6269449e-05 1.5495022e-05
3398.4 1.6660631e-05 1.5886083e-05
3403.2 1.705184e-05 1.6277209e-05
3408.0 1.7443029e-05 1.6668311e-05
3412.8 1.7834202e-05 1.7059459e-05
3417.6 1.8225296e-05 1.745054e-05
3422.4 1.8616248e-05 1.7841492e-05
3427.2 1.9006978e-05 1.8232223e-05
3432.0 1.9397326e-05 1.862257e-05
3436.8 1.9786941e-05 1.9012186e-05
3441.6 2.0175396e-05 1.940064e-05
3446.4 2.0562333e-05 1.9787578e-05
3451.2 2.0947399e-05 2.0172644e-05
3456.0 2.133013e-05 2.0555375e-05
3460.8 2.1710062e-05 2.0935306e-05
3465.6 2.2086823e-05 2.1312067e-05
3470.4 2.2460199e-05 2.1685443e-05
3475.2 2.2830083e-05 2.2055327e-05
3480.0 2.3196388e-05 2.2421632e-05
3484.8 2.3559139e-05 2.2784383e-05
3489.6 2.3918378e-05 2.3143622e-05
3494.4 2.4274202e-05 2.3499447e-05
3499.2 2.4626776e-05 2.385202e-05
3504.0 2.497632e-05 2.4201565e-05
3508.8 2.5323068e-05 2.4548312e-05
3513.6 2.5667126e-05 2.489237e-05
3518.4 2.6008607e-05 2.5233851e-05
3523.2 2.6347646e-05 2.5572891e-05
3528.0 2.6684436e-05 2.590968e-05
3532.8 2.7019137e-05 2.6244382e-05
3537.6 2.7351789e-05 2.6577033e-05
3542.4 2.7682445e-05 2.6907689e-05
3547.2 2.801123e-05 2.7236475e-05
3552.0 2.8338324e-05 2.7563568e-05
3556.8 2.8663812e-05 2.7889057e-05
3561.6 2.8987775e-05 2.8213019e-05
3566.4 2.9310279e-05 2.8535524e-05
3571.2 2.9631405e-05 2.8856649e-05
3576.0 2.9951167e-05 2.9176411e-05
3580.8 3.0269583e-05 2.9494828e-05
3585.6 3.0586672e-05 2.9811917e-05
3590.4 3.0902415e-05 3.012766e-05
3595.2 3.1216791e-05 3.0442035e-05
3600.0 3.1529769e-05 3.0755014e-05
3604.8 3.1841379e-05 3.1066624e-05
3609.6 3.2151705e-05 3.137695e-05
3614.4 3.2460809e-05 3.1686053e-05
3619.2 3.2768757e-05 3.1994001e-05
3624.0 3.3075632e-05 3.2300876e-05
3628.8 3.3381544e-05 3.2606789e-05
3633.6 3.3686576e-05 3.2911821e-05
3638.4 3.3990825e-05 3.321607e-05
3643.2 3.4294394e-05 3.3519638e-05
3648.0 3.4597393e-05 3.3822637e-05
3652.8 3.4899948e-05 3.4125193e-05
3657.6 3.5202166e-05 3.442741e-05
3662.4 3.550417e-05 3.4729414e-05
3667.2 3.580605e-05 3.5031294e-05
3672.0 3.6107889e-05 3.5333134e-05
3676.8 3.6409768e-05 3.5635013e-05
3681.6 3.6711771e-05 3.5937015e-05
3686.4 3.7013958e-05 3.6239202e-05
3691.2 3.7316358e-05 3.6541602e-05
3696.0 3.761897e-05 3.6844215e-05
3700.8 3.7921771e-05 3.7147015e-05
3705.6 3.8224726e-05 3.7449971e-05
3710.4 3.8527781e-05 3.7753026e-05
3715.2 3.8830848e-05 3.8056093e-05
3720.0 3.9133833e-05 3.8359077e-05
3724.8 3.9436651e-05 3.8661895e-05
3729.6 3.9739206e-05 3.896445e-05
3734.4 4.0041416e-05 3.926666e-05
3739.2 4.0343238e-05 3.9568483e-05
3744.0 4.0644631e-05 3.9869876e-05
3748.8 4.0945557e-05 4.0170802e-05
3753.6 4.1246013e-05 4.0471257e-05
3758.4 4.1546012e-05 4.0771257e-05
3763.2 4.1845584e-05 4.1070829e-05
3768.0 4.2144796e-05 4.1370041e-05
3772.8 4.2443736e-05 4.1668981e-05
3777.6 4.2742483e-05 4.1967727e-05
3782.4 4.3041054e-05 4.2266299e-05
3787.2 4.3339452e-05 4.2564696e-05
3792.0 4.3637698e-05 4.2862943e-05
3796.8 4.3935854e-05 4.3161098e-05
3801.6 4.423399e-05 4.3459234e-05
3806.4 4.4532207e-05 4.3757452e-05
3811.2 4.4830666e-05 4.405591e-05
3816.0 4.5129523e-05 4.4354768e-05
3820.8 4.5428925e-05 4.465417e-05
3825.6 4.5729012e-05 4.4954257e-05
3830.4 4.6029941e-05 4.5255186e-05
3835.2 4.633189e-05 4.5557134e-05
3840.0 4.6635063e-05 4.5860308e-05
3844.8 4.6939662e-05 4.6164907e-05
3849.6 4.7245862e-05 4.6471106e-05
3854.4 4.7553869e-05 4.6779113e-05
3859.2 4.7863901e-05 4.7089146e-05
3864.0 4.8176195e-05 4.7401439e-05
3868.8 4.8490951e-05 4.7716195e-05
3873.6 4.8808343e-05 4.8033588e-05
3878.4 4.9128535e-05 4.835378e-05
3883.2 4.9451702e-05 4.8676946e-05
3888.0 4.9777976e-05 4.9003221e-05
3892.8 5.0107473e-05 4.9332717e-05
3897.6 5.0440276e-05 4.9665521e-05
3902.4 5.0776447e-05 5.0001692e-05
3907.2 5.1116034e-05 5.0341278e-05
3912.0 5.1459074e-05 5.0684319e-05
3916.8 5.1805614e-05 5.1030858e-05
3921.6 5.2155725e-05 5.138097e-05
3926.4 5.2509519e-05 5.1734764e-05
3931.2 5.2867158e-05 5.2092403e-05
3936.0 5.3228872e-05 5.2454117e-05
3940.8 5.3594916e-05 5.2820161e-05
3945.6 5.3965596e-05 5.319084e-05
3950.4 5.4341249e-05 5.3566494e-05
3955.2 5.472219e-05 5.3947435e-05
3960.0 5.5108744e-05 5.4333988e-05
3964.8 5.5501201e-05 5.4726445e-05
3969.6 5.5899829e-05 5.5125074e-05
3974.4 5.630483e-05 5.5530074e-05
3979.2 5.6716336e-05 5.5941581e-05
3984.0 5.7134356e-05 5.6359601e-05
3988.8 5.7558793e-05 5.6784037e-05
3993.6 5.7989395e-05 5.7214639e-05
3998.4 5.8425803e-05 5.7651048e-05
4003.2 5.8867655e-05 5.80929e-05
4008.0 5.9314609e-05 5.8539854e-05
4012.8 5.9766368e-05 5.8991613e-05
4017.6 6.022273e-05 5.9447975e-05
4022.4 6.0683528e-05 5.9908773e-05
4027.2 6.11486e-05 6.0373845e-05
4032.0 6.1617806e-05 6.0843051e-05
4036.8 6.2090962e-05 6.1316206e-05
4041.6 6.2567885e-05 6.1793129e-05
4046.4 6.3048359e-05 6.2273604e-05
4051.2 6.3532127e-05 6.2757371e-05
4056.0 6.4019009e-05 6.3244254e-05
4060.8 6.4508901e-05 6.3734145e-05
4065.6 6.5001713e-05 6.4226958e-05
4070.4 6.5497411e-05 6.4722656e-05
4075.2 6.5996054e-05 6.5221299e-05
4080.0 6.6497645e-05 6.572289e-05
4084.8 6.7002116e-05 6.6227361e-05
4089.6 6.7509442e-05 6.6734686e-05
4094.4 6.8019549e-05 6.7244794e-05
4099.2 6.8532515e-05 6.775776e-05
4104.0 6.9048395e-05 6.827364e-05
4108.8 6.9567276e-05 6.8792521e-05
4113.6 7.0089325e-05 6.9314569e-05
4118.4 7.0614778e-05 6.9840022e-05
4123.2 7.1143767e-05 7.0369012e-05
4128.0 7.1676525e-05 7.090177e-05
4132.8 7.2213266e-05 7.1438511e-05
4137.6 7.2754221e-05 7.1979465e-05
4142.4 7.3299588e-05 7.2524832e-05
4147.2 7.3849536e-05 7.307478e-05
4152.0 7.4404252e-05 7.3629497e-05
4156.8 7.4963886e-05 7.418913e-05
4161.6 7.5528578e-05 7.4753823e-05
4166.4 7.6098432e-05 7.5323676e-05
4171.2 7.6673383e-05 7.5898628e-05
4176.0 7.7253328e-05 7.6478572e-05
4180.8 7.7838097e-05 7.7063341e-05
4185.6 7.8427557e-05 7.7652802e-05
4190.4 7.9021546e-05 7.824679e-05
4195.2 7.9619875e-05 7.884512e-05
4200.0 8.0222398e-05 7.9447642e-05
4204.8 8.0828872e-05 8.0054117e-05
4209.6 8.1439065e-05 8.066431e-05
4214.4 8.2052775e-05 8.127802e-05
4219.2 8.2669882e-05 8.1895127e-05
4224.0 8.3290209e-05 8.2515454e-05
4228.8 8.3913528e-05 8.3138773e-05
4233.6 8.4539659e-05 8.3764904e-05
4238.4 8.5168377e-05 8.4393621e-05
4243.2 8.5799458e-05 8.5024703e-05
4248.0 8.6432741e-05 8.5657986e-05
4252.8 8.7068087e-05 8.6293331e-05
4257.6 8.77054e-05 8.6930645e-05
4262.4 8.834466e-05 8.7569904e-05
4267.2 8.8985927e-05 8.8211172e-05
4272.0 8.9629376e-05 8.885462e-05
4276.8 9.0275236e-05 8.9500481e-05
4281.6 9.0923804e-05 9.0149048e-05
4286.4 9.1575453e-05 9.0800697e-05
4291.2 9.2230542e-05 9.1455787e-05
4296.0 9.2889439e-05 9.2114684e-05
4300.8 9.355246e-05 9.2777704e-05
4305.6 9.4219901e-05 9.3445146e-05
4310.4 9.489197e-05 9.4117215e-05
4315.2 9.5568785e-05 9.4794029e-05
4320.0 9.6250452e-05 9.5475697e-05
4324.8 9.6936987e-05 9.6162231e-05
4329.6 9.7628354e-05 9.6853598e-05
4334.4 9.8324513e-05 9.7549758e-05
4339.2 9.9025424e-05 9.8250669e-05
4344.0 9.9730995e-05 9.895624e-05
4348.8 0.00010044112 9.9666363e-05
4353.6 0.00010115573 0.00010038098
4358.4 0.00010187479 0.00010110004
4363.2 0.00010259824 0.00010182348
4368.0 0.00010332596 0.0001025512
4372.8 0.00010405784 0.00010328309
4377.6 0.00010479378 0.00010401903
4382.4 0.00010553364 0.00010475889
4387.2 0.00010627721 0.00010550246
4392.0 0.00010702431 0.00010624956
4396.8 0.00010777473 0.00010699998
4401.6 0.00010852825 0.00010775349
4406.4 0.00010928462 0.00010850986
4411.2 0.00011004364 0.00010926889
4416.0 0.00011080513 0.00011003038
4420.8 0.00011156891 0.00011079416
4425.6 0.00011233479 0.00011156003
4430.4 0.00011310254 0.00011232778
4435.2 0.00011387193 0.00011309718
4440.0 0.00011464273 0.00011386797
4444.8 0.00011541473 0.00011463997
4449.6 0.00011618774 0.00011541299
4454.4 0.00011696165 0.0001161869
4459.2 0.00011773636 0.00011696161
4464.0 0.00011851181 0.00011773706
4468.8 0.00011928797 0.00011851321
4473.6 0.0001200648 0.00011929005
4478.4 0.00012084227 0.00012006752
4483.2 0.00012162032 0.00012084557
4488.0 0.00012239891 0.00012162416
4492.8 0.00012317798 0.00012240322
4497.6 0.00012395749 0.00012318273
4502.4 0.00012473741 0.00012396266
4507.2 0.0001255177 0.00012474295
4512.0 0.00012629831 0.00012552356
4516.8 0.00012707921 0.00012630445
4521.6 0.00012786033 0.00012708557
4526.4 0.00012864158 0.00012786682
4531.2 0.00012942284 0.00012864808
4536.0 0.00013020402 0.00012942927
4540.8 0.0001309851 0.00013021034
4545.6 0.00013176607 0.00013099132
4550.4 0.00013254701 0.00013177225
4555.2 0.00013332793 0.00013255317
4560.0 0.00013410885 0.0001333341
4564.8 0.00013488978 0.00013411503
4569.6 0.00013567066 0.0001348959
4574.4 0.00013645143 0.00013567667
4579.2 0.00013723212 0.00013645736
4584.0 0.00013801275 0.000137238
4588.8 0.00013879342 0.00013801866
4593.6 0.00013957419 0.00013879944
4598.4 0.00014035507 0.00013958031
4603.2 0.00014113594 0.00014036118
4608.0 0.00014191672 0.00014114197
4612.8 0.0001426973 0.00014192254
4617.6 0.00014347762 0.00014270286
4622.4 0.00014425772 0.00014348297
4627.2 0.0001450377 0.00014426294
4632.0 0.00014581757 0.00014504281
4636.8 0.00014659735 0.00014582259
4641.6 0.00014737702 0.00014660226
4646.4 0.00014815653 0.00014738177
4651.2 0.0001489359 0.00014816114
4656.0 0.00014971516 0.0001489404
4660.8 0.00015049435 0.00014971959
4665.6 0.00015127354 0.00015049878
4670.4 0.00015205282 0.00015127807
4675.2 0.00015283234 0.00015205759
4680.0 0.00015361224 0.00015283749
4684.8 0.00015439264 0.00015361789
4689.6 0.00015517365 0.0001543989
4694.4 0.00015595533 0.00015518057
4699.2 0.0001567378 0.00015596304
4704.0 0.00015752118 0.00015674643
4708.8 0.00015830561 0.00015753086
4713.6 0.00015909126 0.00015831651
4718.4 0.00015987833 0.00015910357
4723.2 0.00016066698 0.00015989223
4728.0 0.0001614573 0.00016068255
4732.8 0.00016224935 0.00016147459
4737.6 0.00016304318 0.00016226842
4742.4 0.00016383881 0.00016306405
4747.2 0.00016463619 0.00016386144
4752.0 0.00016543528 0.00016466052
4756.8 0.00016623605 0.0001654613
4761.6 0.00016703847 0.00016626372
4766.4 0.00016784247 0.00016706771
4771.2 0.00016864795 0.00016787319
4776.0 0.00016945482 0.00016868006
4780.8 0.000170263 0.00016948825
4785.6 0.00017107242 0.00017029766
4790.4 0.00017188297 0.00017110822
4795.2 0.00017269463 0.00017191987
4800.0 0.00017350733 0.00017273258
4804.8 0.00017432107 0.00017354632
4809.6 0.00017513585 0.0001743611
4814.4 0.00017595168 0.00017517692
4819.2 0.00017676854 0.00017599379
4824.0 0.00017758644 0.00017681168
4828.8 0.00017840532 0.00017763057
4833.6 0.00017922518 0.00017845043
4838.4 0.00018004602 0.00017927126
4843.2 0.00018086785 0.00018009309
4848.0 0.00018169071 0.00018091596
4852.8 0.0001825146 0.00018173985
4857.6 0.00018333948 0.00018256473
4862.4 0.00018416528 0.00018339053
4867.2 0.00018499196 0.00018421721
4872.0 0.00018581946 0.0001850447
4876.8 0.00018664774 0.00018587298
4881.6 0.00018747674 0.00018670199
4886.4 0.00018830641 0.00018753165
4891.2 0.00018913663 0.00018836188
4896.0 0.00018996736 0.0001891926
4900.8 0.00019079854 0.00019002378
4905.6 0.00019163015 0.00019085539
4910.4 0.00019246214 0.00019168739
4915.2 0.00019329449 0.00019251973
4920.0 0.00019412716 0.0001933524
4924.8 0.00019496012 0.00019418537
4929.6 0.0001957933 0.00019501855
4934.4 0.00019662665 0.00019585189
4939.2 0.00019746013 0.00019668538
4944.0 0.00019829373 0.00019751897
4948.8 0.00019912739 0.00019835264
4953.6 0.00019996112 0.00019918636
4958.4 0.00020079489 0.00020002013
4963.2 0.00020162864 0.00020085389
4968.0 0.00020246234 0.00020168758
4972.8 0.00020329596 0.0002025212
4977.6 0.00020412949 0.00020335473
4982.4 0.00020496291 0.00020418815
4987.2 0.00020579618 0.00020502142
4992.0 0.00020662928 0.00020585452
4996.8 0.00020746217 0.00020668742
5001.6 0.00020829485 0.0002075201
5006.4 0.0002091273 0.00020835254
5011.2 0.00020995951 0.00020918476
5016.0 0.00021079145 0.00021001669
5020.8 0.00021162309 0.00021084834
5025.6 0.00021245443 0.00021167967
5030.4 0.00021328542 0.00021251066
5035.2 0.00021411605 0.00021334129
5040.0 0.00021494629 0.00021417153
5044.8 0.00021577609 0.00021500134
5049.6 0.00021660541 0.00021583065
5054.4 0.00021743421 0.00021665945
5059.2 0.00021826244 0.00021748769
5064.0 0.00021909008 0.00021831532
5068.8 0.00021991704 0.00021914229
5073.6 0.00022074329 0.00021996854
5078.4 0.00022156877 0.00022079402
5083.2 0.00022239343 0.00022161868
5088.0 0.00022321723 0.00022244248
5092.8 0.00022404015 0.0002232654
5097.6 0.00022486219 0.00022408743
5102.4 0.00022568332 0.00022490857
5107.2 0.00022650356 0.00022572881
5112.0 0.00022732292 0.00022654817
5116.8 0.00022814142 0.00022736666
5121.6 0.00022895907 0.00022818431
5126.4 0.00022977591 0.00022900115
5131.2 0.00023059198 0.00022981723
5136.0 0.00023140732 0.00023063257
5140.8 0.00023222196 0.00023144721
5145.6 0.00023303593 0.00023226118
5150.4 0.00023384928 0.00023307452
5155.2 0.00023466205 0.00023388729
5160.0 0.00023547428 0.00023469953
5164.8 0.00023628603 0.00023551128
5169.6 0.00023709733 0.00023632257
5174.4 0.0002379082 0.00023713345
5179.2 0.00023871868 0.00023794392
5184.0 0.00023952876 0.00023875401
5188.8 0.00024033845 0.00023956369
5193.6 0.0002411477 0.00024037294
5198.4 0.00024195647 0.00024118172
5203.2 0.00024276473 0.00024198998
5208.0 0.00024357243 0.00024279768
5212.8 0.00024437952 0.00024360477
5217.6 0.00024518597 0.00024441121
5222.4 0.00024599173 0.00024521697
5227.2 0.00024679674 0.00024602198
5232.0 0.00024760096 0.0002468262
5236.8 0.00024840437 0.00024762961
5241.6 0.00024920694 0.00024843218
5246.4 0.00025000864 0.00024923389
5251.2 0.00025080946 0.00025003471
5256.0 0.00025160937 0.00025083461
5260.8 0.00025240836 0.0002516336
5265.6 0.0002532064 0.00025243164
5270.4 0.00025400346 0.00025322871
5275.2 0.00025479952 0.00025402477
5280.0 0.00025559453 0.00025481977
5284.8 0.00025638843 0.00025561368
5289.6 0.00025718121 0.00025640646
5294.4 0.00025797285 0.00025719809
5299.2 0.00025876331 0.00025798856
5304.0 0.00025955256 0.0002587778
5308.8 0.00026034057 0.00025956581
5313.6 0.00026112733 0.00026035257
5318.4 0.00026191283 0.00026113807
5323.2 0.00026269706 0.0002619223
5328.0 0.00026348002 0.00026270527
5332.8 0.00026426173 0.00026348698
5337.6 0.0002650422 0.00026426744
5342.4 0.00026582145 0.00026504669
5347.2 0.00026659952 0.00026582476
5352.0 0.00026737644 0.00026660168
5356.8 0.00026815224 0.00026737749
5361.6 0.00026892693 0.00026815217
5366.4 0.00026970048 0.00026892572
5371.2 0.0002704729 0.00026969814
5376.0 0.00027124416 0.00027046941
5380.8 0.00027201424 0.00027123949
5385.6 0.0002727831 0.00027200835
5390.4 0.00027355069 0.00027277593
5395.2 0.00027431696 0.00027354221
5400.0 0.0002750819 0.00027430715
5404.8 0.00027584547 0.00027507072
5409.6 0.00027660769 0.00027583293
5414.4 0.00027736853 0.00027659378
5419.2 0.00027812801 0.00027735325
5424.0 0.00027888609 0.00027811134
5428.8 0.0002796428 0.00027886804
5433.6 0.00028039813 0.00027962338
5438.4 0.00028115211 0.00028037735
5443.2 0.00028190473 0.00028112997
5448.0 0.00028265598 0.00028188123
5452.8 0.0002834059 0.00028263114
5457.6 0.00028415447 0.00028337971
5462.4 0.0002849017 0.00028412694
5467.2 0.0002856476 0.00028487284
5472.0 0.00028639216 0.0002856174
5476.8 0.00028713536 0.0002863606
5481.6 0.0002878772 0.00028710245
5486.4 0.00028861768 0.00028784292
5491.2 0.00028935678 0.00028858203
5496.0 0.0002900945 0.00028931975
5500.8 0.00029083083 0.00029005608
5505.6 0.00029156577 0.00029079101
5510.4 0.00029229932 0.00029152456
5515.2 0.00029303148 0.00029225672
5520.0 0.00029376226 0.00029298736
5524.8 0.00029449168 0.00029371663
5529.6 0.00029521972 0.00029444427
5534.4 0.00029594638 0.00029517053
5539.2 0.00029667168 0.00029589542
5544.0 0.00029739561 0.00029661894
5548.8 0.00029811818 0.0002973411
5553.6 0.00029883941 0.00029806178
5558.4 0.0002995593 0.00029878113
5563.2 0.00030027786 0.00029949914
5568.0 0.00030099511 0.00030021584
5572.8 0.00030171106 0.00030093123
5577.6 0.00030242573 0.00030164534
5582.4 0.00030313914 0.00030235819
5587.2 0.00030385131 0.00030306978
5592.0 0.00030456223 0.00030378012
5596.8 0.00030527189 0.0003044892
5601.6 0.0003059803 0.00030519664
5606.4 0.00030668745 0.00030590185
5611.2 0.00030739334 0.00030660577
5616.0 0.00030809799 0.00030730841
5620.8 0.0003088014 0.00030800977
5625.6 0.00030950355 0.00030870947
5630.4 0.00031020444 0.00030940786
5635.2 0.00031090406 0.00031010496
5640.0 0.00031160241 0.00031080075
5644.8 0.00031229948 0.00031149522
5649.6 0.00031299525 0.00031218836
5654.4 0.00031368972 0.00031288017
5659.2 0.0003143829 0.00031357049
5664.0 0.00031507477 0.00031425947
5668.8 0.00031576534 0.00031494712
5673.6 0.00031645458 0.00031563324
5678.4 0.00031714252 0.00031631802
5683.2 0.00031782916 0.00031700148
5688.0 0.0003185145 0.00031768349
5692.8 0.00031919858 0.00031836411
5697.6 0.00031988141 0.00031904323
5702.4 0.00032056301 0.00031972105
5707.2 0.00032124342 0.00032039765
5712.0 0.00032192268 0.00032107307
5716.8 0.00032260084 0.00032174735
5721.6 0.00032327793 0.00032242054
5726.4 0.000323954 0.00032309241
5731.2 0.00032462906 0.00032376299
5736.0 0.00032530312 0.00032443255
5740.8 0.00032597619 0.00032510109
5745.6 0.00032664827 0.00032576861
5750.4 0.00032731938 0.00032643512
5755.2 0.00032798952 0.00032710048
5760.0 0.00032865872 0.00032776486
5764.8 0.00032932699 0.00032842792
5769.6 0.00032999434 0.00032909003
5774.4 0.00033066081 0.00032975121
5779.2 0.00033132641 0.0003304115
5784.0 0.00033199114 0.00033107087
5788.8 0.00033265499 0.00033172924
5793.6 0.00033331796 0.00033238641
5798.4 0.00033398004 0.00033304247
5803.2 0.0003346412 0.00033369732
5808.0 0.00033530145 0.00033435108
5812.8 0.00033596075 0.00033500385
5817.6 0.00033661908 0.0003356556
5822.4 0.00033727641 0.00033630614
5827.2 0.00033793271 0.00033695523
5832.0 0.00033858796 0.00033760322
5836.8 0.00033924215 0.00033824984
5841.6 0.00033989529 0.00033889405
5846.4 0.00034054736 0.00033953655
5851.2 0.00034119837 0.00034017769
5856.0 0.00034184833 0.00034081694
5860.8 0.00034249724 0.000341454
5865.6 0.00034314512 0.0003420895
5870.4 0.00034379197 0.00034272285
5875.2 0.0003444378 0.00034335386
5880.0 0.0003450826 0.00034398315
5884.8 0.00034572638 0.00034461109
5889.6 0.00034636913 0.00034523653
5894.4 0.00034701086 0.00034585737
5899.2 0.00034765157 0.00034647534
5904.0 0.00034829126 0.0003470914
5908.8 0.00034892994 0.00034770437
5913.6 0.00034956758 0.00034831408
5918.4 0.00035020421 0.00034892018
5923.2 0.00035083982 0.00034952324
5928.0 0.00035147442 0.00035012378
5932.8 0.00035210801 0.00035072091
5937.6 0.0003527406 0.00035131565
5942.4 0.00035337218 0.00035190796
5947.2 0.00035400276 0.00035249742
5952.0 0.00035463234 0.00035308427
5956.8 0.00035526093 0.00035366848
5961.6 0.00035588851 0.00035425099
5966.4 0.00035651508 0.00035483094
5971.2 0.00035714067 0.00035540837
5976.0 0.00035776526 0.00035598438
5980.8 0.00035838887 0.00035655876
5985.6 0.00035901149 0.00035713111
5990.4 0.00035963312 0.00035770176
5995.2 0.00036025377 0.00035826973
6000.0 0.00036087344 0.00035883601
6004.8 0.00036149212 0.00035940058
6009.6 0.00036210983 0.00035996327
6014.4 0.00036272654 0.00036052505
6019.2 0.00036334226 0.00036108502
6024.0 0.00036395699 0.00036164312
6028.8 0.0003645707 0.00036219933
6033.6 0.00036518341 0.00036275402
6038.4 0.0003657951 0.00036330736
6043.2 0.00036640577 0.00036385942
6048.0 0.00036701542 0.00036441024
6052.8 0.00036762404 0.00036495866
6057.6 0.00036823163 0.00036550645
6062.4 0.0003688382 0.00036605213
6067.2 0.00036944376 0.00036659584
6072.0 0.00037004829 0.00036713843
6076.8 0.0003706518 0.00036767904
6081.6 0.0003712543 0.00036821786
6086.4 0.00037185578 0.00036875499
6091.2 0.00037245626 0.00036929137
6096.0 0.00037305572 0.00036982587
6100.8 0.00037365419 0.00037035932
6105.6 0.00037425166 0.00037089106
6110.4 0.00037484812 0.00037141992
6115.2 0.0003754436 0.00037194603
6120.0 0.00037603807 0.00037247042
6124.8 0.00037663154 0.00037299296
6129.6 0.00037722401 0.00037351413
6134.4 0.00037781549 0.00037403341
6139.2 0.00037840597 0.0003745506
6144.0 0.00037899547 0.00037506595
6148.8 0.00037958398 0.00037557976
6153.6 0.00038017152 0.00037609137
6158.4 0.0003807581 0.00037660155
6163.2 0.00038134374 0.00037711119
6168.0 0.00038192845 0.0003776195
6172.8 0.00038251225 0.00037812711
6177.6 0.00038309515 0.00037863249
6182.4 0.00038367718 0.00037913689
6187.2 0.00038425837 0.00037964039
6192.0 0.00038483873 0.00038014344
6196.8 0.00038541832 0.00038064422
6201.6 0.00038599715 0.00038114333
6206.4 0.00038657527 0.00038164203
6211.2 0.00038715271 0.00038213784
6216.0 0.0003877295 0.00038263248
6220.8 0.00038830568 0.00038312507
6225.6 0.00038888126 0.00038361633
6230.4 0.00038945629 0.00038410735
6235.2 0.0003900308 0.00038459658
6240.0 0.00039060482 0.00038508269
6244.8 0.00039117837 0.00038556815
6249.6 0.00039175149 0.00038605258
6254.4 0.0003923242 0.00038653528
6259.2 0.0003928965 0.00038701705
6264.0 0.00039346841 0.00038749831
6268.8 0.00039403993 0.00038797586
6273.6 0.00039461108 0.00038845179
6278.4 0.00039518185 0.00038892547
6283.2 0.00039575223 0.00038939689
6288.0 0.00039632222 0.00038986677
6292.8 0.0003968918 0.00039033287
6297.6 0.00039746095 0.00039079463
6302.4 0.00039802966 0.00039125437
6307.2 0.00039859791 0.00039170916
6312.0 0.00039916569 0.00039215879
6316.8 0.00039973296 0.00039260505
6321.6 0.00040029971 0.00039304702
6326.4 0.00040086591 0.00039348361
6331.2 0.00040143155 0.00039391702
6336.0 0.00040199659 0.00039434698
6340.8 0.00040256103 0.00039477257
6345.6 0.00040312483 0.00039519365
6350.4 0.00040368796 0.00039561047
6355.2 0.00040425039 0.0003960245
6360.0 0.0004048121 0.00039643505
6364.8 0.00040537308 0.00039683721
6369.6 0.0004059333 0.00039723621
6374.4 0.00040649276 0.00039762925
6379.2 0.00040705146 0.00039801716
6384.0 0.00040760934 0.0003983986
6388.8 0.00040816643 0.00039877294
6393.6 0.00040872273 0.00039914256
6398.4 0.00040927823 0.00039950792
6403.2 0.00040983292 0.00039987043
6408.0 0.00041038681 0.00040022737
6412.8 0.0004109399 0.00040057977
6417.6 0.00041149218 0.00040092881
6422.4 0.00041204366 0.0004012723
6427.2 0.00041259433 0.00040161111
6432.0 0.00041314418 0.00040194458
6436.8 0.00041369319 0.00040227217
6441.6 0.00041424135 0.00040259532
6446.4 0.00041478865 0.00040291353
6451.2 0.00041533507 0.00040322542
6456.0 0.00041588059 0.00040353211
6460.8 0.00041642519 0.00040383434
6465.6 0.00041696887 0.000404131
6470.4 0.0004175116 0.00040442359
6475.2 0.00041805337 0.00040471274
6480.0 0.00041859417 0.00040499742
6484.8 0.00041913397 0.00040527897
6489.6 0.00041967278 0.00040555818
6494.4 0.00042021058 0.00040582923
6499.2 0.00042074736 0.00040609509
6504.0 0.00042128311 0.00040635688
6508.8 0.00042181784 0.00040661628
6513.6 0.00042235153 0.00040687144
6518.4 0.00042288417 0.00040712295
6523.2 0.00042341576 0.0004073727
6528.0 0.00042394628 0.00040761873
6532.8 0.00042447574 0.00040786161
6537.6 0.0004250041 0.00040810311
6542.4 0.00042553136 0.00040834099
6547.2 0.00042605751 0.0004085768
6552.0 0.00042658253 0.00040881118
6556.8 0.00042710641 0.00040904262
6561.6 0.00042762915 0.00040927196
6566.4 0.00042815074 0.00040949929
6571.2 0.00042867116 0.00040972367
6576.0 0.00042919042 0.00040994451
6580.8 0.00042970851 0.00041016332
6585.6 0.00043022541 0.00041038019
6590.4 0.00043074113 0.00041059603
6595.2 0.00043125568 0.00041080965
6600.0 0.00043176904 0.00041102144
6604.8 0.00043228122 0.00041123053
6609.6 0.00043279222 0.00041143663
6614.4 0.00043330204 0.00041163836
6619.2 0.00043381068 0.00041183856
6624.0 0.00043431814 0.00041203529
6628.8 0.00043482442 0.00041222791
6633.6 0.00043532953 0.00041241818
6638.4 0.00043583347 0.00041260443
6643.2 0.00043633625 0.00041278951
6648.0 0.00043683786 0.00041297308
6652.8 0.00043733831 0.00041315427
6657.6 0.00043783761 0.00041333339
6662.4 0.00043833576 0.00041351071
6667.2 0.00043883277 0.00041368653
6672.0 0.00043932864 0.00041386022
6676.8 0.00043982337 0.00041403254
6681.6 0.00044031699 0.00041420314
6686.4 0.00044080951 0.0004143722
6691.2 0.00044130093 0.00041453982
6696.0 0.0004417913 0.00041470426
6700.8 0.00044228062 0.00041486622
6705.6 0.00044276894 0.00041502674
6710.4 0.00044325626 0.00041518573
6715.2 0.00044374264 0.00041534159
6720.0 0.0004442281 0.00041549584
6724.8 0.00044471268 0.00041564826
6729.6 0.00044519642 0.00041579888
6734.4 0.00044567937 0.0004159482
6739.2 0.00044616159 0.00041609709
6744.0 0.00044664312 0.00041624504
6748.8 0.000447124 0.00041639081
6753.6 0.00044760427 0.00041653704
6758.4 0.00044808397 0.00041668012
6763.2 0.00044856311 0.00041682144
6768.0 0.00044904174 0.00041696113
6772.8 0.00044951987 0.00041709892
6777.6 0.00044999754 0.00041723598
6782.4 0.00045047476 0.00041737001
6787.2 0.00045095154 0.00041750232
6792.0 0.00045142788 0.00041763319
6796.8 0.0004519038 0.00041776388
6801.6 0.0004523793 0.00041789347
6806.4 0.0004528544 0.00041802179
6811.2 0.0004533291 0.00041814996
6816.0 0.00045380342 0.00041827791
6820.8 0.00045427737 0.0004184051
6825.6 0.00045475096 0.00041853215
6830.4 0.0004552242 0.0004186589
6835.2 0.0004556971 0.00041878471
6840.0 0.00045616967 0.00041891083
6844.8 0.0004566419 0.00041903597
6849.6 0.0004571138 0.00041915942
6854.4 0.00045758537 0.00041928341
6859.2 0.00045805663 0.00041940624
6864.0 0.00045852759 0.00041952889
6868.8 0.00045899825 0.00041965149
6873.6 0.00045946864 0.00041977449
6878.4 0.00045993875 0.0004198971
6883.2 0.00046040859 0.0004200194
6888.0 0.00046087817 0.00042014169
6892.8 0.0004613475 0.0004202643
6897.6 0.00046181662 0.00042038567
6902.4 0.00046228554 0.00042050729
6907.2 0.00046275427 0.0004206283
6912.0 0.00046322283 0.00042074878
6916.8 0.00046369124 0.00042086992
6921.6 0.0004641595 0.00042099125
6926.4 0.0004646276 0.00042111192
6931.2 0.00046509554 0.00042123324
6936.0 0.0004655633 0.00042135457
6940.8 0.00046603088 0.00042147417
6945.6 0.00046649828 0.00042159267
6950.4 0.00046696551 0.0004217116
6955.2 0.00046743258 0.00042183204
6960.0 0.00046789947 0.00042195163
6964.8 0.0004683662 0.0004220702
6969.6 0.00046883275 0.00042218885
6974.4 0.00046929914 0.00042230747
6979.2 0.00046976535 0.00042242656
6984.0 0.00047023137 0.00042254541
6988.8 0.00047069721 0.0004226647
6993.6 0.00047116284 0.00042278426
6998.4 0.00047162823 0.00042290386
7003.2 0.00047209337 0.00042302275
7008.0 0.00047255823 0.00042314121
7012.8 0.00047302279 0.00042325996
7017.6 0.00047348704 0.00042337898
7022.4 0.00047395099 0.00042349875
7027.2 0.00047441464 0.00042361826
7032.0 0.000474878 0.00042373789
7036.8 0.00047534107 0.00042385685
7041.6 0.00047580385 0.0004239765
7046.4 0.00047626637 0.00042409674
7051.2 0.00047672862 0.00042421634
7056.0 0.00047719063 0.00042433569
7060.8 0.0004776524 0.0004244562
7065.6 0.00047811394 0.00042457715
7070.4 0.00047857526 0.00042469998
7075.2 0.00047903637 0.00042482236
7080.0 0.00047949725 0.00042494424
7084.8 0.0004799579 0.00042506635
7089.6 0.00048041829 0.00042518911
7094.4 0.0004808784 0.00042531191
7099.2 0.00048133818 0.00042543516
7104.0 0.00048179762 0.00042555983
7108.8 0.00048225671 0.00042568465
7113.6 0.0004827154 0.00042580974
7118.4 0.00048317366 0.00042593398
7123.2 0.00048363147 0.00042605771
7128.0 0.00048408881 0.00042618104
7132.8 0.00048454568 0.00042630381
7137.6 0.00048500204 0.00042642639
7142.4 0.00048545785 0.00042654884
7147.2 0.00048591311 0.00042667133
7152.0 0.00048636779 0.00042679395
7156.8 0.00048682186 0.00042691734
7161.6 0.0004872753 0.0004270401
7166.4 0.00048772808 0.00042716279
7171.2 0.00048818019 0.00042728519
7176.0 0.00048863162 0.00042740727
7180.8 0.00048908235 0.00042752937
7185.6 0.00048953237 0.0004276515
7190.4 0.00048998167 0.00042777298
7195.2 0.00049043024 0.00042789415
7200.0 0.00049087807 0.00042801315
7204.8 0.00049132515 0.00042813278
7209.6 0.00049177148 0.00042825201
7214.4 0.00049221704 0.00042837041
7219.2 0.00049266182 0.00042848788
7224.0 0.00049310582 0.00042860441
7228.8 0.00049354904 0.00042872064
7233.6 0.00049399148 0.00042883715
7238.4 0.00049443315 0.00042895375
7243.2 0.00049487405 0.0004290705
7248.0 0.0004953142 0.00042918653
7252.8 0.00049575359 0.00042930226
7257.6 0.00049619222 0.00042941809
7262.4 0.0004966301 0.00042953375
7267.2 0.00049706722 0.00042964908
7272.0 0.0004975036 0.00042976505
7276.8 0.00049793923 0.00042988111
7281.6 0.00049837412 0.00042999612
7286.4 0.00049880827 0.00043011082
7291.2 0.00049924169 0.000430225
7296.0 0.00049967439 0.00043033835
7300.8 0.00050010638 0.00043045133
7305.6 0.00050053768 0.0004305638
7310.4 0.00050096829 0.00043067646
7315.2 0.00050139822 0.00043078862
7320.0 0.0005018275 0.00043090048
7324.8 0.00050225614 0.00043101145
7329.6 0.00050268415 0.00043112218
7334.4 0.00050311155 0.00043123179
7339.2 0.00050353835 0.00043134052
7344.0 0.00050396458 0.00043144856
7348.8 0.00050439025 0.00043155575
7353.6 0.00050481537 0.00043166134
7358.4 0.00050523997 0.0004317665
7363.2 0.00050566406 0.00043187112
7368.0 0.00050608765 0.00043197479
7372.8 0.00050651077 0.00043207743
7377.6 0.0005069334 0.00043218181
7382.4 0.00050735558 0.00043228601
7387.2 0.00050777729 0.00043239071
7392.0 0.00050819855 0.00043249451
7396.8 0.00050861935 0.00043259651
7401.6 0.00050903969 0.00043269835
7406.4 0.00050945957 0.00043280005
7411.2 0.00050987897 0.00043290115
7416.0 0.00051029789 0.00043300157
7420.8 0.00051071631 0.00043310013
7425.6 0.00051113423 0.0004331986
7430.4 0.00051155163 0.00043329704
7435.2 0.0005119685 0.00043339407
7440.0 0.00051238484 0.00043349107
7444.8 0.00051280062 0.00043358728
7449.6 0.00051321583 0.00043368379
7454.4 0.00051363048 0.00043378023
7459.2 0.00051404455 0.00043387599
7464.0 0.00051445804 0.00043397147
7468.8 0.00051487094 0.00043406697
7473.6 0.00051528323 0.00043416192
7478.4 0.00051569493 0.00043425676
7483.2 0.00051610601 0.00043435101
7488.0 0.00051651649 0.0004344453
7492.8 0.00051692634 0.00043453891
7497.6 0.00051733558 0.0004346321
7502.4 0.00051774419 0.00043472552
7507.2 0.00051815218 0.00043481843
7512.0 0.00051855955 0.00043491129
7516.8 0.00051896631 0.00043500305
7521.6 0.00051937245 0.00043509314
7526.4 0.00051977798 0.00043518341
7531.2 0.0005201829 0.00043527366
7536.0 0.00052058721 0.00043536375
7540.8 0.00052099093 0.00043545402
7545.6 0.00052139405 0.00043554441
7550.4 0.00052179658 0.0004356349
7555.2 0.00052219852 0.00043572435
7560.0 0.00052259989 0.00043581308
7564.8 0.00052300067 0.00043590082
7569.6 0.00052340087 0.00043598825
7574.4 0.00052380048 0.00043607549
7579.2 0.0005241995 0.00043616182
7584.0 0.00052459793 0.00043624819
7588.8 0.00052499577 0.00043633439
7593.6 0.00052539302 0.00043642037
7598.4 0.00052578969 0.00043650622
7603.2 0.00052618577 0.00043659171
7608.0 0.00052658126 0.00043667696
7612.8 0.00052697614 0.00043676156
7617.6 0.00052737042 0.00043684544
7622.4 0.0005277641 0.00043692874
7627.2 0.00052815717 0.0004370112
7632.0 0.00052854963 0.00043709319
7636.8 0.00052894148 0.00043717423
7641.6 0.00052933271 0.00043725477
7646.4 0.00052972333 0.00043733485
7651.2 0.00053011332 0.00043741489
7656.0 0.00053050268 0.00043749434
7660.8 0.00053089141 0.00043757324
7665.6 0.00053127952 0.00043765121
7670.4 0.00053166699 0.00043772856
7675.2 0.00053205382 0.00043780433
7680.0 0.00053244001 0.00043787969
7684.8 0.00053282557 0.00043795447
7689.6 0.0005332105 0.00043802685
7694.4 0.00053359479 0.00043809859
7699.2 0.00053397845 0.00043816951
7704.0 0.00053436147 0.00043824052
7708.8 0.00053474388 0.00043831044
7713.6 0.00053512566 0.0004383783
7718.4 0.00053550682 0.00043844591
7723.2 0.00053588736 0.00043851434
7728.0 0.0005362673 0.00043858192
7732.8 0.00053664664 0.00043864858
7737.6 0.00053702537 0.00043871527
7742.4 0.00053740351 0.00043878131
7747.2 0.00053778106 0.00043884572
7752.0 0.00053815804 0.00043890954
7756.8 0.00053853444 0.00043897257
7761.6 0.00053891028 0.00043903354
7766.4 0.00053928555 0.00043909462
7771.2 0.00053966025 0.00043915533
7776.0 0.0005400344 0.00043921424
7780.8 0.000540408 0.00043927324
7785.6 0.00054078105 0.00043933203
7790.4 0.00054115356 0.00043939008
7795.2 0.00054152552 0.00043944713
7800.0 0.00054189696 0.00043950399
7804.8 0.00054226788 0.00043956076
7809.6 0.00054263828 0.00043961759
7814.4 0.00054300816 0.00043967423
7819.2 0.00054337754 0.0004397308
7824.0 0.00054374641 0.00043978601
7828.8 0.00054411478 0.00043984059
7833.6 0.00054448266 0.00043989508
7838.4 0.00054485003 0.00043994877
7843.2 0.00054521691 0.0004400012
7848.0 0.00054558329 0.000440053
7852.8 0.00054594918 0.00044010389
7857.6 0.00054631458 0.00044015375
7862.4 0.00054667948 0.0004402029
7867.2 0.00054704388 0.00044025097
7872.0 0.00054740779 0.00044029873
7876.8 0.0005477712 0.00044034555
7881.6 0.00054813411 0.00044039067
7886.4 0.00054849654 0.00044043417
7891.2 0.00054885847 0.00044047742
7896.0 0.00054921992 0.00044051928
7900.8 0.00054958087 0.00044055917
7905.6 0.00054994132 0.00044059644
7910.4 0.00055030127 0.00044063353
7915.2 0.00055066073 0.00044066879
7920.0 0.00055101969 0.00044070281
7924.8 0.00055137814 0.00044073602
7929.6 0.00055173609 0.00044076894
7934.4 0.00055209354 0.00044080161
7939.2 0.00055245048 0.0004408323
7944.0 0.00055280691 0.00044086062
7948.8 0.00055316284 0.00044088776
7953.6 0.00055351825 0.00044091414
7958.4 0.00055387316 0.00044093806
7963.2 0.00055422756 0.00044096058
7968.0 0.00055458144 0.0004409822
7972.8 0.0005549348 0.00044100308
7977.6 0.00055528762 0.00044102388
7982.4 0.00055563991 0.00044104458
7987.2 0.00055599166 0.00044106519
7992.0 0.00055634287 0.00044108584
7996.8 0.00055669352 0.00044110633
8001.6 0.0005570436 0.00044112679
8006.4 0.00055739311 0.0004411472
8011.2 0.00055774204 0.00044116767
8016.0 0.00055809037 0.0004411875
8020.8 0.0005584381 0.00044120741
8025.6 0.00055878522 0.00044122681
8030.4 0.00055913172 0.00044124616
8035.2 0.00055947759 0.00044126528
8040.0 0.00055982282 0.0004412839
8044.8 0.0005601674 0.00044130248
8049.6 0.00056051132 0.00044132089
8054.4 0.00056085459 0.0004413392
8059.2 0.00056119719 0.00044135713
8064.0 0.00056153911 0.00044137496
8068.8 0.00056188036 0.00044139229
8073.6 0.00056222092 0.00044140952
8078.4 0.0005625608 0.00044142671
8083.2 0.00056289998 0.00044144341
8088.0 0.00056323847 0.00044145981
8092.8 0.00056357627 0.00044147618
8097.6 0.00056391337 0.00044149223
8102.4 0.0005642498 0.00044150813
8107.2 0.00056458554 0.00044152399
8112.0 0.0005649206 0.00044153979
8116.8 0.00056525499 0.00044155555
8121.6 0.00056558872 0.00044157127
8126.4 0.00056592181 0.00044158695
8131.2 0.00056625426 0.00044160267
8136.0 0.00056658609 0.00044161836
8140.8 0.0005669173 0.00044163376
8145.6 0.00056724792 0.00044164913
8150.4 0.00056757794 0.00044166447
8155.2 0.0005679074 0.00044167964
8160.0 0.00056823629 0.00044169478
8164.8 0.00056856464 0.00044170962
8169.6 0.00056889246 0.00044172436
8174.4 0.00056921977 0.00044173898
8179.2 0.00056954658 0.00044175327
8184.0 0.00056987291 0.00044176727
8188.8 0.00057019877 0.00044178125
8193.6 0.00057052418 0.00044179519
8198.4 0.00057084914 0.00044180898
8203.2 0.00057117367 0.00044182262
8208.0 0.00057149777 0.00044183622
8212.8 0.00057182147 0.00044184959
8217.6 0.00057214476 0.00044186282
8222.4 0.00057246768 0.00044187578
8227.2 0.00057279021 0.00044188867
8232.0 0.00057311239 0.00044190153
8236.8 0.00057343423 0.00044191434
8241.6 0.00057375573 0.00044192694
8246.4 0.00057407691 0.00044193939
8251.2 0.0005743978 0.00044195161
8256.0 0.0005747184 0.00044196341
8260.8 0.00057503873 0.00044197503
8265.6 0.0005753588 0.00044198643
8270.4 0.00057567863 0.00044199767
8275.2 0.00057599823 0.00044200883
8280.0 0.00057631762 0.00044201985
8284.8 0.00057663683 0.00044203081
8289.6 0.00057695586 0.00044204171
8294.4 0.00057727475 0.00044205235
8299.2 0.00057759353 0.00044206284
8304.0 0.0005779122 0.00044207334
8308.8 0.0005782308 0.00044208382
8313.6 0.00057854936 0.00044209426
8318.4 0.00057886789 0.0004421046
8323.2 0.00057918643 0.0004421148
8328.0 0.00057950498 0.00044212485
8332.8 0.00057982358 0.00044213488
8337.6 0.00058014225 0.00044214472
8342.4 0.000580461 0.00044215444
8347.2 0.00058077986 0.00044216401
8352.0 0.00058109884 0.0004421735
8356.8 0.00058141796 0.00044218288
8361.6 0.00058173723 0.00044219203
8366.4 0.00058205666 0.00044220107
8371.2 0.00058237627 0.00044220991
8376.0 0.00058269605 0.00044221864
8380.8 0.00058301603 0.00044222705
8385.6 0.0005833362 0.00044223687
8390.4 0.00058365656 0.00044224658
8395.2 0.00058397712 0.00044225624
8400.0 0.00058429787 0.00044226589
8404.8 0.00058461882 0.0004422755
8409.6 0.00058493994 0.00044228497
8414.4 0.00058526124 0.00044229419
8419.2 0.00058558269 0.00044230322
8424.0 0.00058590429 0.00044231203
8428.8 0.00058622603 0.00044232072
8433.6 0.00058654789 0.00044232937
8438.4 0.00058686984 0.000442338
8443.2 0.00058719188 0.00044234656
8448.0 0.00058751397 0.00044235389
8452.8 0.00058783609 0.00044236119
8457.6 0.00058815824 0.00044236842
8462.4 0.00058848039 0.00044237559
8467.2 0.00058880251 0.00044238274
8472.0 0.00058912458 0.0004423898
8476.8 0.00058944659 0.00044239684
8481.6 0.0005897685 0.00044240386
8486.4 0.0005900903 0.00044241081
8491.2 0.00059041196 0.00044241764
8496.0 0.00059073346 0.00044242432
8500.8 0.00059105477 0.00044243018
8505.6 0.00059137588 0.00044243601
8510.4 0.00059169675 0.0004424416
8515.2 0.00059201738 0.00044244719
8520.0 0.00059233775 0.00044245273
8524.8 0.00059265782 0.00044245823
8529.6 0.0005929776 0.00044246373
8534.4 0.00059329706 0.00044246923
8539.2 0.0005936162 0.00044247473
8544.0 0.00059393499 0.00044248022
8548.8 0.00059425342 0.00044248568
8553.6 0.00059457148 0.0004424911
8558.4 0.00059488916 0.00044249652
8563.2 0.00059520645 0.00044250194
8568.0 0.00059552335 0.00044250731
8572.8 0.00059583985 0.00044251267
8577.6 0.00059615593 0.00044251798
8582.4 0.00059647161 0.0004425232
8587.2 0.00059678686 0.00044252837
8592.0 0.00059710168 0.0004425335
8596.8 0.00059741605 0.00044253848
8601.6 0.00059772998 0.00044254346
8606.4 0.00059804346 0.00044254844
8611.2 0.00059835649 0.00044255342
8616.0 0.00059866906 0.00044255839
8620.8 0.00059898116 0.00044256333
8625.6 0.00059929278 0.00044256828
8630.4 0.0005996039 0.0004425732
8635.2 0.00059991454 0.00044257812
8640.0 0.00060022467 0.00044258301
8644.8 0.00060053431 0.00044258788
8649.6 0.00060084345 0.00044259276
8654.4 0.0006011521 0.00044259763
8659.2 0.00060146025 0.00044260248
8664.0 0.0006017679 0.00044260732
8668.8 0.00060207505 0.00044261213
8673.6 0.00060238168 0.00044261692
8678.4 0.0006026878 0.0004426217
8683.2 0.00060299341 0.00044262654
8688.0 0.00060329849 0.00044263137
8692.8 0.00060360306 0.0004426362
8697.6 0.00060390712 0.00044264098
8702.4 0.00060421065 0.00044264574
8707.2 0.00060451367 0.00044265043
8712.0 0.00060481618 0.0004426551
8716.8 0.00060511816 0.00044265972
8721.6 0.00060541963 0.00044266424
8726.4 0.00060572057 0.00044266875
8731.2 0.00060602098 0.00044267326
8736.0 0.00060632086 0.00044267775
