# 1:f 2:hp.real 3:hp.imag 4:hx.real 5:hx.imag
0.0 3.60860941767e-06 0.0 -9.28382685396e-06 0.0
49.7993920973 3.74230514388e-06 -5.74114066179e-07 -9.43183428575e-06 3.76728637437e-07
99.5987841945 3.8675622702e-06 -1.42497950824e-06 -9.54054528207e-06 8.51656010094e-07
149.398176292 3.78177342607e-06 -2.39664758195e-06 -9.53575704028e-06 1.40186063307e-06
199.197568389 3.55322529634e-06 -3.41838773853e-06 -9.45967915208e-06 1.84128707986e-06
248.996960486 3.30696940557e-06 -4.38789720628e-06 -9.41238783039e-06 1.96179473337e-06
298.796352584 2.08134558566e-06 -5.28732228296e-06 -9.48673295573e-06 3.02218803103e-06
348.595744681 1.82553592949e-06 -5.68037293608e-06 -1.06096279291e-05 2.60543082397e-06
398.395136778 2.31639096818e-07 -5.42539417077e-06 -9.42391923716e-06 5.19890517859e-06
448.194528875 1.09468841405e-07 -6.54143522549e-06 -9.58551210856e-06 5.09073006484e-06
497.993920973 -2.09708042424e-07 -6.40105086012e-06 -8.79845308282e-06 5.04144445363e-06
547.79331307 -1.0210249067e-06 -7.27569194162e-06 -9.49448190908e-06 5.29108740631e-06
597.592705167 -8.5736057124e-07 -7.85647533877e-06 -1.00004314083e-05 5.28872963856e-06
647.392097264 -3.04990728468e-06 -8.48456076589e-06 -9.63788121921e-06 7.78736511671e-06
697.191489362 -3.73612285878e-06 -1.27664302772e-05 -1.32999801787e-05 8.02261644813e-06
746.990881459 -8.42916515724e-06 -5.96717789392e-06 -6.30360586231e-06 1.09706997401e-05
796.790273556 5.23304892621e-07 -2.68034050756e-06 -4.72740463853e-06 2.35322168395e-06
846.589665653 -3.65208620433e-07 -1.3107142246e-05 -1.33471237335e-05 4.79380769139e-06
896.389057751 -8.6822789703e-06 -1.58516464438e-05 -1.63536452529e-05 1.07383677029e-05
946.188449848 -3.47047373405e-06 -1.22449748e-05 -1.33171019905e-05 6.90079339034e-06
995.987841945 -1.47544989687e-05 -1.58335828651e-05 -1.556209374e-05 1.71082990218e-05
1045.78723404 -1.68306945127e-05 -1.34115681632e-05 -1.46055420822e-05 1.9879778299e-05
1095.58662614 -2.60956509126e-05 -1.58559881997e-05 -1.57500417776e-05 2.9001259399e-05
1145.38601824 -2.85979494206e-05 -2.87123996203e-06 -3.59435558095e-06 3.14042786633e-05
1195.18541033 -2.1906788209e-05 3.04993903377e-06 3.85033038336e-06 2.46540928144e-05
1244.98480243 -1.56025388718e-05 4.52982250321e-06 3.92039434952e-06 1.78035747936e-05
1294.78419453 -1.05383421471e-05 -7.96713340599e-06 -7.77722550169e-06 1.27251915747e-05
1344.58358663 -1.66889060704e-05 -1.43934314723e-05 -1.54279013413e-05 1.91688387671e-05
1394.38297872 -2.63261358702e-05 -2.53294655799e-05 -2.54687256051e-05 2.9064341034e-05
1444.18237082 -4.65324752996e-05 -2.38393943412e-05 -2.42365406328e-05 4.98675172358e-05
1493.98176292 -5.99839346794e-05 -5.94324704131e-06 -5.0006747089e-06 6.31897926858e-05
1543.78115502 -8.11013080571e-05 1.52704905285e-05 1.59076542388e-05 8.45991753886e-05
1593.58054711 -8.23829779857e-05 5.54993920047e-05 5.75264195486e-05 8.52496938993e-05
1643.37993921 -5.70296578217e-05 8.06809271948e-05 8.24052805629e-05 5.96557466543e-05
1693.17933131 -4.59926032595e-05 0.000105300584073 0.000107880595854 4.78158614063e-05
1742.9787234 -2.41995147463e-05 0.000138164512643 0.000140347206331 2.63924006053e-05
1792.7781155 4.59757070943e-05 0.00017182260279 0.000175217064158 -4.57089084177e-05
1842.5775076 0.000143359504747 0.000172163239254 0.000175560326358 -0.000143373147593
1892.3768997 0.000246574463038 8.61682098577e-05 8.82227417215e-05 -0.000248336158693
1942.17629179 0.000223911840776 -2.1600655184e-05 -1.96423775437e-05 -0.000225080228565
1991.97568389 0.000175764367386 -0.000118108543384 -0.000117438709166 -0.000177134526725
2041.77507599 0.000108105816319 -0.000222605267355 -0.000223045547764 -0.000109989540362
2091.57446809 -0.000161011908867 -0.00023838702657 -0.000239986094325 0.000161650340261
2141.37386018 -0.000155854060168 2.32852262198e-05 2.416320193e-05 0.000157405140194
2191.17325228 -8.41995547295e-05 4.61021588684e-05 4.74542932396e-05 8.5028772034e-05
2240.97264438 -4.13689133067e-05 9.95609941335e-05 0.0001034165415 4.26483846077e-05
2290.77203647 3.22062384181e-05 -0.000151353475615 -0.000152963433168 -3.61077558028e-05
2340.57142857 -0.000712610318776 0.000212786531468 0.000216736252145 0.00073335696469
2390.37082067 -1.77652295484e-06 0.000347790027335 0.000347960042449 1.10602953624e-06
2440.17021277 0.000282136429389 0.00027353641989 0.000274310670842 -0.000288211389065
2489.96960486 0.000390649554393 4.39347642303e-05 4.21083378523e-05 -0.000392735462731
2539.76899696 0.000285889868327 -0.000139071027348 -0.00014095262197 -0.00028684477264
2589.56838906 0.000128630213017 -0.000230024932632 -0.000231853953291 -0.000128166108627
2639.36778116 -4.12265534794e-05 -0.000185232205062 -0.000185708808199 4.29933011937e-05
2689.16717325 -4.98291657691e-05 -3.13096829036e-05 -3.00001194418e-05 5.07522494283e-05
2738.96656535 3.09402449197e-05 -8.75639654636e-06 -7.5675817047e-06 -3.12781021147e-05
2788.76595745 5.62084472134e-05 -5.05167346194e-05 -4.95599185614e-05 -5.6380889228e-05
2838.56534954 2.29811160215e-05 -6.86800137015e-05 -6.84444030847e-05 -2.30788297526e-05
2888.36474164 3.32942612969e-06 -6.62531141913e-05 -6.6266328327e-05 -3.50203004223e-06
2938.16413374 -1.11908689714e-05 -6.39623514653e-05 -6.41210263551e-05 1.1642603585e-05
2987.96352584 -2.78946902255e-05 -4.76133280172e-05 -4.73566185374e-05 2.83652471868e-05
3037.76291793 -2.78018771597e-05 -3.60718165794e-05 -3.55051496647e-05 2.87924365763e-05
3087.56231003 -3.11385922945e-05 -2.80273465405e-05 -2.70346807906e-05 3.16357256334e-05
3137.36170213 -3.67354777653e-05 -1.89527544763e-05 -1.79586010751e-05 3.7030918569e-05
3187.16109422 -3.69023720578e-05 -7.06678212193e-06 -6.1329799778e-06 3.70220401236e-05
3236.96048632 -3.15718004417e-05 5.70645263972e-06 6.39613040203e-06 3.1480344065e-05
3286.75987842 -1.84329340121e-05 1.02485804352e-05 1.07502910524e-05 1.84109889714e-05
3336.55927052 -1.02662934362e-05 5.47437913613e-06 5.861832696e-06 1.02499894984e-05
3386.35866261 -1.07707089173e-05 3.06853645477e-06 3.51014387854e-06 1.10056224094e-05
3436.15805471 -9.4330016691e-06 7.37644522387e-07 1.25110853419e-06 9.54512229505e-06
3485.95744681 -5.95491242339e-06 1.13651190578e-06 1.68079674378e-06 6.18094649946e-06
3535.75683891 -6.73271366091e-06 -7.10146143074e-06 -6.47519215491e-06 6.7803343898e-06
3585.556231 -1.39238110013e-05 -7.98311555684e-06 -7.38673931491e-06 1.3894271644e-05
3635.3556231 -2.07202998078e-05 -2.08391953527e-06 -1.57002177749e-06 2.06401599666e-05
3685.1550152 -2.01796378491e-05 6.46883382731e-06 6.99645084138e-06 2.00735327225e-05
3734.95440729 -1.38557668116e-05 1.19888406046e-05 1.24763226923e-05 1.37193372244e-05
3784.75379939 -7.74678930011e-06 1.09700472526e-05 1.13450497322e-05 7.54468712594e-06
3834.55319149 -7.43758638196e-06 8.80928476544e-06 9.04484376385e-06 7.35092659605e-06
3884.35258359 -5.50776920615e-06 9.57721214285e-06 9.85779606891e-06 5.41593365203e-06
3934.15197568 -2.90472529902e-06 8.7087291046e-06 9.09306173197e-06 2.84273078468e-06
3983.95136778 -2.40464456015e-06 6.66913406073e-06 6.93473696261e-06 2.34474540768e-06
4033.75075988 -2.94608582724e-06 6.31334454918e-06 6.6360664361e-06 2.92499306044e-06
4083.55015198 -2.26835579517e-06 7.18812226217e-06 7.5430518358e-06 2.19252954241e-06
4133.34954407 -8.9936150141e-07 6.94020832168e-06 7.31790769842e-06 6.8110356052e-07
4183.14893617 6.5854154411e-07 6.28669775399e-06 6.55100136295e-06 -8.74776570887e-07
4232.94832827 8.1950911292e-07 4.73279196742e-06 4.95063872158e-06 -1.07051424975e-06
4282.74772036 1.07966514923e-06 3.87293608533e-06 3.97903214071e-06 -1.25722800083e-06
4332.54711246 5.62167467892e-07 3.37807875817e-06 3.48080201696e-06 -6.59934759892e-07
4382.34650456 8.66140690539e-07 3.34447280341e-06 3.49071894913e-06 -9.71404548014e-07
4432.14589666 1.22153598111e-06 3.10585275366e-06 3.30334994185e-06 -1.31022599441e-06
4481.94528875 2.01653140235e-06 2.04715506822e-06 2.2165936804e-06 -2.18935933638e-06
4531.74468085 1.32235226898e-06 6.20587537715e-07 7.2259347112e-07 -1.51131992839e-06
4581.54407295 2.53980236628e-07 7.47118281767e-07 7.74307970615e-07 -4.12930641475e-07
4631.34346505 6.55940925634e-08 1.11831983813e-06 1.16691562603e-06 -1.8673388223e-07
4681.14285714 2.80482713278e-07 1.09107903431e-06 1.20287606601e-06 -3.90702863559e-07
4730.94224924 3.84478789406e-07 1.18459186849e-06 1.19345174109e-06 -4.45409056564e-07
4780.74164134 6.6164133293e-07 1.24284747078e-06 1.30595013013e-06 -6.38387346891e-07
4830.54103343 1.09078490972e-06 5.45096139831e-07 7.10257214696e-07 -1.09441295002e-06
4880.34042553 6.70305316962e-07 -8.63961586858e-08 2.30191480735e-08 -7.38936995945e-07
4930.13981763 1.89310187539e-07 -1.92510799648e-07 -3.47703821748e-08 -2.32301338362e-07
4979.93920973 -3.17461291475e-07 -2.18599203635e-07 -4.50916048316e-08 2.14974223278e-07
5029.73860182 -4.99702657956e-07 6.59811544503e-07 8.39929001605e-07 3.40049701026e-07
5079.53799392 -2.03583446875e-07 6.65937343491e-07 7.40286691251e-07 7.18429100417e-10
5129.33738602 -1.25569078561e-08 6.0902597501e-07 6.52602288067e-07 -1.6050203379e-07
5179.13677812 1.35536634562e-07 5.18016598929e-07 5.2069353989e-07 -2.8327266564e-07
5228.93617021 2.26717623748e-07 2.12292391252e-07 1.97842241732e-07 -3.39772776696e-07
5278.73556231 1.31005344056e-07 7.65199374773e-08 1.0256110784e-07 -2.11494429201e-07
5328.53495441 -2.39495958272e-08 -1.11336054497e-07 -1.16643336054e-07 -8.78967516756e-08
5378.3343465 -2.92315544236e-07 -9.81838009701e-08 -1.17999306692e-07 2.30739745264e-07
5428.1337386 -3.51239512802e-07 -9.17160359537e-09 -8.54329131243e-09 3.18027017749e-07
5477.9331307 -3.49722672768e-07 8.36873828733e-08 9.1424981987e-08 3.34453478084e-07
5527.7325228 -3.37469501145e-07 -2.18281830757e-08 2.68817238633e-08 3.47776044354e-07
5577.53191489 -5.48611072743e-07 7.80606818491e-09 1.42882990128e-07 5.31002462982e-07
5627.33130699 -6.37914680569e-07 1.80751524451e-07 3.58459857511e-07 5.51028477599e-07
5677.13069909 -6.69247058844e-07 4.16120086672e-07 4.75908639007e-07 4.17119800203e-07
5726.93009119 -4.84140482922e-07 5.25446552387e-07 5.39087921623e-07 3.14972279522e-07
5776.72948328 -3.64042496646e-07 4.9007691781e-07 4.98115059754e-07 2.04845790841e-07
5826.52887538 -4.36734924696e-07 4.94084107467e-07 4.62023386234e-07 3.10707821994e-07
5876.32826748 -3.89412683684e-07 5.55800685433e-07 5.44241589882e-07 2.8271800583e-07
5926.12765957 -2.9296923554e-07 6.84703924154e-07 6.88302569249e-07 1.89218258969e-07
5975.92705167 -2.64904733681e-07 6.40412634921e-07 6.52720617507e-07 1.45433171296e-07
6025.72644377 -2.57512300394e-07 6.97367810445e-07 7.53313356248e-07 2.79911162869e-08
6075.52583587 -9.51974233592e-08 8.43630278635e-07 7.2844892816e-07 -5.22796740266e-08
6125.32522796 3.71589617544e-08 8.34831477297e-07 7.35748948032e-07 -1.55601907044e-07
6175.12462006 2.1019426361e-07 8.20760017571e-07 6.81934187379e-07 -2.9647775392e-07
6224.92401216 3.64409622406e-07 7.37570428534e-07 6.11738930941e-07 -4.05588537674e-07
6274.72340426 4.12973133118e-07 5.49761315491e-07 4.18837215241e-07 -4.58764628866e-07
6324.52279635 4.4829395155e-07 4.41045002133e-07 3.14202631186e-07 -3.96134955183e-07
6374.32218845 4.08016872596e-07 3.29256740462e-07 2.8278500016e-07 -3.20829638439e-07
6424.12158055 3.48407780511e-07 3.57995915009e-07 3.57522193906e-07 -3.05639225696e-07
6473.92097264 4.64750573354e-07 2.89049841279e-07 3.08490797026e-07 -4.34606374051e-07
6523.72036474 4.42748474725e-07 1.81086753657e-07 1.82975667624e-07 -4.61916540445e-07
6573.51975684 3.63744354086e-07 1.33314440765e-07 1.42050913182e-07 -3.96166671322e-07
6623.31914894 3.39390078263e-07 1.33013292654e-07 1.15368684438e-07 -4.11448225324e-07
6673.11854103 3.1604818241e-07 1.54299845222e-07 7.10837347984e-08 -4.0934311766e-07
6722.91793313 4.04408248677e-07 3.076434003e-08 -1.53663096422e-09 -4.0711325957e-07
6772.71732523 1.96795808308e-07 -5.9359618842e-09 -5.81836826819e-08 -2.97630621039e-07
6822.51671733 2.25623740332e-07 9.29015533024e-08 8.74919890526e-09 -2.37034235019e-07
6872.31610942 2.50028719536e-07 5.36153102205e-08 -3.26280715176e-08 -3.04618242433e-07
6922.11550152 2.40377363721e-07 5.14648721448e-08 -7.24394849934e-08 -1.91335808412e-07
6971.91489362 1.27151627112e-07 -2.69394866205e-08 -8.44613065726e-10 -2.20296128117e-07
7021.71428571 8.44359575066e-08 1.23455299252e-07 -9.35229781344e-08 -1.13793112769e-07
7071.51367781 4.86683671137e-08 1.08747005204e-07 1.25340867565e-08 -9.92817439576e-08
7121.31306991 9.03112296351e-08 7.81454497637e-08 4.75578511309e-08 -8.10431493994e-08
7171.11246201 1.83528169624e-07 1.79841795252e-07 2.96774293245e-08 -1.42691577717e-07
7220.9118541 2.25910884109e-07 1.28943727509e-07 6.44025370191e-08 -1.34736823272e-07
7270.7112462 2.14136048793e-07 9.93272533819e-08 4.19994186614e-08 -1.73378804111e-07
7320.5106383 2.09662844931e-07 6.94262839437e-08 -4.87087797646e-09 -1.66766835003e-07
7370.3100304 1.9618473752e-07 5.23269708876e-08 -5.49046699233e-09 -1.71891145425e-07
7420.10942249 1.67038438822e-07 4.44109489364e-08 -6.18476787725e-08 -1.77288616336e-07
7469.90881459 1.58838961787e-07 6.26900841504e-08 -8.94475067806e-08 -9.38612435977e-08
7519.70820669 1.41905208601e-07 8.1353182444e-08 -3.94376488569e-08 -4.85750631749e-08
7569.50759878 1.43694333996e-07 9.31222380065e-08 -2.67507235529e-08 -5.61710328128e-08
7619.30699088 1.64175907107e-07 9.71321451603e-08 -3.94138055403e-08 -6.12824463547e-08
7669.10638298 5.01218245371e-08 1.22219575945e-07 -1.58092271932e-08 6.35967509855e-08
7718.90577508 2.12014350781e-07 2.13070540842e-07 8.77930528292e-08 -8.47176620805e-08
7768.70516717 2.9015324921e-07 2.07823028885e-07 6.95505137568e-08 -1.50692366537e-07
7818.50455927 3.47067424034e-07 1.55472379398e-07 3.83133253768e-08 -1.8610060037e-07
7868.30395137 3.66729051758e-07 8.00639378954e-08 -3.94013581195e-08 -1.98481100454e-07
7918.10334347 3.31220952269e-07 1.27464543874e-08 -9.35314887812e-08 -1.48132592442e-07
7967.90273556 2.65987486012e-07 -7.60418994288e-09 -1.08924379509e-07 -1.187825828e-07
8017.70212766 2.22120647341e-07 8.83658516884e-09 -1.27498353794e-07 -8.51101544172e-08
8067.50151976 2.45568630446e-07 9.65392784736e-08 -9.82769627133e-08 -6.58833879667e-08
8117.30091185 3.03605419421e-07 7.2819591336e-08 -1.35451903402e-07 -3.51840090534e-08
8167.10030395 3.21435163754e-07 2.36759525948e-08 -1.2311407284e-07 -1.16499632481e-08
-8167.10030395 3.21435163754e-07 -2.36759525948e-08 -1.2311407284e-07 1.16499632481e-08
-8117.30091185 3.03605419421e-07 -7.2819591336e-08 -1.35451903402e-07 3.51840090534e-08
-8067.50151976 2.45568630446e-07 -9.65392784736e-08 -9.82769627133e-08 6.58833879667e-08
-8017.70212766 2.22120647341e-07 -8.83658516884e-09 -1.27498353794e-07 8.51101544172e-08
-7967.90273556 2.65987486012e-07 7.60418994288e-09 -1.08924379509e-07 1.187825828e-07
-7918.10334347 3.31220952269e-07 -1.27464543874e-08 -9.35314887812e-08 1.48132592442e-07
-7868.30395137 3.66729051758e-07 -8.00639378954e-08 -3.94013581195e-08 1.98481100454e-07
-7818.50455927 3.47067424034e-07 -1.55472379398e-07 3.83133253768e-08 1.8610060037e-07
-7768.70516717 2.9015324921e-07 -2.07823028885e-07 6.95505137568e-08 1.50692366537e-07
-7718.90577508 2.12014350781e-07 -2.13070540842e-07 8.77930528292e-08 8.47176620805e-08
-7669.10638298 5.01218245371e-08 -1.22219575945e-07 -1.58092271932e-08 -6.35967509855e-08
-7619.30699088 1.64175907107e-07 -9.71321451603e-08 -3.94138055403e-08 6.12824463547e-08
-7569.50759878 1.43694333996e-07 -9.31222380065e-08 -2.67507235529e-08 5.61710328128e-08
-7519.70820669 1.41905208601e-07 -8.1353182444e-08 -3.94376488569e-08 4.85750631749e-08
-7469.90881459 1.58838961787e-07 -6.26900841504e-08 -8.94475067806e-08 9.38612435977e-08
-7420.10942249 1.67038438822e-07 -4.44109489364e-08 -6.18476787725e-08 1.77288616336e-07
-7370.3100304 1.9618473752e-07 -5.23269708876e-08 -5.49046699233e-09 1.71891145425e-07
-7320.5106383 2.09662844931e-07 -6.94262839437e-08 -4.87087797646e-09 1.66766835003e-07
-7270.7112462 2.14136048793e-07 -9.93272533819e-08 4.19994186614e-08 1.73378804111e-07
-7220.9118541 2.25910884109e-07 -1.28943727509e-07 6.44025370191e-08 1.34736823272e-07
-7171.11246201 1.83528169624e-07 -1.79841795252e-07 2.96774293245e-08 1.42691577717e-07
-7121.31306991 9.03112296351e-08 -7.81454497637e-08 4.75578511309e-08 8.10431493994e-08
-7071.51367781 4.86683671137e-08 -1.08747005204e-07 1.25340867565e-08 9.92817439576e-08
-7021.71428571 8.44359575066e-08 -1.23455299252e-07 -9.35229781344e-08 1.13793112769e-07
-6971.91489362 1.27151627112e-07 2.69394866205e-08 -8.44613065726e-10 2.20296128117e-07
-6922.11550152 2.40377363721e-07 -5.14648721448e-08 -7.24394849934e-08 1.91335808412e-07
-6872.31610942 2.50028719536e-07 -5.36153102205e-08 -3.26280715176e-08 3.04618242433e-07
-6822.51671733 2.25623740332e-07 -9.29015533024e-08 8.74919890526e-09 2.37034235019e-07
-6772.71732523 1.96795808308e-07 5.9359618842e-09 -5.81836826819e-08 2.97630621039e-07
-6722.91793313 4.04408248677e-07 -3.076434003e-08 -1.53663096422e-09 4.0711325957e-07
-6673.11854103 3.1604818241e-07 -1.54299845222e-07 7.10837347984e-08 4.0934311766e-07
-6623.31914894 3.39390078263e-07 -1.33013292654e-07 1.15368684438e-07 4.11448225324e-07
-6573.51975684 3.63744354086e-07 -1.33314440765e-07 1.42050913182e-07 3.96166671322e-07
-6523.72036474 4.42748474725e-07 -1.81086753657e-07 1.82975667624e-07 4.61916540445e-07
-6473.92097264 4.64750573354e-07 -2.89049841279e-07 3.08490797026e-07 4.34606374051e-07
-6424.12158055 3.48407780511e-07 -3.57995915009e-07 3.57522193906e-07 3.05639225696e-07
-6374.32218845 4.08016872596e-07 -3.29256740462e-07 2.8278500016e-07 3.20829638439e-07
-6324.52279635 4.4829395155e-07 -4.41045002133e-07 3.14202631186e-07 3.96134955183e-07
-6274.72340426 4.12973133118e-07 -5.49761315491e-07 4.18837215241e-07 4.58764628866e-07
-6224.92401216 3.64409622406e-07 -7.37570428534e-07 6.11738930941e-07 4.05588537674e-07
-6175.12462006 2.1019426361e-07 -8.20760017571e-07 6.81934187379e-07 2.9647775392e-07
-6125.32522796 3.71589617544e-08 -8.34831477297e-07 7.35748948032e-07 1.55601907044e-07
-6075.52583587 -9.51974233592e-08 -8.43630278635e-07 7.2844892816e-07 5.22796740266e-08
-6025.72644377 -2.57512300394e-07 -6.97367810445e-07 7.53313356248e-07 -2.79911162869e-08
-5975.92705167 -2.64904733681e-07 -6.40412634921e-07 6.52720617507e-07 -1.45433171296e-07
-5926.12765957 -2.9296923554e-07 -6.84703924154e-07 6.88302569249e-07 -1.89218258969e-07
-5876.32826748 -3.89412683684e-07 -5.55800685433e-07 5.44241589882e-07 -2.8271800583e-07
-5826.52887538 -4.36734924696e-07 -4.94084107467e-07 4.62023386234e-07 -3.10707821994e-07
-5776.72948328 -3.64042496646e-07 -4.9007691781e-07 4.98115059754e-07 -2.04845790841e-07
-5726.93009119 -4.84140482922e-07 -5.25446552387e-07 5.39087921623e-07 -3.14972279522e-07
-5677.13069909 -6.69247058844e-07 -4.16120086672e-07 4.75908639007e-07 -4.17119800203e-07
-5627.33130699 -6.37914680569e-07 -1.80751524451e-07 3.58459857511e-07 -5.51028477599e-07
-5577.53191489 -5.48611072743e-07 -7.80606818491e-09 1.42882990128e-07 -5.31002462982e-07
-5527.7325228 -3.37469501145e-07 2.18281830757e-08 2.68817238633e-08 -3.47776044354e-07
-5477.9331307 -3.49722672768e-07 -8.36873828733e-08 9.1424981987e-08 -3.34453478084e-07
-5428.1337386 -3.51239512802e-07 9.17160359537e-09 -8.54329131243e-09 -3.18027017749e-07
-5378.3343465 -2.92315544236e-07 9.81838009701e-08 -1.17999306692e-07 -2.30739745264e-07
-5328.53495441 -2.39495958272e-08 1.11336054497e-07 -1.16643336054e-07 8.78967516756e-08
-5278.73556231 1.31005344056e-07 -7.65199374773e-08 1.0256110784e-07 2.11494429201e-07
-5228.93617021 2.26717623748e-07 -2.12292391252e-07 1.97842241732e-07 3.39772776696e-07
-5179.13677812 1.35536634562e-07 -5.18016598929e-07 5.2069353989e-07 2.8327266564e-07
-5129.33738602 -1.25569078561e-08 -6.0902597501e-07 6.52602288067e-07 1.6050203379e-07
-5079.53799392 -2.03583446875e-07 -6.65937343491e-07 7.40286691251e-07 -7.18429100417e-10
-5029.73860182 -4.99702657956e-07 -6.59811544503e-07 8.39929001605e-07 -3.40049701026e-07
-4979.93920973 -3.17461291475e-07 2.18599203635e-07 -4.50916048316e-08 -2.14974223278e-07
-4930.13981763 1.89310187539e-07 1.92510799648e-07 -3.47703821748e-08 2.32301338362e-07
-4880.34042553 6.70305316962e-07 8.63961586858e-08 2.30191480735e-08 7.38936995945e-07
-4830.54103343 1.09078490972e-06 -5.45096139831e-07 7.10257214696e-07 1.09441295002e-06
-4780.74164134 6.6164133293e-07 -1.24284747078e-06 1.30595013013e-06 6.38387346891e-07
-4730.94224924 3.84478789406e-07 -1.18459186849e-06 1.19345174109e-06 4.45409056564e-07
-4681.14285714 2.80482713278e-07 -1.09107903431e-06 1.20287606601e-06 3.90702863559e-07
-4631.34346505 6.55940925634e-08 -1.11831983813e-06 1.16691562603e-06 1.8673388223e-07
-4581.54407295 2.53980236628e-07 -7.47118281767e-07 7.74307970615e-07 4.12930641475e-07
-4531.74468085 1.32235226898e-06 -6.20587537715e-07 7.2259347112e-07 1.51131992839e-06
-4481.94528875 2.01653140235e-06 -2.04715506822e-06 2.2165936804e-06 2.18935933638e-06
-4432.14589666 1.22153598111e-06 -3.10585275366e-06 3.30334994185e-06 1.31022599441e-06
-4382.34650456 8.66140690539e-07 -3.34447280341e-06 3.49071894913e-06 9.71404548014e-07
-4332.54711246 5.62167467892e-07 -3.37807875817e-06 3.48080201696e-06 6.59934759892e-07
-4282.74772036 1.07966514923e-06 -3.87293608533e-06 3.97903214071e-06 1.25722800083e-06
-4232.94832827 8.1950911292e-07 -4.73279196742e-06 4.95063872158e-06 1.07051424975e-06
-4183.14893617 6.5854154411e-07 -6.28669775399e-06 6.55100136295e-06 8.74776570887e-07
-4133.34954407 -8.9936150141e-07 -6.94020832168e-06 7.31790769842e-06 -6.8110356052e-07
-4083.55015198 -2.26835579517e-06 -7.18812226217e-06 7.5430518358e-06 -2.19252954241e-06
-4033.75075988 -2.94608582724e-06 -6.31334454918e-06 6.6360664361e-06 -2.92499306044e-06
-3983.95136778 -2.40464456015e-06 -6.66913406073e-06 6.93473696261e-06 -2.34474540768e-06
-3934.15197568 -2.90472529902e-06 -8.7087291046e-06 9.09306173197e-06 -2.84273078468e-06
-3884.35258359 -5.50776920615e-06 -9.57721214285e-06 9.85779606891e-06 -5.41593365203e-06
-3834.55319149 -7.43758638196e-06 -8.80928476544e-06 9.04484376385e-06 -7.35092659605e-06
-3784.75379939 -7.74678930011e-06 -1.09700472526e-05 1.13450497322e-05 -7.54468712594e-06
-3734.95440729 -1.38557668116e-05 -1.19888406046e-05 1.24763226923e-05 -1.37193372244e-05
-3685.1550152 -2.01796378491e-05 -6.46883382731e-06 6.99645084138e-06 -2.00735327225e-05
-3635.3556231 -2.07202998078e-05 2.08391953527e-06 -1.57002177749e-06 -2.06401599666e-05
-3585.556231 -1.39238110013e-05 7.98311555684e-06 -7.38673931491e-06 -1.3894271644e-05
-3535.75683891 -6.73271366091e-06 7.10146143074e-06 -6.47519215491e-06 -6.7803343898e-06
-3485.95744681 -5.95491242339e-06 -1.13651190578e-06 1.68079674378e-06 -6.18094649946e-06
-3436.15805471 -9.4330016691e-06 -7.37644522387e-07 1.25110853419e-06 -9.54512229505e-06
-3386.35866261 -1.07707089173e-05 -3.06853645477e-06 3.51014387854e-06 -1.10056224094e-05
-3336.55927052 -1.02662934362e-05 -5.47437913613e-06 5.861832696e-06 -1.02499894984e-05
-3286.75987842 -1.84329340121e-05 -1.02485804352e-05 1.07502910524e-05 -1.84109889714e-05
-3236.96048632 -3.15718004417e-05 -5.70645263972e-06 6.39613040203e-06 -3.1480344065e-05
-3187.16109422 -3.69023720578e-05 7.06678212193e-06 -6.1329799778e-06 -3.70220401236e-05
-3137.36170213 -3.67354777653e-05 1.89527544763e-05 -1.79586010751e-05 -3.7030918569e-05
-3087.56231003 -3.11385922945e-05 2.80273465405e-05 -2.70346807906e-05 -3.16357256334e-05
-3037.76291793 -2.78018771597e-05 3.60718165794e-05 -3.55051496647e-05 -2.87924365763e-05
-2987.96352584 -2.78946902255e-05 4.76133280172e-05 -4.73566185374e-05 -2.83652471868e-05
-2938.16413374 -1.11908689714e-05 6.39623514653e-05 -6.41210263551e-05 -1.1642603585e-05
-2888.36474164 3.32942612969e-06 6.62531141913e-05 -6.6266328327e-05 3.50203004223e-06
-2838.56534954 2.29811160215e-05 6.86800137015e-05 -6.84444030847e-05 2.30788297526e-05
-2788.76595745 5.62084472134e-05 5.05167346194e-05 -4.95599185614e-05 5.6380889228e-05
-2738.96656535 3.09402449197e-05 8.75639654636e-06 -7.5675817047e-06 3.12781021147e-05
-2689.16717325 -4.98291657691e-05 3.13096829036e-05 -3.00001194418e-05 -5.07522494283e-05
-2639.36778116 -4.12265534794e-05 0.000185232205062 -0.000185708808199 -4.29933011937e-05
-2589.56838906 0.000128630213017 0.000230024932632 -0.000231853953291 0.000128166108627
-2539.76899696 0.000285889868327 0.000139071027348 -0.00014095262197 0.00028684477264
-2489.96960486 0.000390649554393 -4.39347642303e-05 4.21083378523e-05 0.000392735462731
-2440.17021277 0.000282136429389 -0.00027353641989 0.000274310670842 0.000288211389065
-2390.37082067 -1.77652295484e-06 -0.000347790027335 0.000347960042449 -1.10602953624e-06
-2340.57142857 -0.000712610318776 -0.000212786531468 0.000216736252145 -0.00073335696469
-2290.77203647 3.22062384181e-05 0.000151353475615 -0.000152963433168 3.61077558028e-05
-2240.97264438 -4.13689133067e-05 -9.95609941335e-05 0.0001034165415 -4.26483846077e-05
-2191.17325228 -8.41995547295e-05 -4.61021588684e-05 4.74542932396e-05 -8.5028772034e-05
-2141.37386018 -0.000155854060168 -2.32852262198e-05 2.416320193e-05 -0.000157405140194
-2091.57446809 -0.000161011908867 0.00023838702657 -0.000239986094325 -0.000161650340261
-2041.77507599 0.000108105816319 0.000222605267355 -0.000223045547764 0.000109989540362
-1991.97568389 0.000175764367386 0.000118108543384 -0.000117438709166 0.000177134526725
-1942.17629179 0.000223911840776 2.1600655184e-05 -1.96423775437e-05 0.000225080228565
-1892.3768997 0.000246574463038 -8.61682098577e-05 8.82227417215e-05 0.000248336158693
-1842.5775076 0.000143359504747 -0.000172163239254 0.000175560326358 0.000143373147593
-1792.7781155 4.59757070943e-05 -0.00017182260279 0.000175217064158 4.57089084177e-05
-1742.9787234 -2.41995147463e-05 -0.000138164512643 0.000140347206331 -2.63924006053e-05
-1693.17933131 -4.59926032595e-05 -0.000105300584073 0.000107880595854 -4.78158614063e-05
-1643.37993921 -5.70296578217e-05 -8.06809271948e-05 8.24052805629e-05 -5.96557466543e-05
-1593.58054711 -8.23829779857e-05 -5.54993920047e-05 5.75264195486e-05 -8.52496938993e-05
-1543.78115502 -8.11013080571e-05 -1.52704905285e-05 1.59076542388e-05 -8.45991753886e-05
-1493.98176292 -5.99839346794e-05 5.94324704131e-06 -5.0006747089e-06 -6.31897926858e-05
-1444.18237082 -4.65324752996e-05 2.38393943412e-05 -2.42365406328e-05 -4.98675172358e-05
-1394.38297872 -2.63261358702e-05 2.53294655799e-05 -2.54687256051e-05 -2.9064341034e-05
-1344.58358663 -1.66889060704e-05 1.43934314723e-05 -1.54279013413e-05 -1.91688387671e-05
-1294.78419453 -1.05383421471e-05 7.96713340599e-06 -7.77722550169e-06 -1.27251915747e-05
-1244.98480243 -1.56025388718e-05 -4.52982250321e-06 3.92039434952e-06 -1.78035747936e-05
-1195.18541033 -2.1906788209e-05 -3.04993903377e-06 3.85033038336e-06 -2.46540928144e-05
-1145.38601824 -2.85979494206e-05 2.87123996203e-06 -3.59435558095e-06 -3.14042786633e-05
-1095.58662614 -2.60956509126e-05 1.58559881997e-05 -1.57500417776e-05 -2.9001259399e-05
-1045.78723404 -1.68306945127e-05 1.34115681632e-05 -1.46055420822e-05 -1.9879778299e-05
-995.987841945 -1.47544989687e-05 1.58335828651e-05 -1.556209374e-05 -1.71082990218e-05
-946.188449848 -3.47047373405e-06 1.22449748e-05 -1.33171019905e-05 -6.90079339034e-06
-896.389057751 -8.6822789703e-06 1.58516464438e-05 -1.63536452529e-05 -1.07383677029e-05
-846.589665653 -3.65208620433e-07 1.3107142246e-05 -1.33471237335e-05 -4.79380769139e-06
-796.790273556 5.23304892621e-07 2.68034050756e-06 -4.72740463853e-06 -2.35322168395e-06
-746.990881459 -8.42916515724e-06 5.96717789392e-06 -6.30360586231e-06 -1.09706997401e-05
-697.191489362 -3.73612285878e-06 1.27664302772e-05 -1.32999801787e-05 -8.02261644813e-06
-647.392097264 -3.04990728468e-06 8.48456076589e-06 -9.63788121921e-06 -7.78736511671e-06
-597.592705167 -8.5736057124e-07 7.85647533877e-06 -1.00004314083e-05 -5.28872963856e-06
-547.79331307 -1.0210249067e-06 7.27569194162e-06 -9.49448190908e-06 -5.29108740631e-06
-497.993920973 -2.09708042424e-07 6.40105086012e-06 -8.79845308282e-06 -5.04144445363e-06
-448.194528875 1.09468841405e-07 6.54143522549e-06 -9.58551210856e-06 -5.09073006484e-06
-398.395136778 2.31639096818e-07 5.42539417077e-06 -9.42391923716e-06 -5.19890517859e-06
-348.595744681 1.82553592949e-06 5.68037293608e-06 -1.06096279291e-05 -2.60543082397e-06
-298.796352584 2.08134558566e-06 5.28732228296e-06 -9.48673295573e-06 -3.02218803103e-06
-248.996960486 3.30696940557e-06 4.38789720628e-06 -9.41238783039e-06 -1.96179473337e-06
-199.197568389 3.55322529634e-06 3.41838773853e-06 -9.45967915208e-06 -1.84128707986e-06
-149.398176292 3.78177342607e-06 2.39664758195e-06 -9.53575704028e-06 -1.40186063307e-06
-99.5987841945 3.8675622702e-06 1.42497950824e-06 -9.54054528207e-06 -8.51656010094e-07
-49.7993920973 3.74230514388e-06 5.74114066179e-07 -9.43183428575e-06 -3.76728637437e-07
