# 1:freq 2:Re 3:Im
23.2258964707 2.49543223279e-06 4.9533004332e-21
46.4517929414 1.84703418085e-06 8.19839210454e-21
69.6776894121 1.31598263304e-06 9.61318694499e-21
92.9035858828 1.07448355848e-06 9.81467140424e-21
116.129482354 9.13858046106e-07 3.52620798945e-21
139.355378824 6.23838808341e-07 1.45258936948e-21
162.581275295 3.18574398387e-07 5.30139826329e-21
185.807171766 1.48200782673e-07 4.99039550736e-21
209.033068236 1.81070143281e-07 5.0950782102e-21
232.258964707 2.58287556758e-07 5.22278902561e-21
255.484861178 2.61987826028e-07 2.544822612e-21
278.710757648 1.62040958473e-07 2.61835949395e-21
301.936654119 8.51835590476e-08 2.23806589911e-21
325.16255059 8.49075645343e-08 4.15594669909e-21
348.388447061 2.65404084828e-07 2.64462673844e-21
371.614343531 3.96146559063e-07 1.93181449598e-21
394.840240002 4.12702947167e-07 1.383095851e-21
418.066136473 4.01274640508e-07 3.48600903108e-21
441.292032943 6.06679361463e-07 4.56872538867e-21
464.517929414 9.39755105318e-07 5.23821437389e-21
487.743825885 7.76549872879e-07 8.88225299557e-21
510.969722355 4.64124734777e-07 5.63518817848e-21
534.195618826 4.34075225313e-07 7.66537586252e-21
557.421515297 6.88051883804e-07 5.81066000919e-21
580.647411768 5.84408010799e-07 4.88581892568e-21
603.873308238 5.13373701427e-07 7.16710230138e-21
627.099204709 1.91125218186e-07 1.2513413673e-20
650.32510118 9.39130100632e-07 1.05649602679e-20
673.55099765 1.82753466284e-06 9.39801403287e-21
696.776894121 2.20615318085e-06 9.22945835461e-21
720.002790592 2.0373534299e-06 6.18007052618e-21
743.228687063 2.20106559229e-06 2.48684319474e-21
766.454583533 2.74465468856e-06 5.29846366991e-21
789.680480004 2.88051239994e-06 5.38235822253e-21
812.906376475 2.83785483591e-06 3.73570053239e-21
836.132272945 2.66933919508e-06 6.84184617357e-21
859.358169416 2.53700646875e-06 2.62503705212e-21
882.584065887 2.23581446084e-06 3.24080394929e-21
905.809962357 1.87391231923e-06 3.44346461304e-21
929.035858828 1.65612647727e-06 3.42388761132e-21
952.261755299 1.85767129078e-06 1.81466775059e-21
975.48765177 1.9303896712e-06 3.0157590558e-21
998.71354824 1.75367139806e-06 1.29681119394e-21
1021.93944471 1.58335933939e-06 2.66088866126e-21
1045.16534118 1.45127494725e-06 6.63989531544e-22
1068.39123765 1.4365427398e-06 1.8454158439e-21
1091.61713412 1.49309217132e-06 2.01230197053e-21
1114.84303059 1.4834915178e-06 2.23557684825e-21
1138.06892706 1.35369761031e-06 1.56028149575e-21
1161.29482354 1.27611580042e-06 1.74842681865e-21
1184.52072001 1.34357445716e-06 2.19152841579e-21
1207.74661648 1.07229065422e-06 1.97563383674e-21
1230.97251295 1.48500927319e-06 1.28254063148e-21
1254.19840942 9.09195617627e-07 5.23939163282e-22
1277.42430589 9.13872375482e-07 3.74312948521e-21
1300.65020236 1.03199967481e-06 3.66128082349e-21
1323.87609883 1.07533174312e-06 2.66317841439e-21
1347.1019953 9.41164260425e-07 3.70662661656e-21
1370.32789177 8.25484790078e-07 3.182719207e-21
1393.55378824 6.38855520616e-07 8.80006264332e-22
1416.77968471 6.04801701191e-07 1.99955224873e-21
1440.00558118 7.7979306777e-07 2.50899657955e-21
1463.23147765 1.11526654214e-06 2.13250819284e-21
1486.45737413 1.05307902228e-06 1.31960637439e-21
1509.6832706 7.83939993028e-07 1.47329499664e-21
1532.90916707 6.26986769199e-07 1.05362236546e-21
1556.13506354 8.42206099113e-07 7.14380302513e-22
1579.36096001 1.01759273161e-06 1.28663677433e-21
1602.58685648 1.01311567557e-06 1.25701209258e-21
1625.81275295 8.50132829489e-07 1.37240569615e-21
1649.03864942 7.49582398566e-07 1.24197375885e-21
1672.26454589 8.01195415848e-07 1.16884423296e-21
1695.49044236 6.99800342992e-07 2.35713904567e-21
1718.71633883 6.92187882204e-07 1.94358988759e-21
1741.9422353 7.88251015243e-07 6.90728168237e-22
1765.16813177 9.85561470728e-07 1.59228234555e-21
1788.39402824 1.0127690847e-06 2.93748353171e-21
1811.61992471 1.07040583277e-06 2.05853844815e-21
1834.84582119 1.09967770376e-06 1.75387173696e-21
1858.07171766 1.02008158722e-06 2.28889480776e-21
1881.29761413 9.50039973773e-07 2.32755641114e-21
1904.5235106 9.08515133301e-07 1.47379018719e-21
1927.74940707 7.47855627049e-07 3.55915423254e-22
1950.97530354 6.31753842446e-07 1.07507638602e-21
1974.20120001 5.70757305935e-07 5.58770073949e-23
1997.42709648 6.87158071625e-07 1.28450696477e-21
2020.65299295 7.18407247883e-07 1.61257552392e-21
2043.87888942 3.94106104698e-07 6.93545875488e-22
2067.10478589 5.74542865591e-07 8.21836051434e-22
2090.33068236 5.3196677488e-07 9.17586148462e-22
2113.55657883 6.34439830817e-07 5.60156851027e-23
2136.7824753 8.04167067855e-07 1.80709498366e-21
2160.00837178 3.92714707786e-07 7.19193121136e-22
2183.23426825 3.6291561945e-07 2.65346671523e-22
2206.46016472 3.94722745372e-07 5.59999914211e-22
2229.68606119 3.98297899874e-07 2.44882644754e-22
2252.91195766 5.02112838215e-07 2.11936011992e-22
2276.13785413 2.91045535911e-07 4.14689473889e-22
2299.3637506 4.22171734471e-07 7.70406510124e-22
2322.58964707 1.27153692674e-06 2.6763184523e-21
2345.81554354 2.43868760617e-06 5.02833510553e-21
2369.04144001 1.72712478286e-06 3.37881137056e-21
2392.26733648 1.49784778055e-06 2.53558412873e-21
2415.49323295 1.38777627815e-06 2.25653274197e-21
2438.71912942 1.6797358806e-06 2.67184197315e-21
2461.94502589 1.32352666856e-06 1.97010650608e-21
2485.17092237 1.30909862798e-06 3.02700499886e-21
2508.39681884 1.29057843995e-06 2.32757104471e-21
2531.62271531 1.01138437515e-06 1.96983305745e-21
2554.84861178 9.90821123574e-07 1.89308753926e-21
2578.07450825 7.23275987969e-07 1.97087064871e-21
2601.30040472 5.53235728938e-07 9.16665864774e-22
2624.52630119 4.77233049534e-07 9.97240300196e-22
2647.75219766 4.03180539634e-07 7.76324674697e-22
2670.97809413 1.35060409252e-07 5.9789121059e-22
2694.2039906 1.05570744515e-07 1.88948356548e-22
2717.42988707 1.14483133085e-07 7.2778189336e-22
2740.65578354 1.73410705476e-07 1.08898963522e-21
2763.88168001 2.60845266241e-07 6.07753785575e-22
2787.10757648 3.64087284847e-07 8.71823797888e-22
2810.33347296 2.7173700401e-07 1.04554147698e-21
2833.55936943 2.89983511138e-07 7.03164041615e-22
2856.7852659 5.07934783315e-07 3.75644832984e-22
2880.01116237 3.65776274681e-07 9.11569193963e-22
2903.23705884 2.397854189e-07 1.23851753385e-21
2926.46295531 2.44285956215e-07 6.81328068112e-22
2949.68885178 6.1619471111e-08 7.68687267245e-22
2972.91474825 3.36152080844e-08 5.20653818851e-22
2996.14064472 2.24154437799e-07 3.52376353256e-22
3019.36654119 2.09234599653e-07 7.53338717319e-22
3042.59243766 1.58975492266e-07 6.44223086074e-22
3065.81833413 1.20542931083e-07 4.13540466232e-22
3089.0442306 1.26547313475e-07 1.97997806813e-22
3112.27012707 1.68095111456e-07 5.17188412576e-23
3135.49602355 1.38094914668e-07 1.50045170414e-22
3158.72192002 8.0982600914e-08 3.97607144414e-22
3181.94781649 4.24830036081e-08 4.39975434026e-22
3205.17371296 2.10252565041e-07 4.06763343433e-22
3228.39960943 7.64067001833e-08 6.63448156678e-22
3251.6255059 3.27605196605e-08 5.63443045192e-22
3274.85140237 5.76954271053e-08 2.11563096888e-22
3298.07729884 9.22257604941e-08 2.94647837091e-22
3321.30319531 8.85648650162e-08 5.69802746564e-22
3344.52909178 1.08394600466e-07 1.32629566686e-22
3367.75498825 1.9941885662e-07 4.35975152905e-22
3390.98088472 1.64418847859e-07 6.44730354246e-22
3414.20678119 2.01037508731e-07 5.98185314357e-22
3437.43267766 2.52607121337e-07 8.86377601985e-23
3460.65857413 8.87678974878e-08 4.94547691854e-22
3483.88447061 2.53341882743e-07 2.02403074016e-22
3507.11036708 1.71383667957e-07 7.02853662775e-22
3530.33626355 1.38734425608e-07 6.63020409525e-22
3553.56216002 3.59047683555e-08 5.17047779718e-22
3576.78805649 1.3394130863e-07 3.71172215522e-22
3600.01395296 1.19870632701e-07 1.47438239087e-22
3623.23984943 2.04805110453e-07 2.54195643325e-22
3646.4657459 8.08975090647e-08 2.92467961028e-22
3669.69164237 1.91006928572e-07 5.19403092585e-22
3692.91753884 6.8417573075e-08 4.76672911978e-22
3716.14343531 5.59098757403e-08 2.96473114362e-22
3739.36933178 5.4544064614e-08 1.28639622189e-22
3762.59522825 8.71788345518e-08 1.12389258917e-22
3785.82112472 1.0430557463e-07 7.08270883225e-23
3809.0470212 9.53200082033e-08 3.29278510096e-22
3832.27291767 7.38235107032e-08 3.73757663086e-22
3855.49881414 1.00468530024e-07 2.04894827154e-22
3878.72471061 2.04379628114e-07 7.20087362173e-23
3901.95060708 1.12706368876e-07 1.62405374466e-22
3925.17650355 9.54661372372e-08 3.05298122323e-22
3948.40240002 1.73258895358e-07 1.56068983511e-22
3971.62829649 1.05872274028e-07 8.25899982799e-23
3994.85419296 7.66090514401e-08 2.45348094317e-22
4018.08008943 1.27433068553e-07 1.91756310939e-22
4041.3059859 1.0077487154e-07 1.22197639818e-22
4064.53188237 1.43360331549e-07 3.35229515167e-22
4087.75777884 7.83572622359e-08 2.24203844816e-22
4110.98367531 8.96169224309e-08 1.19223784731e-22
4134.20957179 2.05813924806e-07 3.96130991056e-22
4157.43546826 1.63636438967e-07 4.8613100246e-22
4180.66136473 1.50619595826e-07 3.20468553192e-22
4203.8872612 9.30019258261e-08 7.58110483365e-22
4227.11315767 9.96885494767e-08 4.60253217915e-22
4250.33905414 2.28144237746e-07 2.66971068698e-22
4273.56495061 1.43573546907e-07 5.7360932279e-22
4296.79084708 1.18078786775e-07 6.84569623579e-22
4320.01674355 6.61728283452e-08 4.45493784469e-22
4343.24264002 2.63650182905e-07 3.96336380377e-22
4366.46853649 1.46173841984e-07 3.25243795376e-22
4389.69443296 2.53528645295e-07 6.78020255263e-22
4412.92032943 6.49667099787e-08 4.15609141394e-22
4436.1462259 1.29231538071e-07 2.65003763557e-22
4459.37212238 2.11317742617e-07 2.83275607873e-22
4482.59801885 2.72520955202e-07 1.60828713557e-22
4505.82391532 1.03758689428e-07 4.99595840666e-22
4529.04981179 2.060499931e-07 6.03349027525e-22
4552.27570826 2.56144165095e-07 6.03376482002e-22
4575.50160473 1.1880642853e-07 4.03750122109e-22
4598.7275012 2.71294734375e-07 3.61719874159e-22
4621.95339767 1.24622597235e-07 4.4575615221e-22
4645.17929414 1.552879561e-07 2.19204558873e-22
4668.40519061 1.54331426975e-07 1.85563347399e-22
4691.63108708 4.76830822699e-07 7.35994950378e-22
4714.85698355 1.74220143499e-07 7.86021776095e-22
4738.08288002 1.14981287278e-07 5.42167158855e-22
4761.30877649 3.24475131375e-07 3.31318639535e-22
4784.53467297 3.5221794817e-07 3.50486337812e-22
4807.76056944 1.29385077521e-07 5.22450169243e-22
4830.98646591 1.7279542171e-07 2.39726710837e-22
4854.21236238 3.76039421194e-07 1.83781457552e-22
4877.43825885 3.40197763822e-07 2.17436293046e-22
4900.66415532 2.16580356725e-07 3.52127050619e-22
4923.89005179 3.34218392985e-07 4.46663023667e-22
4947.11594826 3.861951532e-07 2.47079504495e-22
4970.34184473 1.51710423449e-07 4.8294397962e-22
4993.5677412 2.53458294786e-07 2.4542754077e-22
5016.79363767 3.72819397401e-07 2.87606129083e-23
5040.01953414 3.98739690449e-07 1.12584270419e-22
5063.24543061 2.78465537154e-07 1.31012267128e-22
5086.47132708 2.89193932636e-07 2.61288082991e-22
5109.69722355 4.03016370167e-07 1.01634655148e-22
5132.92312003 4.13000840654e-07 1.80815299487e-22
5156.1490165 3.06969744308e-07 7.05736953812e-23
5179.37491297 3.59937832084e-07 1.35446950213e-22
5202.60080944 3.96780048296e-07 2.31167042595e-22
5225.82670591 3.66474977402e-07 2.32153710435e-22
5249.05260238 3.48142737459e-07 2.84488783876e-22
5272.27849885 4.09406787189e-07 8.67880810327e-23
5295.50439532 4.37623635084e-07 5.61872754359e-23
5318.73029179 4.16047564429e-07 2.17054155829e-22
5341.95618826 4.32750831312e-07 6.32174679695e-22
5365.18208473 4.84549675753e-07 1.17742875483e-22
5388.4079812 5.17632542848e-07 2.61077849689e-22
5411.63387767 4.30566837093e-07 3.26857310592e-22
5434.85977414 4.50991552975e-07 2.4523153347e-22
5458.08567062 5.41299090869e-07 1.52659616046e-22
5481.31156709 5.35892940602e-07 1.86367155521e-22
5504.53746356 4.73143244444e-07 1.08561487577e-22
5527.76336003 4.5204009291e-07 2.18750379932e-22
5550.9892565 5.35796181074e-07 2.69378149774e-22
5574.21515297 5.65266279856e-07 2.94759560928e-22
5597.44104944 5.45785994643e-07 3.17080859322e-22
5620.66694591 5.24543760625e-07 3.37620226545e-22
5643.89284238 5.91494788369e-07 1.70067762149e-22
5667.11873885 6.13276310455e-07 5.54767387277e-22
5690.34463532 5.82002964328e-07 3.92275984481e-22
5713.57053179 5.59477352466e-07 1.63342841656e-22
5736.79642826 5.98050581854e-07 2.422498574e-22
5760.02232473 6.35740271538e-07 3.25167039452e-22
5783.24822121 6.13255455517e-07 2.56645723581e-22
5806.47411768 5.82554343829e-07 4.98793119767e-23
5829.70001415 6.00322154451e-07 4.8421031422e-22
5852.92591062 6.09843076518e-07 2.0751249619e-22
5876.15180709 6.12115345424e-07 5.64247501655e-22
5899.37770356 6.47667667825e-07 6.04405686036e-23
5922.60360003 6.71771171057e-07 9.95355570602e-23
5945.8294965 6.69740616004e-07 4.80416100444e-22
5969.05539297 6.98067835578e-07 6.37910484252e-23
5992.28128944 7.34917840712e-07 2.79360761535e-22
6015.50718591 7.31461341041e-07 5.8593824422e-22
6038.73308238 6.98835560673e-07 4.32394332153e-23
6061.95897885 6.86927987099e-07 1.7032135454e-22
6085.18487532 6.80408623843e-07 2.16429853891e-22
6108.4107718 6.93354427927e-07 7.94904558495e-23
6131.63666827 7.020535638e-07 1.52481603078e-22
6154.86256474 6.85010957938e-07 3.03966099076e-22
6178.08846121 7.01849474165e-07 1.70713682275e-22
6201.31435768 7.37864636618e-07 2.68858801955e-22
6224.54025415 7.47753713906e-07 5.19986354319e-23
6247.76615062 7.62745667623e-07 7.96782437119e-23
6270.99204709 7.70187749783e-07 1.36261869883e-22
6294.21794356 7.48127883e-07 2.27955399606e-22
6317.44384003 7.51981177559e-07 1.74553932433e-22
6340.6697365 7.63307590193e-07 2.61795852355e-22
6363.89563297 7.76978231202e-07 1.71367105341e-22
6387.12152944 7.735492244e-07 2.16112167045e-22
6410.34742591 7.5639011187e-07 3.13837671e-22
6433.57332239 7.50967890233e-07 1.07933699266e-22
6456.79921886 7.72292664623e-07 4.21774925296e-22
6480.02511533 7.9104027784e-07 2.17267335906e-22
6503.2510118 7.91781111472e-07 1.65425141456e-22
6526.47690827 7.89804686547e-07 3.83477226033e-22
6549.70280474 8.09254941004e-07 1.62972477445e-22
6572.92870121 8.315562395e-07 4.98283803153e-22
6596.15459768 8.31610473334e-07 4.47733293865e-22
6619.38049415 8.01590053482e-07 8.02495452156e-23
6642.60639062 7.89688533572e-07 2.00435561528e-22
6665.83228709 8.11261256695e-07 3.01673602567e-22
6689.05818356 8.22098800129e-07 1.42319839322e-22
6712.28408003 7.98431807802e-07 2.04218442083e-22
6735.5099765 7.89675207793e-07 8.61375552859e-22
6758.73587297 8.07193091032e-07 2.71471520876e-22
6781.96176945 8.25648447314e-07 3.06427390218e-22
6805.18766592 8.36261515024e-07 4.58093934426e-22
6828.41356239 8.22713428467e-07 2.04246416401e-22
6851.63945886 8.29635688353e-07 4.0853152687e-22
6874.86535533 8.46857732288e-07 4.16327214836e-22
6898.0912518 8.30335002872e-07 4.25951108538e-22
6921.31714827 8.14386501355e-07 1.75023143594e-22
6944.54304474 7.99814598875e-07 1.55943083171e-22
6967.76894121 7.90929815227e-07 2.33759404663e-22
6990.99483768 8.06603299555e-07 7.55578626912e-22
7014.22073415 8.3564815342e-07 2.84954182023e-22
7037.44663062 8.34549956705e-07 2.47497383629e-22
7060.67252709 7.88211261089e-07 4.35054255297e-22
7083.89842356 7.64669800635e-07 3.21108519367e-22
7107.12432004 7.90776020093e-07 1.94352494259e-22
7130.35021651 8.49600877352e-07 4.11003480181e-22
7153.57611298 8.54205060392e-07 3.96766439687e-22
7176.80200945 8.14118163671e-07 8.30465950138e-23
7200.02790592 7.85403349219e-07 7.18672579242e-23
7223.25380239 7.96105037746e-07 6.61990031361e-23
7246.47969886 7.92009553454e-07 1.87312692546e-22
7269.70559533 7.64018081157e-07 5.1807961368e-22
7292.9314918 7.43835558422e-07 2.6318524138e-22
7316.15738827 7.73262893658e-07 3.14658663561e-22
7339.38328474 8.11282282867e-07 4.31978452334e-22
7362.60918121 8.25987432148e-07 2.88520148625e-22
7385.83507768 7.91135766703e-07 4.22916942465e-22
7409.06097415 7.44905214173e-07 2.58850409607e-22
7432.28687063 7.70864508008e-07 3.30573272859e-22
7455.5127671 8.23070786916e-07 1.51980775316e-22
7478.73866357 8.2603283156e-07 3.18734203691e-22
7501.96456004 7.6638119395e-07 1.52088066112e-22
7525.19045651 7.03610210584e-07 1.59245028571e-22
7548.41635298 6.89163894784e-07 3.10043161618e-22
7571.64224945 7.15731162417e-07 3.1459037291e-23
7594.86814592 7.34509994854e-07 1.05274599863e-22
7618.09404239 7.27212132258e-07 3.53200533734e-22
7641.31993886 7.19506791287e-07 2.26341098091e-22
7664.54583533 7.28108835062e-07 1.50486010769e-22
7687.7717318 7.36008413669e-07 3.06426726768e-22
7710.99762827 7.18048999672e-07 5.27706788433e-22
7734.22352474 7.0331672484e-07 3.68351877367e-22
7757.44942122 7.14730121118e-07 5.07509330215e-22
7780.67531769 7.13312984649e-07 7.94293266518e-23
7803.90121416 6.81439525407e-07 3.56343384631e-22
7827.12711063 6.50236715644e-07 4.07757950903e-22
7850.3530071 6.50837485436e-07 1.84760736971e-22
7873.57890357 6.78991416742e-07 2.95065022832e-22
7896.80480004 6.91340754953e-07 3.34766445376e-22
7920.03069651 6.777293132e-07 2.36534292514e-22
7943.25659298 6.38973191715e-07 9.26156172453e-23
7966.48248945 6.30065886976e-07 2.72288978699e-23
7989.70838592 6.31757820643e-07 2.13175213678e-22
8012.93428239 6.56423812261e-07 1.51930721702e-22
8036.16017886 6.61117884449e-07 1.05222600855e-22
8059.38607533 6.50877917125e-07 2.11884356875e-22
8082.6119718 6.21339317329e-07 1.00435363261e-22
8105.83786828 6.0522595823e-07 4.37345084291e-22
8129.06376475 6.16129961635e-07 4.270214553e-22
8152.28966122 5.9987086042e-07 3.70253638672e-22
8175.51555769 5.96769028786e-07 1.64975694296e-22
8198.74145416 5.85219644051e-07 1.44776930434e-22
8221.96735063 5.81307881538e-07 2.51768933977e-22
8245.1932471 5.97090595922e-07 5.59339264329e-23
8268.41914357 6.05034320986e-07 1.61838825475e-22
8291.64504004 5.85653308696e-07 5.97165265421e-22
8314.87093651 5.47445439017e-07 3.88630974055e-22
8338.09683298 5.65402556569e-07 3.35496081088e-22
8361.32272945 5.49658806316e-07 8.91999972593e-23
8384.54862592 5.29351592787e-07 6.09419474276e-23
8407.77452239 5.28742148505e-07 2.40997207843e-22
8431.00041887 5.41438170098e-07 3.11973590486e-22
8454.22631534 5.3341021419e-07 1.07189212097e-22
8477.45221181 4.9988527053e-07 3.41626884989e-23
8500.67810828 4.82522338873e-07 1.5505084917e-23
8523.90400475 4.90591822175e-07 1.88101846253e-22
8547.12990122 5.08659552863e-07 5.95654450746e-23
8570.35579769 5.21488536297e-07 1.53298814376e-22
8593.58169416 5.05114236787e-07 7.13318836763e-23
8616.80759063 4.5814301735e-07 1.3525581287e-22
8640.0334871 4.61328713056e-07 1.29619155512e-22
8663.25938357 4.58828216744e-07 1.09072051899e-22
8686.48528004 4.54072454092e-07 7.53391847251e-23
8709.71117651 4.53490860597e-07 1.62719732898e-22
8732.93707298 4.34695473464e-07 2.4028100059e-22
8756.16296946 4.44106539209e-07 2.08146306795e-22
8779.38886593 4.60701674928e-07 1.35410989061e-22
8802.6147624 4.50649068129e-07 8.87707804322e-23
8825.84065887 4.18895551794e-07 8.2801384029e-23
8849.06655534 3.9227904974e-07 7.48497302191e-23
8872.29245181 4.17969426433e-07 1.564646643e-22
8895.51834828 4.20692407567e-07 3.52669886192e-22
8918.74424475 4.28669673353e-07 5.33213412248e-23
8941.97014122 3.85956083608e-07 1.25000920194e-22
8965.19603769 3.65944757996e-07 1.97904691853e-23
8988.42193416 3.44712274664e-07 7.3905343132e-23
9011.64783063 3.75162238584e-07 4.62617940619e-23
9034.8737271 3.69154495557e-07 8.31777677625e-23
9058.09962357 4.08875961767e-07 1.39974673047e-22
9081.32552005 3.82883387325e-07 1.79399387142e-22
9104.55141652 3.34722885108e-07 2.6866241519e-22
9127.77731299 3.58574425323e-07 6.75170855459e-23
9151.00320946 3.36941825633e-07 1.15221267481e-22
9174.22910593 3.48824220133e-07 1.93423491814e-22
9197.4550024 3.1372436558e-07 1.01462270537e-22
9220.68089887 3.26069124724e-07 1.36053326461e-22
9243.90679534 3.3251156949e-07 4.23104568995e-23
9267.13269181 2.92541679498e-07 1.82966330799e-22
9290.35858828 3.81343049512e-07 5.55456680981e-23
9313.58448475 2.70188136316e-07 2.24680273626e-23
9336.81038122 2.89778144959e-07 1.37649733532e-22
9360.03627769 3.15804259143e-07 5.51832984993e-23
9383.26217416 3.26518891609e-07 2.09006688561e-22
9406.48807064 2.97627281714e-07 6.28664638048e-23
9429.71396711 3.45518222412e-07 1.30524434156e-22
9452.93986358 2.6715934219e-07 7.26909519876e-23
9476.16576005 2.88347030433e-07 1.81598581212e-23
9499.39165652 2.76594229014e-07 5.20706186003e-23
9522.61755299 2.79362496017e-07 4.04808249517e-23
9545.84344946 2.62020473872e-07 1.05503477335e-22
9569.06934593 2.22834024573e-07 1.15897778135e-22
9592.2952424 2.31599225661e-07 1.07689650111e-22
9615.52113887 2.70698496707e-07 8.32889877812e-23
9638.74703534 2.85555995352e-07 3.09928835875e-23
9661.97293181 2.530462053e-07 1.74413282894e-23
9685.19882828 2.24473269765e-07 1.87115790517e-23
9708.42472475 2.2853406851e-07 4.17169656626e-23
9731.65062122 2.30886816817e-07 8.2665484258e-23
9754.8765177 2.26190654979e-07 6.48168301962e-23
9778.10241417 2.01546443967e-07 3.28676465937e-23
9801.32831064 1.92520841241e-07 5.76651776697e-23
9824.55420711 2.07724626927e-07 6.66609544025e-23
9847.78010358 2.21951011019e-07 1.01969116263e-22
9871.00600005 2.10099843588e-07 5.3971961444e-23
9894.23189652 2.102853999e-07 3.08561318786e-23
9917.45779299 1.99079474141e-07 1.10421886461e-22
9940.68368946 2.02101744687e-07 4.4297820828e-23
9963.90958593 1.94413814644e-07 9.25678881946e-23
9987.1354824 1.98696504602e-07 7.10741422329e-23
10010.3613789 1.8386037944e-07 1.48144001852e-22
10033.5872753 1.80237217421e-07 2.48915416995e-23
10056.8131718 1.68777410072e-07 2.32370932536e-22
10080.0390683 1.63546853177e-07 1.19500649394e-22
10103.2649648 1.49368321094e-07 9.10102755787e-23
10126.4908612 1.41073875862e-07 6.97134069338e-23
10149.7167577 1.72161107e-07 1.99238499168e-22
10172.9426542 1.76006477467e-07 4.81600462879e-23
10196.1685506 1.65569062411e-07 1.16221551042e-22
10219.3944471 1.4008667358e-07 6.65400519885e-23
10242.6203436 1.16874640541e-07 6.73796673959e-23
10265.8462401 1.28161511138e-07 5.59826849465e-23
10289.0721365 1.42724843255e-07 1.57497064982e-23
10312.298033 1.39477321812e-07 5.66712735912e-23
10335.5239295 1.26201051685e-07 6.3784883393e-23
10358.7498259 1.43313552586e-07 1.10816601652e-22
10381.9757224 1.49136720133e-07 1.46265073267e-22
10405.2016189 1.44259194084e-07 1.29388447585e-22
10428.4275153 1.46333792049e-07 1.05436893571e-22
10451.6534118 1.33171899604e-07 2.28015692779e-23
10474.8793083 1.34932399491e-07 4.02509253642e-23
10498.1052048 1.23394256122e-07 1.58810928309e-23
10521.3311012 1.15598398525e-07 1.42420933414e-23
10544.5569977 1.01230599618e-07 3.8713582373e-23
10567.7828942 1.07076052241e-07 5.14461972119e-23
10591.0087906 1.03229797786e-07 4.15414249727e-23
10614.2346871 9.75839161685e-08 5.01158341253e-23
10637.4605836 9.04271687385e-08 4.19505644104e-23
10660.6864801 9.89375919102e-08 2.82214533113e-23
10683.9123765 9.71899659157e-08 3.93877732089e-23
10707.138273 1.09829311114e-07 1.18183401595e-23
10730.3641695 1.17060882701e-07 4.6871287291e-23
10753.5900659 1.01561819597e-07 2.06130496697e-23
10776.8159624 6.09250657141e-08 9.24893295005e-23
10800.0418589 6.6809531835e-08 8.70014346844e-23
10823.2677553 1.01633293322e-07 1.03622842558e-22
10846.4936518 1.10342498994e-07 4.7050210853e-23
10869.7195483 8.60333073767e-08 4.86462529173e-23
10892.9454448 5.50760069066e-08 5.15485213448e-23
10916.1713412 5.14116270243e-08 6.84716625591e-23
10939.3972377 7.26514166862e-08 4.87544313527e-23
10962.6231342 7.54132630156e-08 2.50108597327e-23
10985.8490306 7.54295286621e-08 4.0721174144e-23
11009.0749271 6.01883366903e-08 3.81574193694e-23
11032.3008236 4.77723713035e-08 6.27184965915e-23
11055.5267201 6.44506996458e-08 8.67588145979e-23
11078.7526165 7.91461581357e-08 7.45278588626e-23
11101.978513 7.25997746373e-08 4.84612881563e-23
11125.2044095 5.47771025626e-08 5.29454919929e-23
11148.4303059 4.7720092094e-08 4.53985689364e-23
11171.6562024 5.29706308926e-08 2.66354624989e-23
11194.8820989 5.84253412654e-08 2.85550249676e-23
11218.1079954 4.24955302927e-08 4.73942255822e-23
11241.3338918 3.39176086005e-08 4.4914845017e-23
11264.5597883 5.52431232019e-08 6.61493057543e-23
11287.7856848 6.18900605638e-08 2.26907712503e-23
11311.0115812 5.01607850074e-08 2.2824108017e-23
11334.2374777 3.10222282221e-08 4.45518436882e-23
11357.4633742 2.74372365628e-08 3.55416651773e-23
11380.6892706 3.89875896599e-08 1.42403370465e-23
11403.9151671 4.81609132823e-08 2.44987613547e-23
11427.1410636 4.80966282773e-08 2.03098071094e-23
11450.3669601 4.26880742585e-08 5.2820331116e-23
11473.5928565 2.75657504846e-08 7.52621582308e-23
11496.818753 1.78776293529e-08 1.83652067026e-23
11520.0446495 3.31438684225e-08 3.51052420446e-23
11543.2705459 3.43235090272e-08 5.56920999882e-23
11566.4964424 3.11076356555e-08 6.16263755429e-23
11589.7223389 2.58667356733e-08 5.02786805744e-23
11612.9482354 3.02135345002e-08 3.71753942848e-23
11636.1741318 2.9469344791e-08 8.76798434394e-23
11659.4000283 1.54784056268e-08 8.34264410861e-23
11682.6259248 2.23011003037e-08 1.09584755172e-22
11705.8518212 3.36490872851e-08 7.92235989508e-23
11729.0777177 3.22836631073e-08 2.77999288942e-23
11752.3036142 2.44754245199e-08 1.97652408842e-22
11775.5295106 2.38187670916e-08 5.20834035369e-23
11798.7554071 3.66666072444e-08 1.97919207722e-23
11821.9813036 3.95954075057e-08 1.57374982133e-23
11845.2072001 3.37986193499e-08 1.39879821586e-23
11868.4330965 2.5766365088e-08 3.89219126755e-23
11891.658993 1.9672919557e-08 4.19205809502e-23
11914.8848895 1.2097728015e-08 4.77702605364e-23
11938.1107859 6.11218674629e-09 3.92719000169e-23
11961.3366824 1.40110322094e-08 2.85502245521e-23
11984.5625789 2.78704675996e-08 7.95942244675e-23
12007.7884754 2.75651701152e-08 7.64895709142e-23
12031.0143718 1.38356209324e-08 1.10295922176e-23
12054.2402683 1.34752493378e-08 4.97487076477e-23
12077.4661648 2.4347138736e-08 6.73480242812e-23
12100.6920612 2.83099925421e-08 6.36526184438e-23
12123.9179577 2.70976009176e-08 4.53438242098e-23
12147.1438542 2.30146539551e-08 4.64848250569e-23
12170.3697506 1.07878997371e-08 8.30002367238e-23
12193.5956471 8.0613217742e-09 7.32038575829e-23
12216.8215436 7.56612248451e-09 4.47806794512e-23
12240.0474401 4.77765487391e-09 5.06603692022e-23
12263.2733365 1.02342008961e-08 7.11435009119e-23
12286.499233 1.29097131841e-08 9.93408713317e-23
12309.7251295 1.02452262701e-08 3.60220595746e-23
12332.9510259 8.21862509779e-09 8.73334652883e-24
12356.1769224 9.84498895659e-10 9.69835730002e-23
12379.4028189 3.49722770074e-09 7.75196912525e-23
12402.6287154 8.44307411462e-09 2.700772626e-23
12425.8546118 1.20674874058e-08 2.23274925868e-23
12449.0805083 1.62319781279e-08 3.05946613516e-23
12472.3064048 1.36203474996e-08 9.15573058062e-23
12495.5323012 8.36650068534e-09 7.43836707121e-23
12518.7581977 4.28046295853e-09 6.86041584051e-23
12541.9840942 2.55398881794e-09 3.58716910076e-23
12565.2099907 3.75752768223e-09 5.39809948988e-23
12588.4358871 3.22510545586e-09 7.32845047966e-23
12611.6617836 1.86948797326e-09 8.85426907406e-23
12634.8876801 1.16956903231e-08 8.02964310267e-23
12658.1135765 1.32655962023e-08 7.16629259202e-23
12681.339473 1.11918995645e-08 6.77133102428e-23
12704.5653695 1.43652416498e-08 1.19038145065e-22
12727.7912659 7.32000450757e-09 4.64743440165e-23
12751.0171624 3.6406199736e-09 3.97183517312e-23
12774.2430589 9.43324269099e-09 5.94506356114e-23
12797.4689554 1.34095757417e-08 9.39952745467e-23
12820.6948518 1.50104322993e-08 1.04344983902e-22
12843.9207483 1.65219150533e-08 6.73621370744e-23
12867.1466448 1.13437349473e-08 5.98181655545e-23
12890.3725412 7.98479984932e-09 1.15286998976e-22
12913.5984377 1.39371373075e-08 7.56603170121e-23
12936.8243342 1.42272805148e-08 8.37077872742e-23
12960.0502307 8.96761950146e-09 5.4324396301e-23
12983.2761271 6.13225220461e-09 4.51196904782e-23
13006.5020236 1.14447242267e-08 1.4110634085e-22
13029.7279201 2.02973646373e-08 6.6491382403e-23
13052.9538165 1.29133978996e-08 5.61838107953e-23
13076.179713 9.79940276849e-09 9.07433934936e-23
13099.4056095 1.35081418896e-08 1.18465672951e-22
13122.6315059 1.48694798875e-08 1.30666928463e-22
13145.8574024 1.14718789505e-08 8.35820522097e-23
13169.0832989 8.41108814361e-09 4.94574905518e-23
13192.3091954 1.56898806801e-08 1.4950031362e-22
13215.5350918 1.36763917557e-08 2.88263842011e-23
13238.7609883 2.01756622356e-08 1.77944196931e-22
13261.9868848 2.22817844181e-08 1.28180257431e-22
13285.2127812 2.0531489506e-08 1.303981031e-22
13308.4386777 1.17185193185e-08 1.47414051866e-22
13331.6645742 1.25885586794e-08 1.96071951323e-22
13354.8904707 3.55766480857e-09 9.09515891986e-23
13378.1163671 7.32843961376e-09 1.48322447721e-22
13401.3422636 9.15739264431e-09 8.20679098772e-23
13424.5681601 8.47267705898e-09 1.32670039102e-22
13447.7940565 1.01255393331e-08 5.01583675239e-23
13471.019953 1.12547961668e-08 4.89692904006e-23
13494.2458495 1.67652067727e-08 2.66095110674e-23
13517.4717459 1.78244582937e-08 4.40420247283e-23
13540.6976424 1.15478171419e-08 2.44157254111e-23
13563.9235389 3.92313163688e-09 1.16251044636e-23
13587.1494354 4.53603503021e-09 6.68489669413e-23
13610.3753318 7.94310042634e-09 7.5637077991e-23
13633.6012283 3.16302914094e-09 3.29421677178e-23
13656.8271248 1.20638378015e-08 3.69387889754e-23
13680.0530212 1.08286452554e-08 2.95126781956e-23
13703.2789177 2.00773628546e-09 2.60125024525e-23
13726.5048142 1.52776429827e-08 3.80432173468e-23
13749.7307107 1.27355141803e-08 3.25001393808e-23
13772.9566071 1.85894773474e-09 3.94686553846e-23
13796.1825036 7.53825599626e-09 1.94895715267e-23
13819.4084001 8.09514542927e-09 3.25086739582e-23
13842.6342965 1.14485382887e-08 1.78611384136e-23
13865.860193 1.41711275586e-09 2.81953785639e-23
13889.0860895 9.98245582944e-09 6.78195092515e-24
13912.311986 1.13166052823e-08 3.15776416894e-23
13935.5378824 2.85672067327e-09 5.60930154999e-23
13958.7637789 8.0097932354e-09 1.09272572911e-23
13981.9896754 9.41490128967e-09 1.44064865264e-23
14005.2155718 8.79477113129e-09 4.10913161412e-23
14028.4414683 1.13198631514e-08 1.26348192478e-23
14051.6673648 6.11783362948e-09 1.52995852658e-22
14074.8932612 1.24929245713e-08 2.09361995027e-22
14098.1191577 9.78836895643e-10 1.64480410771e-23
14121.3450542 9.03844949021e-09 2.45797347551e-22
14144.5709507 8.58404625335e-09 2.51827582194e-22
14167.7968471 4.77074098543e-09 8.54367503471e-24
14191.0227436 4.95652267874e-09 3.13562156378e-23
14214.2486401 1.07651338463e-08 4.69434945797e-23
14237.4745365 5.58275588449e-09 6.25792773391e-23
14260.700433 7.83543735482e-09 7.79217025759e-23
14283.9263295 3.413951922e-09 9.01345345097e-24
14307.152226 1.0079990007e-08 5.2915676377e-23
14330.3781224 1.11426374387e-08 1.70129028315e-23
14353.6040189 2.48021964695e-09 2.53160792408e-23
14376.8299154 4.25423406228e-09 4.31019069552e-23
14400.0558118 2.11062255961e-09 2.10138909276e-23
14423.2817083 1.00863302723e-08 1.39703075951e-23
14446.5076048 8.17640025614e-09 2.68089067499e-23
14469.7335012 4.50359123598e-09 2.85733612812e-23
14492.9593977 3.23507163988e-09 5.66548308068e-23
14516.1852942 5.55439285718e-09 9.36769457563e-24
14539.4111907 5.61404539123e-09 2.79880310333e-23
14562.6370871 4.70857941267e-09 8.83227610332e-23
14585.8629836 2.17325497292e-09 5.46979745213e-23
14609.0888801 5.78591431718e-09 2.48533518697e-23
14632.3147765 7.19137868952e-09 2.64385017274e-23
14655.540673 8.16203691591e-09 2.92378574543e-23
14678.7665695 1.15219394812e-08 3.49972684971e-23
14701.992466 7.57044919748e-09 5.48216177105e-23
14725.2183624 7.49423600962e-09 3.4950372021e-23
14748.4442589 8.68942400116e-09 7.753759865e-23
14771.6701554 8.85096937727e-09 1.13262908197e-22
14794.8960518 9.40539451445e-09 7.31505964334e-23
14818.1219483 1.0185752849e-08 8.90659225122e-23
14841.3478448 5.6847956425e-09 1.36065961923e-22
14864.5737413 2.87082153998e-09 1.08234224537e-22
14887.7996377 7.50370708741e-09 1.67287109611e-22
14911.0255342 8.65258088597e-09 1.56672717987e-22
14934.2514307 8.9561509797e-09 8.28554511748e-23
14957.4773271 1.05740883259e-08 1.0920541367e-22
14980.7032236 9.08147994718e-09 1.69908905532e-22
15003.9291201 7.99756678382e-09 1.23772323269e-22
15027.1550165 9.43507765362e-09 2.10636857227e-23
15050.380913 9.84727479356e-09 1.39316677984e-22
15073.6068095 8.33846924874e-09 1.87926675477e-22
15096.832706 1.19219002188e-08 7.59929597879e-23
15120.0586024 1.13542082244e-08 7.55957830899e-23
15143.2844989 1.14273765445e-08 3.01354601361e-23
15166.5103954 1.32635951844e-08 7.54330896872e-23
15189.7362918 6.92898961295e-09 1.19791978435e-22
15212.9621883 6.05530545171e-09 8.41777061285e-23
15236.1880848 1.22482077639e-08 1.32051064325e-22
15259.4139813 1.10856018354e-08 6.64722514198e-23
15282.6398777 7.84702948675e-09 6.73555376583e-23
15305.8657742 8.83777970022e-09 9.0073115471e-23
15329.0916707 1.10118833537e-08 7.60922043332e-23
15352.3175671 1.04722244112e-08 4.29127979548e-23
15375.5434636 1.17881176088e-08 8.97779194545e-23
15398.7693601 1.235062793e-08 2.9687356423e-23
15421.9952565 1.03860623312e-08 8.23874164828e-23
15445.221153 8.88907663562e-09 2.70486741858e-23
15468.4470495 8.58733756869e-09 4.25320542386e-23
15491.672946 8.14637056e-09 4.37858817659e-23
15514.8988424 8.5800768339e-09 1.34581356079e-23
15538.1247389 8.41589461833e-09 6.37673382288e-23
15561.3506354 1.02300810126e-08 7.22226788894e-23
15584.5765318 1.03835910849e-08 2.56043256658e-23
15607.8024283 9.93814524125e-09 9.26010207417e-23
15631.0283248 8.19272787677e-09 3.2560828594e-23
15654.2542213 8.72372617464e-09 6.0955741383e-23
15677.4801177 7.62126648691e-09 4.0021241147e-23
15700.7060142 7.29000321909e-09 8.40471796561e-23
15723.9319107 8.36057794606e-09 8.92290942788e-23
15747.1578071 9.03236343507e-09 5.82548110295e-23
15770.3837036 1.11941626733e-08 4.23476922031e-23
15793.6096001 9.5036078226e-09 5.49243473012e-23
15816.8354965 7.22918428034e-09 8.07572264748e-24
15840.061393 5.99336943216e-09 2.82923995492e-23
15863.2872895 8.00685927933e-09 1.68881844863e-23
15886.513186 7.46710971085e-09 3.70355022598e-23
15909.7390824 7.9874914775e-09 2.96132643492e-23
15932.9649789 8.10032631056e-09 4.72496687373e-23
15956.1908754 7.5565499513e-09 7.51227728546e-23
15979.4167718 6.96010875377e-09 6.07156970644e-24
16002.6426683 7.06985075086e-09 2.67973491552e-23
16025.8685648 9.25858928101e-09 6.85301733286e-23
16049.0944613 9.27444315708e-09 3.95292983778e-23
16072.3203577 8.03645922156e-09 4.33189519969e-23
16095.5462542 7.25321133138e-09 2.59247298641e-23
16118.7721507 8.58660589411e-09 3.97199035881e-23
16141.9980471 9.8863463851e-09 4.50362410132e-23
16165.2239436 8.15724633526e-09 1.2068017936e-24
16188.4498401 7.94669218222e-09 1.89250231462e-23
16211.6757366 7.41683029853e-09 6.7831429679e-23
16234.901633 9.65582451884e-09 4.19175892886e-23
16258.1275295 8.91876276287e-09 2.48111655078e-23
16281.353426 9.38558459033e-09 1.27550383887e-23
16304.5793224 1.10960455417e-08 2.269612346e-23
16327.8052189 1.17463137663e-08 8.29298852623e-24
16351.0311154 1.0529336671e-08 1.0353101421e-23
16374.2570118 9.90660320326e-09 8.90663770711e-24
16397.4829083 9.37155291208e-09 1.12837725217e-23
16420.7088048 1.00354040136e-08 8.9511159316e-23
16443.9347013 8.92539241962e-09 2.20601286558e-22
16467.1605977 8.48953766174e-09 8.81342792769e-23
16490.3864942 9.74980948889e-09 9.00795371229e-23
16513.6123907 1.1639955093e-08 1.44646084378e-22
16536.8382871 1.25757631943e-08 4.91603157885e-23
16560.0641836 1.08371279707e-08 8.04564924167e-23
16583.2900801 9.43291666208e-09 4.14666645818e-23
16606.5159766 1.10690792889e-08 1.20553997746e-22
16629.741873 1.28652976837e-08 7.81810222891e-23
16652.9677695 1.33196748664e-08 7.84947389338e-23
16676.193666 1.09532722837e-08 6.71537933013e-23
16699.4195624 9.28811983364e-09 1.00012751267e-23
16722.6454589 9.82851279173e-09 2.62774855213e-23
16745.8713554 1.12221404315e-08 2.76281423604e-23
16769.0972518 1.20110306353e-08 8.52860777155e-24
16792.3231483 1.20935006523e-08 1.62649550138e-23
16815.5490448 1.16911242689e-08 9.07208081445e-24
16838.7749413 8.94533327198e-09 2.18579056947e-23
16862.0008377 9.02118543046e-09 2.05705482457e-23
16885.2267342 1.06096170627e-08 8.57957046921e-24
16908.4526307 1.1069170369e-08 6.89697820943e-24
16931.6785271 1.02431523336e-08 2.73738608063e-23
16954.9044236 9.62593820369e-09 9.40729583382e-24
16978.1303201 1.02624850218e-08 3.32933468234e-23
17001.3562166 9.65333966187e-09 3.95933847475e-24
17024.582113 8.49432955779e-09 8.30151542951e-24
17047.8080095 8.04758921417e-09 9.1679305295e-24
17071.033906 9.21534388366e-09 1.36335506534e-23
17094.2598024 9.45783517053e-09 2.18356784996e-23
17117.4856989 8.16514905926e-09 2.36626710421e-23
17140.7115954 6.96860571071e-09 7.5018045094e-24
17163.9374919 7.81607163276e-09 1.00068968615e-23
17187.1633883 8.18556062108e-09 8.82955832039e-24
17210.3892848 7.08727099303e-09 6.66530741125e-24
17233.6151813 6.32519384363e-09 7.43436906387e-24
17256.8410777 6.28909251302e-09 6.41813703282e-24
17280.0669742 6.77027033552e-09 3.80152948101e-24
17303.2928707 7.58557308496e-09 1.28429028915e-23
17326.5187671 6.93918993614e-09 3.27326060411e-24
17349.7446636 4.81465129005e-09 1.56952293278e-23
17372.9705601 5.54137276559e-09 2.91878206922e-24
17396.1964566 6.43214938794e-09 7.99385767448e-24
17419.422353 6.21169409434e-09 7.17635390213e-24
17442.6482495 4.9031333737e-09 1.41739186718e-23
17465.874146 4.64011663712e-09 2.18995050019e-23
17489.1000424 5.51873330845e-09 2.04172600342e-23
17512.3259389 4.90966178672e-09 1.7521170517e-23
17535.5518354 4.99686857443e-09 2.04755470565e-23
17558.7777319 4.58016134294e-09 6.33245684726e-24
17582.0036283 4.74193395576e-09 3.57474003775e-23
17605.2295248 6.12104677374e-09 9.19351664305e-24
17628.4554213 5.17548740124e-09 2.8666202409e-23
17651.6813177 3.57384327532e-09 1.47461732378e-23
17674.9072142 3.47160601174e-09 1.96977497887e-23
17698.1331107 4.30521259897e-09 1.24639772669e-23
17721.3590071 5.01113637462e-09 2.2093277605e-24
17744.5849036 5.52160346546e-09 7.61232712351e-24
17767.8108001 5.53579418945e-09 3.0347832925e-23
17791.0366966 5.34240802547e-09 1.4659876313e-23
17814.262593 4.43759642049e-09 1.44713453265e-24
17837.4884895 4.0305711929e-09 1.61254709121e-23
17860.714386 4.21220995113e-09 1.9089928689e-23
17883.9402824 4.6368902298e-09 1.99971596628e-23
17907.1661789 4.28106545811e-09 1.63483027414e-23
17930.3920754 2.42753231034e-09 1.30358922864e-23
17953.6179719 4.63740574359e-09 1.68970549083e-23
17976.8438683 4.86611646999e-09 2.53415678715e-23
18000.0697648 3.9833018769e-09 1.64979596893e-23
18023.2956613 5.16603842057e-09 7.04486042504e-24
18046.5215577 3.8806102784e-09 1.29969283829e-23
18069.7474542 3.49905845887e-09 1.03587874199e-23
18092.9733507 4.8672359643e-09 1.73581141586e-23
18116.1992471 3.82560354548e-09 8.0378347559e-24
18139.4251436 3.81308186115e-09 1.41614118806e-23
18162.6510401 4.61948813399e-09 2.19564626809e-23
18185.8769366 4.00524246809e-09 2.51739748786e-23
18209.102833 3.26528664246e-09 9.09025877966e-24
18232.3287295 3.74599638938e-09 1.34585946901e-23
18255.554626 5.29628453049e-09 2.05510273198e-23
18278.7805224 3.06765302572e-09 2.20310035202e-23
18302.0064189 4.02956903623e-09 3.33809523918e-24
18325.2323154 3.41209154459e-09 7.80768149116e-24
18348.4582119 2.89464694534e-09 1.62470367609e-23
18371.6841083 4.7101288274e-09 1.86741761046e-23
18394.9100048 3.15972955454e-09 8.63603485501e-24
18418.1359013 3.01481537722e-09 9.87346728476e-24
18441.3617977 3.69774298693e-09 5.50633490438e-24
18464.5876942 2.83143677849e-09 1.52648533463e-23
18487.8135907 2.27164047822e-09 1.12434597985e-23
18511.0394872 2.91794236713e-09 9.12107835501e-24
18534.2653836 2.64065206474e-09 1.73601064036e-23
18557.4912801 2.00814616297e-09 3.27064478693e-24
18580.7171766 1.98320170209e-09 1.49653035954e-23
18603.943073 2.82412030954e-09 2.31473861069e-23
18627.1689695 1.9975079621e-09 1.92119855118e-23
18650.394866 2.39400949342e-09 4.09526139247e-23
18673.6207624 3.06792249192e-09 6.79056300332e-24
18696.8466589 2.58369325593e-09 2.28305666838e-23
18720.0725554 9.73726748171e-10 1.34810143516e-23
18743.2984519 3.02257064525e-09 2.95172084958e-23
18766.5243483 2.31649326255e-09 2.23297123068e-23
18789.7502448 2.66270590668e-09 2.62293765279e-23
18812.9761413 1.44663592946e-09 1.6540906744e-23
18836.2020377 1.79346323429e-09 2.68941193647e-23
18859.4279342 2.12748531831e-09 8.45444536298e-24
18882.6538307 3.43481167128e-10 2.49713603077e-23
18905.8797272 1.19278416592e-09 1.54578162116e-23
18929.1056236 2.20194395109e-09 2.89965321226e-23
18952.3315201 1.38900306015e-09 2.79438212364e-23
18975.5574166 2.33088611695e-09 2.56793370959e-23
18998.783313 3.75476556835e-10 9.69112881322e-24
19022.0092095 1.55348304102e-09 2.8306545708e-23
19045.235106 1.90636632276e-09 4.34150172847e-23
19068.4610024 7.07900508317e-10 5.55491872051e-24
19091.6868989 1.22437928115e-09 4.60133869122e-24
19114.9127954 1.64143327012e-09 6.33710681284e-24
19138.1386919 6.03405264803e-10 3.26958192983e-23
19161.3645883 3.39445337194e-10 1.17149869266e-23
19184.5904848 1.72445035408e-09 3.19405638421e-23
19207.8163813 1.00899716818e-09 1.96341527857e-23
19231.0422777 2.0111884386e-09 3.52514682316e-23
19254.2681742 1.47462237037e-09 5.45127411758e-23
19277.4940707 9.9954276242e-10 2.10916966443e-23
19300.7199672 9.86950849666e-10 1.10674527572e-23
19323.9458636 5.61090462194e-10 1.55322325573e-23
19347.1717601 1.02098095557e-09 2.24856554971e-23
19370.3976566 1.45101979812e-09 3.53925077907e-23
19393.623553 7.43714070522e-10 3.29478311523e-23
19416.8494495 1.28366924331e-09 1.55679562025e-23
19440.075346 1.10914669162e-09 6.11691730994e-23
19463.3012424 6.47931700257e-10 2.61880005932e-23
19486.5271389 8.25591499427e-10 2.45744550805e-23
19509.7530354 4.04490038594e-10 1.77974205529e-23
19532.9789319 1.58408174882e-10 6.49018064391e-23
19556.2048283 5.5020581669e-10 5.79317907732e-23
19579.4307248 1.33641915324e-09 3.62234021205e-23
19602.6566213 1.38310984329e-09 5.38996028373e-23
19625.8825177 1.27973885762e-09 3.15169097705e-23
19649.1084142 1.000748134e-09 3.71341055624e-23
19672.3343107 7.46320414891e-10 9.17035111918e-23
19695.5602072 8.08635886023e-10 1.18283947454e-23
19718.7861036 1.01277625888e-09 5.56575953897e-23
19742.0120001 8.5330247811e-10 1.61890533761e-23
19765.2378966 1.00321972714e-09 7.7216963121e-23
19788.463793 7.50639365703e-10 5.49075018387e-23
19811.6896895 6.65824468039e-10 1.88271621571e-23
19834.915586 7.91460414008e-10 3.94215556392e-23
19858.1414825 5.47211143e-10 6.58174328314e-23
19881.3673789 3.13015503571e-10 3.31356021515e-23
19904.5932754 5.10027334666e-10 2.80697933428e-23
19927.8191719 3.24419906276e-10 2.18848303182e-23
19951.0450683 5.02744001113e-10 4.09345926354e-23
19974.2709648 5.99093504834e-10 8.62271554253e-23
19997.4968613 6.13976085782e-10 2.303329034e-23
20020.7227577 7.42699623235e-10 5.00789923427e-23
20043.9486542 7.32211146106e-10 2.75557817015e-23
20067.1745507 5.21469679229e-10 3.10987975232e-23
20090.4004472 3.57389774208e-10 1.06818341918e-22
20113.6263436 4.26663505913e-10 2.14581074966e-23
20136.8522401 6.2264823856e-10 1.30300460588e-23
20160.0781366 8.49971105017e-10 3.29771690286e-23
20183.304033 8.85104549911e-10 5.5634211952e-23
20206.5299295 5.58105204544e-10 3.14460932768e-23
20229.755826 3.37513046395e-10 2.5606693682e-23
20252.9817225 1.31172028899e-10 4.26928524967e-23
20276.2076189 1.02179625003e-10 8.41950734237e-23
20299.4335154 1.24811117018e-10 7.21058441507e-23
20322.6594119 2.92062731886e-10 4.69346586405e-23
20345.8853083 4.39040134468e-10 3.83571743708e-23
20369.1112048 3.86768316208e-10 4.26015941858e-23
20392.3371013 3.8531118361e-10 5.53429871104e-23
20415.5629977 2.29949299712e-10 1.52843208629e-23
20438.7888942 1.25281272525e-10 3.26490815242e-23
20462.0147907 4.03230947034e-10 5.63624863269e-23
20485.2406872 4.94640802138e-10 7.93384706647e-23
20508.4665836 4.41171488264e-10 1.15210548312e-22
20531.6924801 4.04366681714e-10 2.69012300192e-24
20554.9183766 2.97607085912e-10 4.82787196419e-23
20578.144273 2.433166434e-10 7.30767182217e-23
20601.3701695 2.76751487645e-10 6.50094041823e-23
20624.596066 2.57434487065e-10 4.44440672771e-23
20647.8219625 7.47544027491e-11 3.47472337694e-23
20671.0478589 8.85253290554e-11 1.06473226141e-22
20694.2737554 1.29966813511e-10 7.62991630677e-23
20717.4996519 1.52684431112e-10 3.86761175887e-23
20740.7255483 1.92625843509e-10 5.13534790751e-23
20763.9514448 1.4457899113e-10 3.33491409083e-23
20787.1773413 1.09086170853e-10 7.49771778377e-23
20810.4032378 1.01800906856e-10 8.45770781492e-23
20833.6291342 1.05194949682e-10 5.41769529048e-23
20856.8550307 1.81745259016e-10 1.14606796716e-22
20880.0809272 2.48957059779e-10 3.48067780974e-23
20903.3068236 2.74753511116e-10 7.96876639063e-23
20926.5327201 2.3026805001e-10 9.81450480807e-23
20949.7586166 1.2936353531e-10 5.46784654747e-23
20972.984513 7.94942552638e-11 8.0242170155e-23
20996.2104095 8.97628091827e-11 2.45269410197e-23
21019.436306 6.58308708043e-11 8.26575125779e-23
21042.6622025 3.4036246828e-11 8.36548168584e-23
21065.8880989 5.35914137057e-11 2.49586919206e-23
21089.1139954 1.87767519831e-10 7.30621477168e-23
21112.3398919 1.69523504822e-10 9.02352997868e-23
21135.5657883 1.37389313841e-10 5.96970919959e-23
21158.7916848 9.19058338652e-11 8.46421796866e-23
21182.0175813 9.98350585713e-11 4.862495438e-23
21205.2434778 1.25142880553e-10 3.3096218156e-23
21228.4693742 1.37646708885e-10 7.99838607678e-23
21251.6952707 1.08437832093e-10 8.70892496383e-23
21274.9211672 2.12714529682e-11 6.63071160526e-23
21298.1470636 2.98938300742e-11 8.76613444593e-23
21321.3729601 5.27641979825e-11 3.96745010076e-23
21344.5988566 6.39282636381e-11 5.81064210911e-23
21367.824753 1.20507278858e-10 9.70040227389e-23
21391.0506495 1.54010551375e-10 4.88877461781e-23
21414.276546 1.09286215177e-10 2.00645947538e-23
21437.5024425 9.80377896176e-11 4.65921318128e-23
21460.7283389 1.12705353495e-10 2.3329838528e-23
21483.9542354 1.00493376902e-10 8.0642593648e-23
21507.1801319 7.26178944237e-11 3.30267940761e-23
21530.4060283 5.10537587916e-11 4.95254547985e-23
21553.6319248 8.02013271749e-11 1.16269068874e-23
21576.8578213 8.74570891317e-11 3.46098620702e-23
21600.0837178 8.00402801522e-11 1.70877951249e-22
21623.3096142 6.70391490854e-11 7.44241838123e-23
21646.5355107 1.04128899401e-10 1.01946160647e-23
21669.7614072 9.35547679504e-11 4.40830990199e-23
21692.9873036 6.75597718939e-11 9.81158743757e-23
21716.2132001 9.05613698642e-11 2.38201731078e-23
21739.4390966 1.34134326188e-10 4.57496130676e-23
21762.664993 1.82639203367e-10 4.8736774145e-23
21785.8908895 1.76323267334e-10 5.53370666431e-23
21809.116786 1.2799784662e-10 6.06214145545e-23
21832.3426825 6.87599458701e-11 1.18284611152e-23
21855.5685789 2.89388463288e-11 9.1902191684e-23
21878.7944754 8.92030113288e-11 7.09893174183e-24
21902.0203719 1.35033032235e-10 1.23481007447e-22
21925.2462683 1.14522634271e-10 3.78829789805e-23
21948.4721648 8.17266964338e-11 1.84881367493e-23
21971.6980613 8.57866759906e-11 2.87354486075e-23
21994.9239578 1.22397772673e-10 4.77736663614e-23
22018.1498542 1.39994165277e-10 6.31155777203e-23
22041.3757507 1.67024386571e-10 6.29886204377e-23
22064.6016472 1.53595399692e-10 3.07466095963e-23
22087.8275436 1.4258047299e-10 3.53220589589e-23
22111.0534401 1.32343842923e-10 7.34112848013e-23
22134.2793366 1.03379459773e-10 3.96561524049e-23
22157.5052331 1.25380234333e-10 6.50319543427e-23
22180.7311295 1.74091379357e-10 2.7401938668e-23
22203.957026 2.11611569678e-10 2.26844136381e-23
22227.1829225 2.13555728685e-10 3.76896702268e-23
22250.4088189 1.43869962155e-10 2.41810670429e-23
22273.6347154 9.97334034616e-11 3.16139978106e-23
22296.8606119 1.3053076698e-10 2.04713319113e-23
22320.0865083 1.81471925946e-10 5.08598042862e-23
22343.3124048 1.86666288765e-10 6.01124738799e-23
22366.5383013 1.71208204678e-10 3.55331066024e-23
22389.7641978 1.63956217288e-10 4.17861833417e-23
22412.9900942 1.15003251344e-10 4.62762230919e-23
22436.2159907 1.57244326651e-10 7.10742427317e-23
22459.4418872 1.87656649357e-10 1.03074335377e-23
22482.6677836 1.6539328577e-10 3.60575727392e-23
22505.8936801 1.16312337763e-10 5.27014303541e-23
22529.1195766 1.41951567083e-10 4.04698520304e-23
22552.3454731 1.84636529056e-10 1.45308247901e-23
22575.5713695 1.74233319953e-10 3.56665149369e-23
22598.797266 1.51787108458e-10 3.62118659616e-23
22622.0231625 1.41952947469e-10 3.68647331051e-23
22645.2490589 1.93922662173e-10 4.26967357366e-23
22668.4749554 2.11328451256e-10 1.73356278604e-23
22691.7008519 1.58672646379e-10 3.17268965096e-23
22714.9267483 1.81126808379e-10 1.35523276599e-23
22738.1526448 1.70129856069e-10 4.05780139934e-23
22761.3785413 1.64238941546e-10 4.53271271506e-23
22784.6044378 1.68368844398e-10 3.06797573537e-23
22807.8303342 1.45244946226e-10 4.18333877242e-23
22831.0562307 1.41502541088e-10 6.63523537623e-23
22854.2821272 1.53168234142e-10 4.80991142748e-23
22877.5080236 1.68870112199e-10 2.46422602556e-23
22900.7339201 1.49762435383e-10 4.59853543692e-24
22923.9598166 1.25263945261e-10 2.35782737815e-23
22947.1857131 1.74426049444e-10 2.54452454144e-23
22970.4116095 1.22307085212e-10 1.15945847223e-23
22993.637506 1.86802529942e-10 4.27529948992e-23
23016.8634025 1.23728650487e-10 2.62585156367e-23
23040.0892989 1.33287110206e-10 5.17627997937e-23
23063.3151954 1.81306643853e-10 3.91761765993e-23
23086.5410919 1.44267687718e-10 1.97215440846e-23
23109.7669884 1.49061381813e-10 3.82212432265e-23
23132.9928848 1.49435308418e-10 1.79400563162e-23
23156.2187813 1.34595172803e-10 5.30203664134e-23
23179.4446778 1.5167361413e-10 2.66931594469e-23
23202.6705742 1.60537840144e-10 2.74033900567e-23
23225.8964707 1.48562708291e-10 2.83549690984e-23
23249.1223672 1.10911641767e-10 3.63323617881e-23
23272.3482636 1.30625978856e-10 3.12522445865e-23
23295.5741601 1.33782760122e-10 2.77880253828e-23
23318.8000566 1.71988543144e-10 2.23275002711e-23
23342.0259531 1.11814683349e-10 2.46603662168e-23
23365.2518495 1.22417603674e-10 1.62870566097e-23
23388.477746 9.56682232227e-11 2.51919224965e-23
23411.7036425 1.34135403801e-10 4.00194368451e-23
23434.9295389 1.20096564124e-10 4.01122304024e-24
23458.1554354 1.22112051349e-10 2.25170219492e-23
23481.3813319 1.06103025543e-10 3.6835661808e-23
23504.6072284 1.35880704191e-10 1.18766521424e-23
23527.8331248 1.27337963785e-10 2.82017472245e-23
23551.0590213 1.22080104382e-10 1.13419998557e-23
23574.2849178 9.11455270455e-11 3.09523635916e-23
23597.5108142 1.17328627753e-10 1.24055933718e-23
23620.7367107 1.07562398114e-10 1.34083887651e-23
23643.9626072 1.16927955019e-10 1.87492522847e-23
23667.1885036 1.09710851421e-10 1.88257040874e-23
23690.4144001 7.36065096069e-11 2.36891279212e-23
23713.6402966 1.07037980736e-10 3.29780254926e-23
23736.8661931 1.10469470097e-10 1.81964696928e-23
23760.0920895 1.03871604094e-10 2.67965436935e-23
23783.317986 1.11736211301e-10 1.39655426961e-23
23806.5438825 9.53114356794e-11 8.27089476253e-24
23829.7697789 1.04739762705e-10 1.39439191649e-23
23852.9956754 1.04681144309e-10 2.07249941808e-23
23876.2215719 9.18685212571e-11 1.60720257643e-23
23899.4474684 8.83609579825e-11 1.98176476304e-23
23922.6733648 9.9581105769e-11 1.25436915886e-23
23945.8992613 1.18159131159e-10 2.68520496925e-23
23969.1251578 1.22019440732e-10 6.58500557128e-24
23992.3510542 1.21975981676e-10 2.29567678021e-23
24015.5769507 9.26138994705e-11 1.54061270449e-23
24038.8028472 8.16420134815e-11 7.38850958025e-24
24062.0287436 8.25852023413e-11 3.31109680506e-24
24085.2546401 8.16148279471e-11 1.04744911376e-23
24108.4805366 8.19948902522e-11 1.53579093578e-23
24131.7064331 7.46281178548e-11 1.34062525622e-23
24154.9323295 7.76449180296e-11 3.38023873814e-24
24178.158226 7.50991414131e-11 2.17406457281e-23
24201.3841225 7.50738220476e-11 1.37412928243e-23
24224.6100189 7.35078367006e-11 1.57250394387e-23
24247.8359154 7.10051041149e-11 1.95991828927e-23
24271.0618119 7.73033433495e-11 1.15968015747e-23
24294.2877084 8.41535179966e-11 1.83730297525e-23
24317.5136048 8.71387286919e-11 1.35860187155e-23
24340.7395013 8.21139076035e-11 8.08733564759e-25
24363.9653978 7.92682297032e-11 2.01903508301e-24
24387.1912942 7.62977263297e-11 5.56639479828e-24
24410.4171907 7.76254790777e-11 1.4525923871e-23
24433.6430872 7.44684133935e-11 1.21767652475e-23
24456.8689837 6.73195194531e-11 1.23833604249e-23
24480.0948801 6.65059829462e-11 1.33436175295e-23
24503.3207766 6.44760136076e-11 1.16214327282e-23
24526.5466731 7.24151363022e-11 2.21435715772e-23
24549.7725695 7.01127890843e-11 1.15397229805e-23
24572.998466 7.08452347269e-11 1.13122421198e-23
24596.2243625 7.18303685906e-11 1.32285178042e-23
24619.4502589 7.62608070664e-11 5.30617263788e-24
24642.6761554 7.76447863786e-11 7.15546137929e-24
24665.9020519 7.72694516881e-11 8.68543726641e-24
24689.1279484 7.56825279016e-11 6.61964078988e-24
24712.3538448 7.90811038322e-11 1.51402032513e-23
24735.5797413 8.46550101202e-11 4.54782827806e-24
24758.8056378 7.43637826824e-11 3.81832365325e-24
24782.0315342 7.48736550747e-11 1.16713006722e-23
24805.2574307 8.14511189985e-11 3.95904231813e-24
24828.4833272 8.35126325856e-11 1.75897978131e-23
24851.7092237 8.04532774523e-11 1.46395100967e-23
24874.9351201 7.17787750646e-11 9.06723227403e-24
24898.1610166 6.67645277098e-11 8.42707584365e-24
24921.3869131 7.19683253312e-11 1.57031928035e-23
24944.6128095 7.20506213372e-11 5.25813087601e-24
24967.838706 7.17298906009e-11 2.65317372761e-24
24991.0646025 7.05736960694e-11 1.30440878521e-23
25014.2904989 7.21039652186e-11 4.33135546523e-24
25037.5163954 7.30940913127e-11 3.26441736008e-24
25060.7422919 7.15698672069e-11 4.09214237459e-24
25083.9681884 7.26275882911e-11 7.70226168991e-24
25107.1940848 7.2202854689e-11 3.33254593288e-24
25130.4199813 7.06286733996e-11 1.79798873116e-23
25153.6458778 7.21371802533e-11 1.21573546652e-23
25176.8717742 6.73934942418e-11 2.63742652063e-24
25200.0976707 6.75965191632e-11 1.53662324999e-23
25223.3235672 6.6311464839e-11 4.97788297379e-24
25246.5494637 6.31579906248e-11 4.09070615273e-24
25269.7753601 6.47272123441e-11 8.10789509229e-24
25293.0012566 6.49318876897e-11 2.49805704623e-24
25316.2271531 6.55883778971e-11 1.94080778886e-23
25339.4530495 6.23590172626e-11 2.60022035859e-23
25362.678946 6.69487171891e-11 2.12644560595e-23
25385.9048425 7.19508963281e-11 4.86209870895e-24
25409.130739 7.06522232374e-11 7.91051541757e-24
25432.3566354 6.6541642367e-11 1.09222358136e-23
25455.5825319 6.91286803288e-11 9.03066632657e-24
25478.8084284 7.05832218357e-11 7.49419920251e-24
25502.0343248 6.583292583e-11 3.5782192697e-24
25525.2602213 6.65206314015e-11 4.66581332467e-24
25548.4861178 6.96104704313e-11 2.0399217292e-23
25571.7120142 7.31864915727e-11 2.2578674896e-23
25594.9379107 6.96264481481e-11 2.42045614689e-23
25618.1638072 6.42449254906e-11 2.86698861464e-23
25641.3897037 6.2938390225e-11 3.90140391006e-23
25664.6156001 6.24190181663e-11 4.13389956909e-23
25687.8414966 5.97442389474e-11 6.8243772968e-23
25711.0673931 5.90812987249e-11 5.36892613132e-23
25734.2932895 5.64099819622e-11 1.12197311055e-22
25757.519186 5.72436649172e-11 5.80465325085e-23
25780.7450825 5.75230607492e-11 5.63509897302e-23
25803.970979 5.66437582227e-11 3.64717631084e-23
25827.1968754 5.62658103115e-11 7.7934671309e-23
25850.4227719 5.14903455165e-11 1.39277999753e-22
25873.6486684 4.82504608767e-11 6.07174559709e-23
25896.8745648 4.88969259013e-11 1.3947885688e-23
25920.1004613 5.17721619905e-11 3.59990594173e-24
25943.3263578 5.04119245676e-11 2.12708490554e-23
25966.5522542 4.81768092747e-11 1.27825996524e-23
25989.7781507 4.78111601002e-11 1.44223852965e-23
26013.0040472 5.30776179577e-11 5.7309907326e-24
26036.2299437 5.4455728578e-11 3.63696111116e-23
26059.4558401 5.48589210412e-11 1.0997582684e-23
26082.6817366 5.32197997871e-11 4.7370325491e-23
26105.9076331 5.68936798894e-11 3.50101918578e-23
26129.1335295 6.18859744888e-11 3.13554592686e-24
26152.359426 5.94020171719e-11 1.08855973423e-23
26175.5853225 6.08082138846e-11 1.57489500215e-23
26198.811219 6.21839552023e-11 3.35324618098e-23
26222.0371154 6.27085744468e-11 2.02249441742e-23
26245.2630119 6.04026747133e-11 3.91876232752e-23
26268.4889084 6.00256432239e-11 3.50356388296e-23
26291.7148048 5.99847258305e-11 3.55006693679e-23
26314.9407013 5.90646740592e-11 2.56334206957e-23
26338.1665978 5.80323888662e-11 5.51844738573e-23
26361.3924942 5.68870393676e-11 4.07849516689e-23
26384.6183907 5.75335549856e-11 1.20197720416e-23
26407.8442872 5.49270726399e-11 2.66049822061e-23
26431.0701837 5.41133983642e-11 6.49993343662e-23
26454.2960801 5.56713156595e-11 2.234593527e-23
26477.5219766 5.81001009222e-11 2.3867150036e-23
26500.7478731 5.62882939442e-11 2.60854445151e-23
26523.9737695 5.52120791235e-11 2.86545278309e-23
26547.199666 5.64176530784e-11 2.34303741179e-23
26570.4255625 5.75259701364e-11 2.96396586341e-23
26593.651459 5.85024255918e-11 4.54445749922e-23
26616.8773554 5.60609712475e-11 1.43775594135e-23
26640.1032519 5.33687138347e-11 6.14048278825e-23
26663.3291484 4.87937862302e-11 2.03749165797e-23
26686.5550448 5.1470235187e-11 3.95694265674e-23
26709.7809413 5.39055927491e-11 4.44702758692e-23
26733.0068378 5.29165208176e-11 4.56893328424e-23
26756.2327343 5.42841917963e-11 1.736285248e-23
26779.4586307 5.36186421915e-11 3.00951836941e-23
26802.6845272 5.60124512828e-11 2.50963777919e-23
26825.9104237 5.56143501227e-11 2.47079621616e-23
26849.1363201 5.35233659326e-11 2.64097125497e-23
26872.3622166 5.45210977497e-11 6.83919606147e-23
26895.5881131 5.5564984587e-11 3.60854999532e-23
26918.8140095 5.92347251267e-11 4.47127698326e-23
26942.039906 5.72669631611e-11 2.92969564187e-23
26965.2658025 5.87367346509e-11 3.66016507619e-23
26988.491699 5.86686983281e-11 4.6903787488e-23
27011.7175954 5.9593638976e-11 6.93714192443e-23
27034.9434919 5.76401636497e-11 2.85249761104e-23
27058.1693884 5.69233249056e-11 1.17199467313e-22
27081.3952848 5.30682643011e-11 6.43331559303e-23
27104.6211813 5.13629294174e-11 6.40720089011e-23
27127.8470778 5.37081716087e-11 8.13408179014e-23
27151.0729743 5.25830024022e-11 6.47389016944e-24
27174.2988707 5.35834298987e-11 8.16297587449e-23
27197.5247672 4.96037406605e-11 3.01623801457e-23
27220.7506637 4.68707904959e-11 7.06750975997e-23
27243.9765601 4.89939684235e-11 1.74520666735e-23
27267.2024566 4.79298316221e-11 7.6958346535e-23
27290.4283531 4.77727237331e-11 1.39834300975e-22
27313.6542495 4.68980241251e-11 1.02718894447e-22
27336.880146 4.72008249597e-11 8.67799776759e-23
27360.1060425 4.87285776615e-11 1.00357961031e-22
27383.331939 4.69879628969e-11 6.83263494742e-23
27406.5578354 4.51377959338e-11 9.70584072242e-23
27429.7837319 4.11209679019e-11 1.78569621015e-23
27453.0096284 4.3107519735e-11 1.46143406322e-23
27476.2355248 4.55296132896e-11 3.05056881205e-23
27499.4614213 4.45196807692e-11 1.41821065375e-22
27522.6873178 4.35863415163e-11 2.94962360781e-23
27545.9132143 4.5875494175e-11 6.58635368063e-24
27569.1391107 4.67342061822e-11 3.55159915388e-24
27592.3650072 4.89277078237e-11 2.61147677058e-23
27615.5909037 4.76827678567e-11 2.52467602788e-23
27638.8168001 4.77302149429e-11 1.97875201671e-23
27662.0426966 4.59171658887e-11 8.56996326991e-24
27685.2685931 4.73877875617e-11 1.37288627259e-23
27708.4944895 4.62162089225e-11 1.61563941339e-23
27731.720386 4.42471416437e-11 2.05326003221e-23
27754.9462825 4.29709256609e-11 2.34957057157e-23
27778.172179 4.26833944467e-11 1.02124564173e-23
27801.3980754 4.21082742227e-11 3.23686989757e-23
27824.6239719 4.09492983493e-11 1.03724599543e-23
27847.8498684 3.92256196148e-11 2.46608407771e-24
27871.0757648 3.85089614653e-11 4.37646674548e-24
27894.3016613 3.58617383408e-11 2.04478031172e-24
27917.5275578 3.56475457872e-11 7.98592283436e-24
27940.7534543 3.55467075909e-11 2.07022590107e-23
27963.9793507 3.54876740576e-11 9.91818936358e-24
27987.2052472 3.49530518429e-11 8.02892743396e-24
28010.4311437 3.51666966491e-11 7.57477344591e-24
28033.6570401 3.50028374828e-11 1.29046979384e-23
28056.8829366 3.45495588468e-11 2.34760243541e-23
28080.1088331 3.36006261235e-11 2.1307669271e-23
28103.3347296 3.30686629831e-11 5.41562049776e-23
28126.560626 3.40843362426e-11 3.11565836067e-23
28149.7865225 3.2565699482e-11 3.35307739479e-23
28173.012419 3.22489703617e-11 6.94677429836e-23
28196.2383154 3.1192631582e-11 3.68027967765e-24
28219.4642119 3.20501815707e-11 1.33394762629e-22
28242.6901084 3.23046221844e-11 1.41822347504e-22
28265.9160048 3.34094064371e-11 3.04337008565e-23
28289.1419013 3.24444839299e-11 1.85526374595e-23
28312.3677978 3.43218568716e-11 1.74385513397e-23
28335.5936943 3.32760006386e-11 3.02117652718e-23
28358.8195907 3.17348542162e-11 3.66674806e-23
28382.0454872 3.38405259318e-11 3.9960722511e-24
28405.2713837 3.14015476106e-11 3.01738870508e-24
28428.4972801 3.0265918401e-11 1.16464975991e-23
28451.7231766 2.6986869052e-11 1.96459458896e-23
28474.9490731 2.59858819146e-11 2.14613771486e-23
28498.1749696 2.60140955924e-11 4.11020281289e-24
28521.400866 2.60918372411e-11 5.81023755731e-24
28544.6267625 2.47530683891e-11 1.20289160402e-23
28567.852659 2.54497227537e-11 1.99687296787e-23
28591.0785554 2.36623559474e-11 1.93328479878e-23
28614.3044519 2.34476455661e-11 1.76553480719e-23
28637.5303484 2.28825987356e-11 2.66358265553e-25
28660.7562448 2.28224585387e-11 1.55637694367e-23
28683.9821413 2.21829817492e-11 2.80142933034e-23
28707.2080378 2.12567045744e-11 2.84171967887e-23
28730.4339343 2.07781623741e-11 1.07665843873e-23
28753.6598307 2.13520152662e-11 3.29393013752e-23
28776.8857272 2.17430278896e-11 2.84303312224e-23
28800.1116237 2.17042267753e-11 2.76119063354e-23
28823.3375201 2.0925969265e-11 1.22627714566e-23
28846.5634166 1.93612601982e-11 3.53745726269e-23
28869.7893131 1.79586974863e-11 9.16346181776e-23
28893.0152096 1.80415918712e-11 1.26141189128e-22
28916.241106 1.81411099799e-11 1.08185040452e-22
28939.4670025 1.86063561635e-11 2.43405242623e-23
28962.692899 1.81353682599e-11 1.29825678025e-22
28985.9187954 1.71902289032e-11 5.03648717676e-23
29009.1446919 1.65840392627e-11 3.73304332223e-23
29032.3705884 1.67403340574e-11 1.18567362532e-22
29055.5964849 1.72639867807e-11 1.57147186078e-22
29078.8223813 1.70760429952e-11 3.41502064248e-23
29102.0482778 1.67141641718e-11 4.4442466936e-23
29125.2741743 1.72041487793e-11 6.07364489372e-23
29148.5000707 1.61460654458e-11 1.04225157032e-23
29171.7259672 1.53386362862e-11 9.36166567383e-23
29194.9518637 1.48873789962e-11 9.9236590242e-23
29218.1777601 1.36489477272e-11 6.54951260821e-23
29241.4036566 1.33928524171e-11 2.47676906422e-23
29264.6295531 1.34761504686e-11 5.21431484431e-23
29287.8554496 1.29368879664e-11 7.90257636676e-23
29311.081346 1.26273643836e-11 4.11190995884e-23
29334.3072425 1.19805386458e-11 2.80244037993e-23
29357.533139 1.16700469862e-11 2.79732387699e-23
29380.7590354 1.08948075046e-11 2.56689832184e-23
29403.9849319 1.13343062489e-11 4.58513985842e-23
29427.2108284 1.12867368717e-11 1.03802208108e-23
29450.4367249 1.12923784446e-11 2.1767180387e-23
29473.6626213 1.08467365861e-11 6.69328350952e-23
29496.8885178 1.04125174374e-11 3.14223382306e-23
29520.1144143 9.9046009774e-12 1.58419392921e-23
29543.3403107 9.96867973853e-12 1.54869487731e-23
29566.5662072 9.64222757605e-12 1.27251741618e-23
29589.7921037 9.34789719431e-12 2.63266790948e-23
29613.0180001 8.98539125064e-12 3.43672609307e-23
29636.2438966 8.91060916526e-12 4.6685613533e-23
29659.4697931 8.70536348352e-12 5.34118180187e-23
29682.6956896 8.74667518619e-12 5.24490697685e-23
29705.921586 8.65944811282e-12 3.76019768167e-23
29729.1474825 8.4396491689e-12 2.25797233271e-23
29752.373379 8.26158490214e-12 4.4997272781e-23
29775.5992754 8.6201464927e-12 2.65848669863e-23
29798.8251719 8.89945774031e-12 5.85971146112e-23
29822.0510684 8.49459950235e-12 2.77944300496e-23
29845.2769649 7.88112183028e-12 2.86998965572e-23
29868.5028613 7.54594623101e-12 5.23091179406e-23
29891.7287578 7.56823588493e-12 3.1835839866e-23
29914.9546543 7.46851275767e-12 9.19008586753e-24
29938.1805507 7.09947025658e-12 4.2475554941e-23
29961.4064472 6.31878858989e-12 1.48638693015e-23
29984.6323437 6.1495305126e-12 5.47815616071e-23
30007.8582401 5.82990078334e-12 4.98002977438e-23
30031.0841366 6.0707336556e-12 4.4918390484e-23
30054.3100331 5.62461722176e-12 4.09632343049e-23
30077.5359296 5.35796546649e-12 3.36690205181e-23
30100.761826 4.69666407457e-12 2.89562278802e-23
30123.9877225 4.7586936918e-12 4.72224333232e-23
30147.213619 4.65682017816e-12 1.39337626914e-23
30170.4395154 4.53464684483e-12 2.7757172835e-23
30193.6654119 4.35703528525e-12 2.356749975e-23
30216.8913084 4.14638688701e-12 1.79457081373e-23
30240.1172049 3.88132658254e-12 1.89069402195e-23
30263.3431013 3.73748538819e-12 1.05284181743e-23
30286.5689978 3.70530342757e-12 2.76840161953e-23
30309.7948943 3.69601927796e-12 3.56898450034e-23
30333.0207907 3.63603142049e-12 2.83817046682e-23
30356.2466872 3.51887788821e-12 1.34999985726e-23
30379.4725837 3.23039557121e-12 5.43756813239e-24
30402.6984802 3.07909077406e-12 1.89561869577e-23
30425.9243766 2.92659604254e-12 2.20409763863e-23
30449.1502731 3.22991320076e-12 2.04203581386e-23
30472.3761696 3.27113197319e-12 1.27988750833e-23
30495.602066 3.48658125594e-12 9.87950087093e-24
30518.8279625 3.5697027838e-12 2.98464486882e-23
30542.053859 3.62331711966e-12 1.09778385427e-22
30565.2797554 3.63908661508e-12 3.41945848245e-23
30588.5056519 3.74152237905e-12 8.79764036247e-23
30611.7315484 3.66378360906e-12 5.80768289252e-23
30634.9574449 3.40955102504e-12 8.58193498701e-23
30658.1833413 3.08684197396e-12 7.39755635007e-23
30681.4092378 2.64930006284e-12 2.45402847394e-23
30704.6351343 2.39382576669e-12 4.60693891339e-23
30727.8610307 2.31258781385e-12 3.7517400217e-23
30751.0869272 2.36022613355e-12 3.62723652146e-23
30774.3128237 2.26017635779e-12 4.2761175355e-23
30797.5387202 2.3217026912e-12 7.95753917821e-24
30820.7646166 2.09179156201e-12 1.82744133315e-23
30843.9905131 2.00511523104e-12 1.47070888935e-23
30867.2164096 2.07642935858e-12 5.76117520391e-24
30890.442306 2.13244458117e-12 3.3290103319e-24
30913.6682025 2.14573937174e-12 6.9169640168e-25
30936.894099 2.09531455638e-12 6.4699711477e-24
30960.1199954 2.07609936935e-12 1.55614443494e-23
30983.3458919 1.94022239106e-12 1.81489628135e-24
31006.5717884 2.00391783557e-12 1.08008404397e-23
31029.7976849 1.94050642635e-12 2.73933673416e-23
31053.0235813 1.91107281298e-12 2.0535479474e-23
31076.2494778 1.77363978119e-12 1.30910101846e-23
31099.4753743 1.72584102403e-12 5.41255712202e-24
31122.7012707 1.68277643455e-12 1.10682165895e-23
31145.9271672 1.61883240718e-12 6.9771648663e-24
31169.1530637 1.5288416286e-12 3.41298500214e-24
31192.3789602 1.49963689774e-12 6.57654944047e-24
31215.6048566 1.52584336625e-12 1.12068577747e-23
31238.8307531 1.75816258262e-12 6.34578985361e-24
31262.0566496 1.88125984573e-12 1.01466029125e-23
31285.282546 1.9721792128e-12 4.54248104991e-24
31308.5084425 1.97437821608e-12 8.61024656816e-24
31331.734339 1.96839645729e-12 7.2113074846e-24
31354.9602355 1.98295324948e-12 1.79383181946e-24
31378.1861319 1.94353481882e-12 6.46343163544e-24
31401.4120284 1.88955003312e-12 1.16544801584e-23
31424.6379249 1.795938197e-12 6.51070739369e-24
31447.8638213 1.68816350792e-12 1.59192425963e-23
31471.0897178 1.57311135471e-12 1.03555584434e-23
31494.3156143 1.52197267045e-12 6.8309620631e-24
31517.5415107 1.40258048634e-12 2.51376581542e-25
31540.7674072 1.35296384908e-12 9.17284745456e-24
31563.9933037 1.3647536177e-12 2.17205437241e-23
31587.2192002 1.41896904147e-12 7.14896380401e-24
31610.4450966 1.47844131827e-12 1.73920854494e-23
31633.6709931 1.39565731836e-12 6.98200777989e-24
31656.8968896 1.3479599283e-12 1.22666075536e-23
31680.122786 1.27309083381e-12 1.65174539892e-23
31703.3486825 1.22261006323e-12 6.58403805937e-24
31726.574579 1.22810214038e-12 1.93646529904e-23
31749.8004755 1.2283994331e-12 8.342462326e-24
31773.0263719 1.29850896616e-12 1.05156133515e-23
31796.2522684 1.29978488074e-12 1.62938204445e-23
31819.4781649 1.25182850843e-12 5.52748121324e-24
31842.7040613 1.27102671379e-12 1.76532903677e-23
31865.9299578 1.20423160529e-12 2.16343087585e-23
31889.1558543 1.22155418481e-12 9.90075642595e-24
31912.3817507 1.11375235439e-12 2.80345692321e-23
31935.6076472 1.13341484821e-12 1.11342865497e-23
31958.8335437 1.16830810507e-12 1.63442842683e-23
31982.0594402 1.1649047911e-12 9.47069449131e-24
32005.2853366 1.14147433013e-12 1.72346170981e-23
32028.5112331 1.14637043663e-12 5.95883886195e-24
32051.7371296 1.12624496564e-12 9.99566671506e-24
32074.963026 1.13042356245e-12 2.4510655551e-23
32098.1889225 1.04746911922e-12 2.60519091569e-23
32121.414819 1.00231352389e-12 2.86600576797e-23
32144.6407155 1.03490706924e-12 8.25389804222e-24
32167.8666119 1.00914987392e-12 1.03653645589e-23
32191.0925084 9.52964275299e-13 1.51709663949e-23
32214.3184049 9.35024347479e-13 3.32162517827e-24
32237.5443013 9.26143236588e-13 1.94833871284e-23
32260.7701978 9.0670896365e-13 1.82389689499e-23
32283.9960943 8.93718714186e-13 1.12952619302e-23
32307.2219907 9.44632491163e-13 1.9504038422e-23
32330.4478872 9.21579515768e-13 1.00994121857e-23
32353.6737837 9.38401499595e-13 2.72873875811e-23
32376.8996802 9.17666239973e-13 1.53398131687e-23
32400.1255766 9.33293450598e-13 1.27687090129e-23
32423.3514731 9.15015411407e-13 2.62700206417e-23
32446.5773696 8.77911965517e-13 3.34205542388e-23
32469.803266 8.91428298721e-13 1.6676595213e-23
32493.0291625 8.57681329208e-13 1.24867511195e-23
32516.255059 8.34228038199e-13 1.82430616605e-23
32539.4809555 8.6828491605e-13 2.95219417286e-23
32562.7068519 8.08984937173e-13 1.62189868819e-23
32585.9327484 8.43972747695e-13 1.76230022428e-23
32609.1586449 7.73465560713e-13 1.56676362739e-23
32632.3845413 7.31974227679e-13 3.88644691956e-23
32655.6104378 7.08633237118e-13 3.80345610184e-23
32678.8363343 6.84565577676e-13 3.19139347031e-23
32702.0622308 6.63797252309e-13 3.13806482183e-23
32725.2881272 6.73894240013e-13 2.11575844472e-23
32748.5140237 6.69081740346e-13 2.94808963135e-23
32771.7399202 6.92268453601e-13 3.91184342463e-23
32794.9658166 6.59581464227e-13 2.07808834796e-23
32818.1917131 6.64087158811e-13 3.23471591109e-23
32841.4176096 6.59035448945e-13 1.42836694755e-23
32864.643506 6.79797025784e-13 2.54067941054e-23
32887.8694025 6.74427800934e-13 4.32075862438e-23
32911.095299 6.79462650829e-13 2.59469833806e-23
32934.3211955 6.9313880708e-13 4.30808152583e-23
32957.5470919 6.80525981991e-13 2.91363947153e-23
32980.7729884 6.76281977686e-13 4.20083417495e-23
33003.9988849 6.76124430217e-13 3.29420239264e-23
33027.2247813 6.45595207007e-13 2.27721395312e-23
33050.4506778 6.26301127917e-13 6.63706200051e-23
33073.6765743 6.23715263018e-13 1.6802799956e-23
33096.9024708 5.9983244794e-13 5.23405393732e-23
33120.1283672 5.67022607844e-13 5.69597679833e-23
33143.3542637 5.44944361258e-13 4.35063165789e-23
33166.5801602 5.21196557739e-13 3.63733881444e-23
33189.8060566 5.03841515355e-13 1.3739213896e-23
33213.0319531 4.84592548261e-13 5.76306930976e-23
33236.2578496 4.76703685639e-13 8.32326062372e-23
33259.483746 4.58470413436e-13 5.50072662621e-23
33282.7096425 4.57758917516e-13 5.81897061732e-23
33305.935539 4.63556672601e-13 1.92584926466e-23
33329.1614355 4.56409629724e-13 5.81070694277e-23
33352.3873319 4.6825079912e-13 7.9422677431e-23
33375.6132284 4.54570767032e-13 3.46594331541e-23
33398.8391249 4.278037586e-13 8.57699567224e-23
33422.0650213 4.20178956227e-13 1.15445490628e-23
33445.2909178 4.20058257303e-13 4.44984693687e-23
33468.5168143 3.99012934808e-13 6.9941076235e-23
33491.7427108 3.99360675091e-13 5.218224121e-23
33514.9686072 3.84257929384e-13 5.60688499473e-23
33538.1945037 3.82292208038e-13 4.40975003862e-23
33561.4204002 3.81701138083e-13 3.74981990637e-23
33584.6462966 3.77191134049e-13 9.79133775423e-23
33607.8721931 3.69732627076e-13 2.71495320951e-23
33631.0980896 3.39512556417e-13 6.13456179296e-23
33654.3239861 3.33314041272e-13 3.81574852522e-23
33677.5498825 3.22889095755e-13 6.54697084649e-23
33700.775779 3.11603465958e-13 3.80283570188e-23
33724.0016755 3.06256690596e-13 4.45829070917e-23
33747.2275719 2.92000876107e-13 7.11334885389e-23
33770.4534684 2.77452403746e-13 7.6433827298e-23
33793.6793649 2.67319239544e-13 1.48652573089e-23
33816.9052613 2.71766242015e-13 4.26613764909e-23
33840.1311578 2.61981269874e-13 5.31890086102e-23
33863.3570543 2.69232947177e-13 9.95938128553e-23
33886.5829508 2.61131355012e-13 5.20535995928e-23
33909.8088472 2.54547507775e-13 4.36316022223e-23
33933.0347437 2.46455768437e-13 1.05551025687e-23
33956.2606402 2.4987705492e-13 8.22519005458e-23
33979.4865366 2.38571356001e-13 6.50572197204e-23
34002.7124331 2.30166161305e-13 5.5781321463e-23
34025.9383296 2.29707873412e-13 5.90563603176e-23
34049.1642261 2.30071377163e-13 6.47243556439e-23
34072.3901225 2.26210616216e-13 6.84182808027e-23
34095.616019 2.14691784658e-13 7.49245017081e-23
34118.8419155 2.10177894007e-13 9.24826114243e-23
34142.0678119 2.02287698892e-13 5.29420152565e-23
34165.2937084 1.91852645454e-13 6.6273601118e-23
34188.5196049 1.8563972271e-13 5.62986633365e-23
34211.7455013 1.7891668318e-13 7.41616530946e-23
34234.9713978 1.82002316623e-13 3.63960222383e-23
34258.1972943 1.77816640578e-13 2.27676203445e-23
34281.4231908 1.70099386779e-13 6.88259341704e-23
34304.6490872 1.67522596206e-13 8.53023735879e-23
34327.8749837 1.71201056029e-13 1.04668790062e-22
34351.1008802 1.70599139508e-13 5.80272085024e-23
34374.3267766 1.56060811776e-13 1.18324678368e-22
34397.5526731 1.52776274614e-13 3.49546924544e-23
34420.7785696 1.51425408397e-13 4.34882312572e-23
34444.0044661 1.53972650131e-13 8.1563578313e-23
34467.2303625 1.50024646526e-13 7.04683125207e-23
34490.456259 1.42162323132e-13 1.12748667375e-22
34513.6821555 1.42122426304e-13 5.70102735632e-23
34536.9080519 1.37252924009e-13 1.09782589289e-22
34560.1339484 1.30549553149e-13 1.03143837639e-22
34583.3598449 1.23752812525e-13 7.99063477464e-23
34606.5857413 1.21563674476e-13 1.23917203188e-22
34629.8116378 1.14429976788e-13 5.03034115602e-23
34653.0375343 1.10256281118e-13 9.39370382541e-23
34676.2634308 1.05906979928e-13 8.91666779645e-23
34699.4893272 1.02440700682e-13 5.99425830834e-23
34722.7152237 1.03958075375e-13 1.04220882079e-22
34745.9411202 1.03619331377e-13 4.22628516605e-23
34769.1670166 1.01455546535e-13 9.8875249706e-23
34792.3929131 9.72580602668e-14 1.76710494753e-22
34815.6188096 9.18462533948e-14 6.45402438305e-23
34838.8447061 8.61723750442e-14 1.32725478993e-22
34862.0706025 8.33506538947e-14 4.71356525026e-23
34885.296499 8.04106069563e-14 9.16171657537e-23
34908.5223955 7.37171113171e-14 1.5242843074e-22
34931.7482919 6.7620995987e-14 1.26152227065e-22
34954.9741884 6.45720256886e-14 1.31888223697e-22
34978.2000849 6.09757846283e-14 4.58000735029e-23
35001.4259814 5.63206196992e-14 1.33895143699e-22
35024.6518778 5.18475030053e-14 1.32373341921e-22
35047.8777743 5.05435266765e-14 3.165333076e-23
35071.1036708 4.76264157151e-14 1.05352003442e-22
35094.3295672 4.63909914998e-14 2.24523912301e-23
35117.5554637 4.48124059848e-14 8.99847417689e-23
35140.7813602 4.58370163098e-14 1.65917862172e-22
35164.0072566 4.48921010352e-14 6.77891651328e-23
35187.2331531 4.22202435344e-14 8.67890449445e-23
35210.4590496 4.13619469636e-14 9.2609730519e-23
35233.6849461 3.94392042538e-14 1.00922186328e-22
35256.9108425 3.71991002006e-14 1.55389153275e-22
35280.136739 3.30660967516e-14 5.8017043775e-23
35303.3626355 3.05698522379e-14 1.09213593821e-22
35326.5885319 2.93933079255e-14 4.44094238122e-23
35349.8144284 2.79682557331e-14 1.20352411435e-22
35373.0403249 2.53689357003e-14 4.30654118843e-23
35396.2662214 2.43325987101e-14 1.06679886658e-22
35419.4921178 2.42036203554e-14 1.31565653255e-22
35442.7180143 2.16475628458e-14 7.42635629035e-23
35465.9439108 2.13492855623e-14 1.14720999648e-22
35489.1698072 2.26199452125e-14 5.55982188224e-23
35512.3957037 2.31872531141e-14 7.21531800063e-23
35535.6216002 2.51004336104e-14 1.68226798873e-22
35558.8474966 2.57897043274e-14 8.23804516163e-23
35582.0733931 2.77421314318e-14 1.03383845547e-22
35605.2992896 3.01999133961e-14 6.00886516725e-23
35628.5251861 3.03197306238e-14 5.13405791512e-23
35651.7510825 3.08422172613e-14 1.25152808731e-22
35674.976979 3.13091814746e-14 6.14015496774e-23
35698.2028755 3.20510592398e-14 1.12719131346e-22
35721.4287719 2.98642311817e-14 1.01423434036e-22
35744.6546684 2.77714584596e-14 6.80637226087e-23
35767.8805649 2.79672796434e-14 1.50336434071e-22
35791.1064614 2.91465764237e-14 4.91990292645e-23
35814.3323578 2.8693457235e-14 7.25224944577e-23
35837.5582543 2.8724171602e-14 5.94532677886e-23
35860.7841508 2.98981601221e-14 1.00279883554e-22
35884.0100472 3.11670968674e-14 1.27183045402e-22
35907.2359437 3.27984986598e-14 5.05539202185e-23
35930.4618402 3.39501946448e-14 1.24868541329e-22
35953.6877366 3.44370118266e-14 8.35633601276e-23
35976.9136331 3.47928788714e-14 7.59366846321e-23
36000.1395296 3.52546002878e-14 1.22692029657e-22
36023.3654261 3.4760621146e-14 4.74883308763e-23
36046.5913225 3.52495648183e-14 1.20090114592e-22
36069.817219 3.43231027115e-14 6.20825690289e-23
36093.0431155 3.32813165093e-14 8.35755416655e-23
36116.2690119 3.23629357312e-14 1.37688739638e-22
36139.4949084 3.26985465025e-14 6.40002999908e-23
36162.7208049 3.09326614276e-14 6.69067269706e-23
36185.9467014 2.96447497184e-14 2.69160621831e-23
36209.1725978 2.88013097244e-14 7.460254075e-23
36232.3984943 2.82425605925e-14 1.18706630371e-22
36255.6243908 2.7369237419e-14 7.34457849592e-23
36278.8502872 2.52844659787e-14 6.60617901151e-23
36302.0761837 2.46062922461e-14 6.34038345086e-23
36325.3020802 2.44429617708e-14 8.25170390391e-23
36348.5279767 2.3939541577e-14 7.66420845694e-23
36371.7538731 2.35987268239e-14 5.9399113384e-23
36394.9797696 2.13577508421e-14 5.36953706137e-23
36418.2056661 1.95920762313e-14 7.55919244437e-23
36441.4315625 1.72991950939e-14 8.66432414785e-23
36464.657459 1.59660938409e-14 8.68577405887e-23
36487.8833555 1.46028846643e-14 4.89892791895e-23
36511.1092519 1.26983584017e-14 6.38303866331e-23
36534.3351484 1.04361156921e-14 7.53398679117e-23
36557.5610449 8.24956938552e-15 7.25308949326e-23
36580.7869414 5.94125291338e-15 8.18378080959e-23
36604.0128378 4.76484959352e-15 6.55239907308e-23
36627.2387343 3.99666672435e-15 8.39889763989e-23
36650.4646308 3.62882148035e-15 3.02435533009e-23
36673.6905272 4.05127408739e-15 7.31187529549e-23
36696.9164237 4.19261604513e-15 8.70122982251e-23
36720.1423202 4.3362467115e-15 8.61596936814e-23
36743.3682167 4.29239512873e-15 7.02470770283e-23
36766.5941131 3.87434945402e-15 4.48275912144e-23
36789.8200096 3.7734861507e-15 2.1072954181e-23
36813.0459061 3.69784501251e-15 6.45934089222e-23
36836.2718025 3.86254669386e-15 5.66969129154e-23
36859.497699 4.54292567459e-15 7.65287558989e-23
36882.7235955 5.5274677207e-15 3.28524007238e-23
36905.9494919 6.47596160549e-15 7.22088544213e-23
36929.1753884 7.61901690289e-15 6.12163254266e-23
36952.4012849 8.40791741665e-15 5.56500209894e-23
36975.6271814 8.96034369257e-15 5.2416612777e-23
36998.8530778 9.46850089392e-15 9.15095154813e-24
37022.0789743 9.69705575683e-15 5.88931561133e-23
37045.3048708 9.85990274734e-15 2.55309888294e-23
37068.5307672 9.94825326009e-15 4.13334492598e-23
37091.7566637 9.52767484308e-15 6.49399055231e-23
37114.9825602 9.10014695542e-15 2.70281062134e-23
37138.2084567 8.38959057727e-15 3.59241787244e-23
37161.4343531 7.86031090384e-15 1.8815524046e-23
37184.6602496 7.10593069232e-15 3.96550984642e-23
37207.8861461 6.3851506854e-15 4.43846712782e-23
37231.1120425 5.74374229427e-15 2.53640434617e-23
37254.337939 5.52685329579e-15 5.79201768503e-23
37277.5638355 5.40971761787e-15 1.34026804052e-23
37300.789732 5.68135592484e-15 2.45136547759e-23
37324.0156284 5.77910471519e-15 3.2071998191e-23
37347.2415249 6.24951979865e-15 1.12399548307e-23
37370.4674214 6.66987088846e-15 3.45658909211e-23
37393.6933178 6.94165005207e-15 3.77830276696e-24
37416.9192143 7.10840599446e-15 3.85778965139e-23
37440.1451108 7.66237207216e-15 5.14575283635e-23
37463.3710072 7.91376158353e-15 2.14580854596e-23
37486.5969037 8.51074085619e-15 2.15227589094e-23
37509.8228002 8.68448088838e-15 4.26594347364e-23
37533.0486967 9.15701102348e-15 3.46640508027e-23
37556.2745931 9.25258531469e-15 3.3620143035e-23
37579.5004896 9.26592440341e-15 3.13087695391e-23
37602.7263861 9.05861338557e-15 6.7567241363e-23
37625.9522825 8.64859161734e-15 6.11046186483e-24
37649.178179 8.15481759096e-15 1.90790614398e-23
37672.4040755 7.52035124515e-15 3.36453361317e-23
37695.629972 6.89924361506e-15 3.80503431554e-23
37718.8558684 6.28894572242e-15 1.06504332153e-23
37742.0817649 6.04451989476e-15 1.06370662603e-23
37765.3076614 5.68921146427e-15 5.51780986643e-24
37788.5335578 5.82427440218e-15 1.94781605951e-23
37811.7594543 5.99995059798e-15 2.44436093944e-23
37834.9853508 6.42049398422e-15 2.31480839171e-23
37858.2112472 6.85592197417e-15 6.4276798898e-24
37881.4371437 7.33202406135e-15 1.56066832343e-23
37904.6630402 7.59029938887e-15 2.47459550824e-23
37927.8889367 7.97569955348e-15 1.54005006399e-23
37951.1148331 8.28983553576e-15 3.45945751086e-23
37974.3407296 8.31572141776e-15 1.3793159216e-23
37997.5666261 8.11908188478e-15 1.84663545523e-23
38020.7925225 7.76463893756e-15 2.21755429397e-23
38044.018419 7.43072468401e-15 2.24615926694e-23
38067.2443155 6.99681481816e-15 1.66135791932e-23
38090.470212 6.54447070757e-15 7.21284525693e-24
38113.6961084 6.09894298038e-15 1.83456372339e-23
38136.9220049 5.45798306581e-15 2.04181557723e-23
38160.1479014 4.92848557369e-15 2.02888617665e-23
38183.3737978 4.43314624788e-15 6.53107562731e-24
38206.5996943 3.98101061911e-15 7.4853967088e-24
38229.8255908 3.7354838536e-15 1.48611224315e-23
38253.0514872 3.55246921488e-15 1.33431020334e-23
38276.2773837 3.47940639435e-15 1.51748411488e-23
38299.5032802 3.5734672499e-15 1.33877012771e-23
38322.7291767 3.88357207413e-15 4.93696038756e-24
38345.9550731 4.43757179625e-15 2.2300605962e-23
38369.1809696 5.01749862745e-15 1.61864813287e-23
38392.4068661 5.62178577401e-15 2.21999902942e-23
38415.6327625 6.19962836454e-15 2.62108772491e-23
38438.858659 6.75660836419e-15 4.3756669224e-24
38462.0845555 7.29166721255e-15 1.01000037234e-23
38485.310452 7.72455499339e-15 1.74100307862e-23
38508.5363484 8.11887943887e-15 7.31919651714e-24
38531.7622449 8.35635211803e-15 1.79365484046e-23
38554.9881414 8.48425366934e-15 6.50039782124e-24
38578.2140378 8.51500373624e-15 1.86828087513e-23
38601.4399343 8.4143322383e-15 4.75875362e-24
38624.6658308 8.15998881598e-15 2.338891332e-23
38647.8917273 7.79233562975e-15 1.0705657737e-23
38671.1176237 7.3351889643e-15 9.65571751234e-24
38694.3435202 6.86460671305e-15 1.02972555289e-23
38717.5694167 6.40146193217e-15 7.64497727947e-24
38740.7953131 6.0156656429e-15 4.33443813835e-24
38764.0212096 5.78130740984e-15 1.9482527729e-23
38787.2471061 5.69427020568e-15 1.09586675275e-23
38810.4730025 5.82045467761e-15 3.63323258327e-23
38833.698899 6.16093717876e-15 1.1781264797e-24
38856.9247955 6.59954522989e-15 2.29524710381e-23
38880.150692 7.09078419197e-15 2.98406629439e-23
38903.3765884 7.58895199696e-15 1.0203057763e-23
38926.6024849 8.12066607913e-15 1.85206772682e-23
38949.8283814 8.58226541154e-15 1.77987482842e-23
38973.0542778 8.92801740939e-15 1.38555739195e-23
38996.2801743 9.11261943816e-15 1.30614807249e-23
39019.5060708 9.18707733957e-15 5.67950741841e-24
39042.7319673 9.0789899871e-15 5.27787617014e-24
39065.9578637 8.90059155513e-15 5.55908988683e-24
39089.1837602 8.57925579802e-15 1.49243724281e-23
39112.4096567 8.15405672426e-15 2.20674322498e-24
39135.6355531 7.62697455508e-15 6.75117694411e-24
39158.8614496 7.0624176842e-15 1.54752494045e-23
39182.0873461 6.50946783994e-15 8.1843280924e-24
39205.3132425 5.9775455651e-15 1.25748560849e-23
39228.539139 5.55656653609e-15 1.53809030396e-23
39251.7650355 5.27581185241e-15 1.32885317673e-23
39274.990932 5.17416787103e-15 3.46088656968e-23
39298.2168284 5.28177665204e-15 5.88083543677e-24
39321.4427249 5.53378911444e-15 6.54106521833e-24
39344.6686214 5.88530049481e-15 9.99851597429e-24
39367.8945178 6.3296973062e-15 1.80048529521e-23
39391.1204143 6.75731961785e-15 2.16011539664e-23
39414.3463108 7.12445651278e-15 6.76508409334e-24
39437.5722073 7.44150919937e-15 3.31203039851e-23
39460.7981037 7.70089964565e-15 4.28196221215e-23
39484.0240002 7.84759546834e-15 4.54046205735e-24
39507.2498967 7.87630653684e-15 4.21962710293e-23
39530.4757931 7.81936929513e-15 1.11776896837e-23
39553.7016896 7.6637749543e-15 1.56650957031e-23
39576.9275861 7.40546386323e-15 9.96628080104e-24
39600.1534826 7.04299005593e-15 1.05071175441e-23
39623.379379 6.63576693118e-15 1.25586089896e-23
39646.6052755 6.15195372972e-15 1.75956313891e-23
39669.831172 5.65975779528e-15 3.58293293818e-23
39693.0570684 5.16497864698e-15 6.84833858207e-23
39716.2829649 4.69268708202e-15 4.95502211409e-23
39739.5088614 4.29926698938e-15 6.72813811058e-23
39762.7347578 4.04464810173e-15 2.48909373313e-23
39785.9606543 3.97651832603e-15 1.1870401386e-22
39809.1865508 4.10181055625e-15 2.0162883592e-22
39832.4124473 4.39498231393e-15 4.627881865e-23
39855.6383437 4.80569143009e-15 1.68666686999e-22
39878.8642402 5.26837896158e-15 7.86933957521e-23
39902.0901367 5.75210081165e-15 1.36933105386e-22
39925.3160331 6.22164944869e-15 2.69135150334e-22
39948.5419296 6.65370546948e-15 1.46266618494e-22
39971.7678261 7.00300218107e-15 1.44371944743e-22
39994.9937226 7.2922078437e-15 6.72027009874e-23
40018.219619 7.47141151181e-15 2.04632273353e-23
40041.4455155 7.55107879852e-15 8.42031471198e-23
40064.671412 7.51678072041e-15 3.51416119991e-23
40087.8973084 7.38412241203e-15 5.63140622203e-23
40111.1232049 7.16332365062e-15 2.71061409357e-23
40134.3491014 6.86006005332e-15 3.52118487612e-23
40157.5749978 6.47547493427e-15 1.15083362688e-22
40180.8008943 6.04017759025e-15 3.45005460301e-23
40204.0267908 5.60539317826e-15 6.10451666184e-23
40227.2526873 5.21506825265e-15 3.24266310322e-23
40250.4785837 4.90048254495e-15 2.68333307538e-23
40273.7044802 4.72726106231e-15 1.00348677044e-23
40296.9303767 4.73786383107e-15 3.21673945192e-23
40320.1562731 4.93894044836e-15 6.01871884945e-23
40343.3821696 5.28652878579e-15 2.5299345155e-23
40366.6080661 5.74771766206e-15 7.11317379742e-23
40389.8339626 6.26650383749e-15 4.28060496944e-23
40413.059859 6.78685678137e-15 5.26838573654e-23
40436.2857555 7.27053707756e-15 1.16708858054e-22
40459.511652 7.6842984138e-15 8.16700396365e-23
40482.7375484 8.02003215859e-15 1.01200789053e-22
40505.9634449 8.24672604275e-15 4.57371716466e-23
40529.1893414 8.3628594885e-15 1.0443140562e-22
40552.4152378 8.3536961154e-15 8.99346444575e-23
40575.6411343 8.2307860627e-15 2.50352208805e-23
40598.8670308 7.99396085838e-15 7.14417601213e-23
40622.0929273 7.65511028825e-15 1.94340180043e-23
40645.3188237 7.23407061008e-15 4.85830232728e-23
40668.5447202 6.75318965186e-15 9.37988919363e-23
40691.7706167 6.25475395893e-15 5.54230873089e-23
40714.9965131 5.76908839328e-15 1.24355947408e-22
40738.2224096 5.35067183105e-15 6.21640765737e-23
40761.4483061 5.056749046e-15 3.34256056044e-23
40784.6742026 4.93265143337e-15 8.19131473514e-23
40807.900099 4.99625193266e-15 9.45574805175e-23
40831.1259955 5.22798540077e-15 1.50059480739e-22
40854.351892 5.59018742259e-15 5.34452883245e-23
40877.5777884 6.02252018484e-15 5.89303070863e-23
40900.8036849 6.47933857889e-15 8.48120313312e-23
40924.0295814 6.91311640127e-15 4.5657911247e-23
40947.2554779 7.29665113862e-15 1.03000421076e-22
40970.4813743 7.60372412838e-15 5.49125736985e-23
40993.7072708 7.81642053902e-15 8.71543945724e-23
41016.9331673 7.92118020662e-15 1.49007151956e-22
41040.1590637 7.91681550814e-15 7.04516694842e-23
41063.3849602 7.80753756221e-15 2.05043022999e-22
41086.6108567 7.58943760228e-15 8.24634120908e-23
41109.8367531 7.28016412517e-15 1.11482416991e-22
41133.0626496 6.88857338061e-15 1.55657108484e-22
41156.2885461 6.43419434082e-15 8.78365316537e-23
41179.5144426 5.94434308267e-15 1.56761823887e-22
41202.740339 5.45547769614e-15 7.943079259e-23
41225.9662355 5.00960448085e-15 1.33396064728e-22
41249.192132 4.6588260538e-15 2.67636609556e-22
41272.4180284 4.44937793026e-15 7.43765295175e-23
41295.6439249 4.41918559383e-15 2.0292128766e-22
41318.8698214 4.5689194308e-15 7.88985092342e-23
41342.0957179 4.86914833986e-15 1.6964098543e-22
41365.3216143 5.26919482907e-15 2.29077627721e-22
41388.5475108 5.71950586836e-15 8.6981297987e-23
41411.7734073 6.17661535177e-15 2.49461724684e-22
41434.9993037 6.60076677397e-15 1.0808213838e-22
41458.2252002 6.97375223307e-15 2.03942169563e-22
41481.4510967 7.27100367447e-15 3.81221042611e-22
41504.6769931 7.47929418422e-15 1.03936264385e-22
41527.9028896 7.58904200888e-15 3.58576516221e-22
41551.1287861 7.59803812488e-15 9.35542763956e-23
41574.3546826 7.50591661876e-15 1.88806047516e-22
41597.580579 7.31393022723e-15 3.60513267477e-22
41620.8064755 7.03085203696e-15 1.17863819645e-22
41644.032372 6.66973063212e-15 9.60033473885e-23
41667.2582684 6.25040177355e-15 4.41546503209e-24
41690.4841649 5.79859768351e-15 3.29196993792e-23
41713.7100614 5.34848147898e-15 7.88447190943e-23
41736.9359579 4.942133785e-15 2.70274808292e-23
41760.1618543 4.63272285982e-15 5.75357776511e-23
41783.3877508 4.47009039131e-15 1.41807690959e-23
41806.6136473 4.48910121635e-15 8.21073669873e-23
41829.8395437 4.68769581185e-15 6.09714419989e-23
41853.0654402 5.03340069754e-15 4.99043651893e-23
41876.2913367 5.47659622148e-15 4.28596838161e-23
41899.5172332 5.96516326343e-15 3.15437659775e-23
41922.7431296 6.45770535941e-15 4.09286840765e-23
41945.9690261 6.916294761e-15 7.59646236916e-24
41969.1949226 7.31094953142e-15 1.03671323568e-23
41992.420819 7.62248935577e-15 5.41849200271e-24
42015.6467155 7.83792253255e-15 9.78208018512e-24
42038.872612 7.94564546302e-15 2.90987480989e-23
42062.0985084 7.94386511738e-15 8.48262791939e-24
42085.3244049 7.83085797551e-15 1.04811110157e-23
42108.5503014 7.61157704326e-15 1.95014878951e-23
42131.7761979 7.29766821739e-15 1.07688958835e-23
42155.0020943 6.90784508813e-15 5.5499442915e-23
42178.2279908 6.4646127592e-15 5.83885133161e-23
42201.4538873 5.99841846878e-15 8.69537315472e-23
42224.6797837 5.5510387801e-15 1.6938590387e-22
42247.9056802 5.17392050801e-15 9.72885972715e-23
42271.1315767 4.91833948268e-15 2.3286930115e-22
