# 1:freq 2:Re 3:Im
23.2258964707 3.2241993523e-06 1.29037731588e-20
46.4517929414 2.16267995073e-06 6.38815327325e-21
69.6776894121 1.64236197768e-06 6.02064728541e-21
92.9035858828 1.44459595384e-06 7.47053884591e-21
116.129482354 1.07956357301e-06 1.56292431223e-21
139.355378824 6.54555783428e-07 3.62782407093e-21
162.581275295 5.58686299653e-07 4.23706346685e-21
185.807171766 4.08292780394e-07 1.3812701047e-20
209.033068236 4.15067967394e-07 4.46832476195e-21
232.258964707 1.83845314765e-07 5.45222359373e-21
255.484861178 4.82574956646e-07 7.83508705529e-21
278.710757648 1.15884003602e-06 5.50104545122e-22
301.936654119 1.55851997791e-06 5.77022476855e-21
325.16255059 1.61650120184e-06 5.43535738757e-21
348.388447061 1.39236297033e-06 4.70786729273e-21
371.614343531 1.40609248597e-06 9.92014571023e-22
394.840240002 2.26723870748e-06 4.13823542607e-21
418.066136473 2.9182543829e-06 2.32307359569e-21
441.292032943 2.46121238505e-06 6.69621208393e-21
464.517929414 1.3247271506e-06 2.05997673737e-21
487.743825885 1.65197086824e-06 3.1301349568e-21
510.969722355 3.13009921272e-06 7.75628636289e-21
534.195618826 3.96861834947e-06 1.26250324797e-20
557.421515297 3.54491673902e-06 3.34633152905e-21
580.647411768 2.17968726409e-06 4.63612511418e-21
603.873308238 2.86757293988e-06 4.04014170216e-21
627.099204709 5.17976833949e-06 9.16939754974e-21
650.32510118 7.07988684986e-06 4.72810751928e-21
673.55099765 6.32913215425e-06 1.28454002265e-20
696.776894121 4.27414657573e-06 5.35555624566e-21
720.002790592 1.41369152266e-06 1.62183198189e-20
743.228687063 1.86166941483e-06 1.36477674851e-20
766.454583533 5.74126471528e-06 6.13818435943e-21
789.680480004 8.33071408134e-06 1.58278230757e-20
812.906376475 9.88782402046e-06 1.1116542851e-20
836.132272945 9.84294607361e-06 1.17876339151e-21
859.358169416 1.21738783121e-05 7.80949699383e-21
882.584065887 1.49308060611e-05 1.37652698368e-20
905.809962357 1.41716131069e-05 1.10115407692e-20
929.035858828 1.33475505363e-05 6.90183316393e-21
952.261755299 1.2170629091e-05 1.16224850298e-20
975.48765177 1.39053983311e-05 2.74827368231e-21
998.71354824 1.53128209481e-05 1.34370691366e-20
1021.93944471 1.56061008087e-05 1.18852764559e-21
1045.16534118 1.49698563761e-05 3.19208858157e-21
1068.39123765 1.523517061e-05 1.6147771936e-21
1091.61713412 1.80015084006e-05 7.87692894041e-21
1114.84303059 1.85859182341e-05 4.21455767286e-21
1138.06892706 1.81438727706e-05 6.63751589302e-21
1161.29482354 2.17132156918e-05 3.22594160507e-21
1184.52072001 2.16705966272e-05 2.4593603475e-21
1207.74661648 2.12625363089e-05 7.92368756003e-21
1230.97251295 1.8302384077e-05 1.31073191737e-20
1254.19840942 1.72165523025e-05 2.86441559121e-21
1277.42430589 1.46428747508e-05 1.07528305878e-20
1300.65020236 1.09717486583e-05 4.500127753e-21
1323.87609883 6.13167901911e-06 1.0636089582e-20
1347.1019953 3.8511638405e-06 5.42723597064e-21
1370.32789177 3.4084190311e-06 3.38469657189e-21
1393.55378824 6.55535710556e-06 2.64361156381e-21
1416.77968471 9.39391525365e-06 4.46665104819e-21
1440.00558118 7.66593001118e-06 1.21499644337e-20
1463.23147765 6.48920447511e-06 5.83102233068e-21
1486.45737413 1.0590305545e-05 5.90407686445e-21
1509.6832706 1.06588360291e-05 4.42114102006e-21
1532.90916707 7.84109916198e-06 1.38803826378e-21
1556.13506354 5.50425991475e-06 6.83180822751e-21
1579.36096001 6.1879590499e-06 4.20609916301e-21
1602.58685648 8.49388263118e-06 2.17552074172e-21
1625.81275295 7.08764824293e-06 7.54859149799e-21
1649.03864942 4.22597619144e-06 5.06150433166e-21
1672.26454589 5.11800787546e-06 5.97887615072e-22
1695.49044236 6.90238100398e-06 3.62779910723e-21
1718.71633883 8.47113949099e-06 2.83251253559e-21
1741.9422353 4.14153894361e-06 2.41830612908e-21
1765.16813177 5.15390071334e-06 2.80197415338e-21
1788.39402824 7.94790705453e-06 5.03966198395e-21
1811.61992471 8.91633855222e-06 2.26990423109e-21
1834.84582119 4.0763976076e-06 2.82919471316e-21
1858.07171766 4.16507171186e-06 5.73845174976e-21
1881.29761413 8.12778557716e-06 5.80488934181e-21
1904.5235106 8.90097196828e-06 3.77119480683e-22
1927.74940707 4.83181300142e-06 1.80378471445e-21
1950.97530354 2.14334486356e-06 1.05676383377e-21
1974.20120001 5.85549918055e-06 2.79384372724e-21
1997.42709648 9.09817028264e-06 3.02456434751e-21
2020.65299295 7.99418505328e-06 7.93601868268e-22
2043.87888942 6.00219604471e-06 1.09292405645e-21
2067.10478589 8.54301024114e-06 4.71080869629e-21
2090.33068236 1.20466936212e-05 1.95618868541e-21
2113.55657883 1.28889196061e-05 4.96454770007e-21
2136.7824753 6.41478625633e-06 1.64735207002e-21
2160.00837178 7.95861807946e-06 1.86870492888e-21
2183.23426825 9.02844064357e-06 3.70177476592e-21
2206.46016472 8.31586302128e-06 1.41115545584e-21
2229.68606119 3.12877781371e-06 1.340516426e-21
2252.91195766 1.78409863202e-06 7.5733285807e-22
2276.13785413 4.85397685065e-06 3.17538897658e-21
2299.3637506 5.4190553217e-06 1.57091409423e-21
2322.58964707 3.49930668529e-06 2.91169382777e-21
2345.81554354 6.74298287726e-06 4.85135264238e-23
2369.04144001 2.07143678148e-06 2.50643325333e-21
2392.26733648 3.61396696645e-06 3.18449601126e-21
2415.49323295 8.31839471799e-06 8.24791291914e-22
2438.71912942 8.82788000933e-06 2.61567080819e-21
2461.94502589 4.35046955025e-06 2.53281768403e-21
2485.17092237 3.68912622921e-06 9.29704235099e-22
2508.39681884 7.9680644804e-06 1.7855532362e-21
2531.62271531 8.75839228577e-06 2.42508573848e-21
2554.84861178 5.68691745563e-06 1.70911480604e-21
2578.07450825 7.48308047382e-07 2.74601825908e-21
2601.30040472 5.61603862103e-06 2.58224084537e-21
2624.52630119 7.931810744e-06 1.33783396244e-21
2647.75219766 6.05266494906e-06 1.90489721347e-21
2670.97809413 2.38170879351e-06 1.88694694475e-21
2694.2039906 2.7373409072e-06 1.50556956248e-21
2717.42988707 5.14020851793e-06 3.82320383969e-21
2740.65578354 6.03896965954e-06 6.5839232261e-22
2763.88168001 4.88283908342e-06 8.40685680757e-22
2787.10757648 3.17899505969e-06 1.24096234689e-21
2810.33347296 2.54658292646e-06 2.39944387899e-21
2833.55936943 4.76624858952e-06 1.17304557732e-21
2856.7852659 6.13472298247e-06 1.03893171306e-21
2880.01116237 5.1927025778e-06 1.47241693648e-21
2903.23705884 2.35893447799e-06 3.71793630542e-21
2926.46295531 2.5847821807e-06 3.51526971451e-22
2949.68885178 5.42272764348e-06 1.17612412698e-21
2972.91474825 6.50648231214e-06 8.12656002159e-22
2996.14064472 5.31620282436e-06 2.13447390509e-21
3019.36654119 3.40370657768e-06 3.10963587674e-21
3042.59243766 3.32652226846e-06 1.70377178096e-21
3065.81833413 5.02333417702e-06 1.53866570551e-21
3089.0442306 5.59870738858e-06 3.67557106889e-21
3112.27012707 4.4084411835e-06 2.80579985445e-21
3135.49602355 2.85297417519e-06 1.51029908235e-21
3158.72192002 3.95573592833e-06 1.58485736741e-21
3181.94781649 5.89068065578e-06 2.29341708249e-21
3205.17371296 5.69581635262e-06 1.13348402829e-21
3228.39960943 3.96523213855e-06 1.70324807351e-21
3251.6255059 3.27456385719e-06 3.95486813169e-21
3274.85140237 4.65471846853e-06 1.08861493305e-22
3298.07729884 5.31451219375e-06 4.38355075344e-21
3321.30319531 4.43380473927e-06 3.08303407852e-21
3344.52909178 4.13970833835e-06 9.89886562659e-22
3367.75498825 4.40859838812e-06 2.45292413851e-21
3390.98088472 4.43342435713e-06 1.3248370171e-21
3414.20678119 5.08084192807e-06 7.2704825945e-22
3437.43267766 4.97031927806e-06 1.09444840648e-21
3460.65857413 3.50883908013e-06 8.13543904718e-22
3483.88447061 4.62457030346e-06 1.78468145774e-21
3507.11036708 4.23769794311e-06 1.5556178632e-21
3530.33626355 5.43703908892e-06 1.80227840576e-21
3553.56216002 4.22453984523e-06 2.95497708363e-21
3576.78805649 3.94452553866e-06 1.12692584067e-21
3600.01395296 4.2975859313e-06 2.82736454658e-21
3623.23984943 5.14831938981e-06 4.10993368117e-22
3646.4657459 4.76724429592e-06 1.96510233286e-21
3669.69164237 3.83776576464e-06 2.65782251719e-21
3692.91753884 4.28093192691e-06 1.99601305867e-21
3716.14343531 4.78591218914e-06 4.74636317641e-22
3739.36933178 4.79993214017e-06 1.15517555584e-21
3762.59522825 4.22466320404e-06 8.28568196085e-22
3785.82112472 4.03870516912e-06 1.3001252222e-21
3809.0470212 4.51048720606e-06 1.39490360675e-21
3832.27291767 4.67505982226e-06 5.49422547946e-22
3855.49881414 4.31397559816e-06 1.92744653289e-21
3878.72471061 3.96191647479e-06 1.6123625847e-21
3901.95060708 4.37086449781e-06 8.63515896043e-22
3925.17650355 4.86965663902e-06 8.01301550515e-22
3948.40240002 4.59672109877e-06 1.82183289031e-21
3971.62829649 4.09411912688e-06 1.35842049088e-21
3994.85419296 4.17503001025e-06 8.81614425696e-22
4018.08008943 4.53762035897e-06 1.25286472842e-21
4041.3059859 4.74326718146e-06 8.10680348319e-22
4064.53188237 4.59120120108e-06 1.49014818053e-21
4087.75777884 4.18663243502e-06 8.15351959911e-23
4110.98367531 4.45885150272e-06 2.04993280965e-21
4134.20957179 4.78284333706e-06 1.44967024264e-21
4157.43546826 4.69377145518e-06 1.6557919898e-21
4180.66136473 4.27616096741e-06 6.62072867108e-22
4203.8872612 4.34257663064e-06 3.1924998853e-22
4227.11315767 4.56039063576e-06 3.29597757792e-21
4250.33905414 4.67881969354e-06 2.70656187185e-21
4273.56495061 4.60688834167e-06 1.1378066169e-21
4296.79084708 4.41986947674e-06 9.76539918421e-22
4320.01674355 4.58254334203e-06 1.07475505465e-21
4343.24264002 4.70551137669e-06 2.97579109797e-22
4366.46853649 4.18623663398e-06 2.40517486276e-21
4389.69443296 4.36422374655e-06 3.1256458755e-21
4412.92032943 4.59329657608e-06 1.56269941696e-21
4436.1462259 4.00604984165e-06 2.05774176089e-22
4459.37212238 4.66879011976e-06 7.13695645342e-22
4482.59801885 4.46255342471e-06 2.071286195e-21
4505.82391532 3.96647886125e-06 3.01299622924e-21
4529.04981179 3.85850664329e-06 6.09064431232e-22
4552.27570826 4.58717127142e-06 1.60071507319e-21
4575.50160473 5.23579992265e-06 1.18557649674e-21
4598.7275012 3.17379198951e-06 4.89136848527e-22
4621.95339767 4.58914494757e-06 9.5015564501e-22
4645.17929414 5.94462947586e-06 1.00230090847e-21
4668.40519061 2.9430153473e-06 1.28770376662e-21
4691.63108708 5.94069508331e-06 1.22827386259e-21
4714.85698355 2.9744328055e-06 1.10637951742e-21
4738.08288002 4.31920628897e-06 1.42975172814e-21
4761.30877649 5.00078880726e-06 1.33518281653e-21
4784.53467297 4.38586999411e-06 4.2815106515e-22
4807.76056944 3.2657362357e-06 9.72452046178e-22
4830.98646591 3.61289025142e-06 7.57667599143e-22
4854.21236238 4.46601564394e-06 6.97709576937e-22
4877.43825885 4.55864373956e-06 8.95668844146e-22
4900.66415532 4.63847019298e-06 2.22274858553e-21
4923.89005179 4.05492267111e-06 3.07958133012e-21
4947.11594826 4.19311653181e-06 1.72043059679e-21
4970.34184473 4.29975760295e-06 4.44644295724e-22
4993.5677412 3.71482823343e-06 8.71994098448e-22
5016.79363767 3.8600160899e-06 5.2428732485e-22
5040.01953414 4.21243527275e-06 6.40515580633e-22
5063.24543061 3.99569033751e-06 1.82771472413e-21
5086.47132708 3.89518229761e-06 1.57096571872e-21
5109.69722355 4.04030797647e-06 3.21105651293e-21
5132.92312003 4.01260821609e-06 1.30215376374e-21
5156.1490165 3.69183273512e-06 8.72624513725e-22
5179.37491297 3.91219320567e-06 1.86016332306e-21
5202.60080944 4.09992091807e-06 2.83659881724e-21
5225.82670591 3.95823348642e-06 2.68494780376e-22
5249.05260238 3.52906718619e-06 1.12461865345e-21
5272.27849885 3.54246280305e-06 2.39453530187e-21
5295.50439532 4.12480511839e-06 5.82117372556e-22
5318.73029179 3.95274324641e-06 1.90527770614e-21
5341.95618826 3.51997656475e-06 6.93238965956e-22
5365.18208473 3.57393679855e-06 1.61940930999e-21
5388.4079812 3.81801609305e-06 2.34520211032e-21
5411.63387767 3.59330498414e-06 2.50663104563e-21
5434.85977414 3.41153810626e-06 8.24448176778e-22
5458.08567062 3.69601376416e-06 1.05497181157e-21
5481.31156709 3.78701895257e-06 2.84668886117e-21
5504.53746356 3.49333051639e-06 2.52955244724e-22
5527.76336003 3.42781162958e-06 9.11511461702e-22
5550.9892565 3.79970195493e-06 5.49252090572e-22
5574.21515297 3.77180960807e-06 8.07404827302e-22
5597.44104944 3.27886907785e-06 1.76065122993e-21
5620.66694591 3.18633630552e-06 8.00055288669e-22
5643.89284238 3.62425266048e-06 1.57849429027e-21
5667.11873885 3.69689972649e-06 1.00825457457e-21
5690.34463532 3.34196439712e-06 1.27005736594e-21
5713.57053179 3.04646214007e-06 7.00736047205e-22
5736.79642826 3.35317482818e-06 1.12093199381e-21
5760.02232473 3.58061983557e-06 8.61149563189e-22
5783.24822121 3.30636888055e-06 1.23109839641e-21
5806.47411768 2.92139146357e-06 8.79419890476e-22
5829.70001415 3.02896621263e-06 1.58356903367e-21
5852.92591062 3.01393031162e-06 5.21420957521e-22
5876.15180709 2.91692868902e-06 3.35387959526e-22
5899.37770356 2.9530998739e-06 4.89446716093e-22
5922.60360003 3.02779112097e-06 9.60190198083e-22
5945.8294965 3.07077146202e-06 1.51514146991e-21
5969.05539297 3.01098841903e-06 8.64642825838e-22
5992.28128944 3.11565718035e-06 4.4688726537e-22
6015.50718591 3.09872858529e-06 1.99775941963e-21
6038.73308238 2.94904137342e-06 1.08944605514e-21
6061.95897885 2.79909989341e-06 1.59703806617e-22
6085.18487532 2.84154289226e-06 4.20016403982e-22
6108.4107718 2.73718736748e-06 1.07208015083e-21
6131.63666827 2.53258833086e-06 5.20884555562e-22
6154.86256474 2.52654522248e-06 1.04209501115e-21
6178.08846121 2.5979890382e-06 1.20627185413e-22
6201.31435768 2.68613857018e-06 5.13752539056e-22
6224.54025415 2.62537919985e-06 1.32871438812e-22
6247.76615062 2.50410698808e-06 8.44127313995e-22
6270.99204709 2.52697581319e-06 4.52621305687e-22
6294.21794356 2.51382274227e-06 1.72019137999e-21
6317.44384003 2.40137541392e-06 6.98530002228e-22
6340.6697365 2.35844461423e-06 1.71377326849e-21
6363.89563297 2.46491601578e-06 1.18318407038e-21
6387.12152944 2.3767152062e-06 1.12575073869e-21
6410.34742591 2.32346120363e-06 5.77511755026e-22
6433.57332239 2.34046458444e-06 3.36223911632e-22
6456.79921886 2.38761473176e-06 9.02886469828e-22
6480.02511533 2.29472755048e-06 6.22265997549e-22
6503.2510118 2.13468200633e-06 1.25891693104e-21
6526.47690827 2.11116189415e-06 1.1880900248e-21
6549.70280474 2.16022090896e-06 1.94870526349e-22
6572.92870121 2.20610872313e-06 7.46295981829e-22
6596.15459768 2.15844169938e-06 6.78279955882e-22
6619.38049415 2.09571524973e-06 8.0871783487e-22
6642.60639062 2.05111087959e-06 2.86140001621e-22
6665.83228709 2.00658722657e-06 7.9949085543e-22
6689.05818356 1.98549292461e-06 1.30143302483e-22
6712.28408003 2.00100315607e-06 5.82334602832e-22
6735.5099765 1.98863975554e-06 1.08572347541e-21
6758.73587297 1.90069412287e-06 5.39346312882e-22
6781.96176945 1.8297138672e-06 5.91471381557e-22
6805.18766592 1.85437253482e-06 8.60032161248e-22
6828.41356239 1.8867570454e-06 5.85609908117e-22
6851.63945886 1.78849054085e-06 6.48739036659e-22
6874.86535533 1.62378793377e-06 3.05886442972e-22
6898.0912518 1.62282125864e-06 8.16887617764e-22
6921.31714827 1.78046292688e-06 9.41573036043e-22
6944.54304474 1.78979282742e-06 7.94140025847e-22
6967.76894121 1.61316667161e-06 3.35685078392e-22
6990.99483768 1.48527575614e-06 2.24736397531e-22
7014.22073415 1.5516615627e-06 1.34011536906e-22
7037.44663062 1.64965955139e-06 5.88011285798e-22
7060.67252709 1.60205084377e-06 5.89690425531e-22
7083.89842356 1.45828367082e-06 5.95228648652e-22
7107.12432004 1.3567723356e-06 2.552094974e-22
7130.35021651 1.43303349941e-06 1.03419913712e-21
7153.57611298 1.5038354071e-06 4.10458603903e-22
7176.80200945 1.43462825944e-06 4.79849539274e-22
7200.02790592 1.32592066423e-06 1.42651537298e-22
7223.25380239 1.29433771303e-06 1.1804076123e-21
7246.47969886 1.33919759309e-06 1.70706144531e-22
7269.70559533 1.35218459743e-06 1.30290397955e-21
7292.9314918 1.29336776281e-06 2.96576625344e-22
7316.15738827 1.19953802346e-06 2.37902093134e-22
7339.38328474 1.17663578081e-06 2.25481914124e-22
7362.60918121 1.24348633122e-06 5.84355025542e-22
7385.83507768 1.27727144367e-06 3.27255044276e-22
7409.06097415 1.21614127867e-06 2.25924323877e-22
7432.28687063 1.10438017466e-06 1.96543825209e-22
7455.5127671 1.06314092771e-06 3.43813073565e-22
7478.73866357 1.07836373458e-06 3.20652422442e-22
7501.96456004 1.10176690502e-06 4.03379148657e-22
7525.19045651 1.0545792134e-06 4.32633373495e-22
7548.41635298 9.67726418855e-07 2.38950272765e-22
7571.64224945 9.44920006261e-07 4.0676077002e-22
7594.86814592 9.9015130502e-07 3.40404985781e-22
7618.09404239 1.02592987315e-06 4.07785620067e-22
7641.31993886 1.00360892613e-06 2.06881576467e-22
7664.54583533 9.31177460499e-07 1.04634425484e-22
7687.7717318 8.80795015012e-07 4.74437595319e-22
7710.99762827 9.08764866331e-07 5.40932716198e-22
7734.22352474 8.98336885395e-07 1.82696043589e-22
7757.44942122 8.33106802942e-07 3.06234578671e-22
7780.67531769 7.9898338482e-07 3.82862459383e-22
7803.90121416 8.31157343404e-07 2.44457674571e-22
7827.12711063 8.75753059119e-07 3.08921923294e-22
7850.3530071 8.24860367828e-07 3.80207726759e-22
7873.57890357 7.41506164528e-07 5.36475975168e-22
7896.80480004 7.20369179769e-07 5.93332954181e-22
7920.03069651 7.55211851136e-07 3.54289428102e-22
7943.25659298 7.78739095972e-07 2.29225980713e-22
7966.48248945 7.49027490901e-07 4.80432890145e-23
7989.70838592 7.1285069732e-07 2.17962310566e-22
8012.93428239 6.94151762161e-07 2.08165730883e-22
8036.16017886 7.33065133449e-07 2.94295098172e-22
8059.38607533 7.41788303173e-07 1.96778384829e-22
8082.6119718 6.7761441895e-07 1.49690530323e-22
8105.83786828 6.27666877088e-07 3.13005599374e-22
8129.06376475 6.55989053875e-07 2.05454671666e-22
8152.28966122 6.74253460822e-07 4.47000266217e-22
8175.51555769 6.42049121994e-07 1.46307632938e-22
8198.74145416 6.20508000145e-07 1.38906103143e-22
8221.96735063 6.14988194893e-07 2.88753799929e-22
8245.1932471 6.08869664093e-07 3.61932831783e-22
8268.41914357 5.79202211324e-07 2.17472958367e-22
8291.64504004 5.38117309453e-07 2.720707554e-22
8314.87093651 5.66368714739e-07 5.89822783793e-22
8338.09683298 5.81276000152e-07 3.21218349399e-22
8361.32272945 5.50559165829e-07 2.81091103539e-22
8384.54862592 5.21776119244e-07 2.31768345557e-22
8407.77452239 5.44737228523e-07 4.92540262348e-22
8431.00041887 5.46746491283e-07 4.20669401408e-22
8454.22631534 5.13412742028e-07 6.79708585829e-23
8477.45221181 4.93944203989e-07 1.45934129579e-22
8500.67810828 5.21241379069e-07 1.77254700958e-22
8523.90400475 5.30268096293e-07 3.83698768799e-22
8547.12990122 5.10704447369e-07 3.72434133801e-22
8570.35579769 4.92402616493e-07 3.52206285395e-22
8593.58169416 4.94662358552e-07 1.83575407299e-22
8616.80759063 4.98414570285e-07 5.33538312211e-22
8640.0334871 4.72654437345e-07 3.5792023186e-22
8663.25938357 4.22817707384e-07 2.56830863719e-22
8686.48528004 4.61183437467e-07 2.00593665624e-22
8709.71117651 4.98447873874e-07 2.14076996305e-22
8732.93707298 4.48457316472e-07 1.47140550731e-22
8756.16296946 4.13742805243e-07 2.75745290782e-22
8779.38886593 4.21056877956e-07 1.92229408688e-22
8802.6147624 4.47931545556e-07 3.49831574097e-22
8825.84065887 4.12913478498e-07 3.09981642367e-22
8849.06655534 3.86156277508e-07 2.30793616948e-22
8872.29245181 4.1148299688e-07 1.87795159199e-22
8895.51834828 4.09529000073e-07 3.70033862876e-22
8918.74424475 4.19365909157e-07 2.1936690047e-22
8941.97014122 3.67890462589e-07 2.88441826907e-22
8965.19603769 3.83482697616e-07 2.95262106032e-22
8988.42193416 3.70633552384e-07 2.3509032752e-22
9011.64783063 3.63097117795e-07 4.122939903e-22
9034.8737271 3.9102937602e-07 9.97717360554e-23
9058.09962357 3.8648362115e-07 3.12309163412e-22
9081.32552005 3.72845829874e-07 1.31934096889e-22
9104.55141652 3.38690088832e-07 4.43366919032e-23
9127.77731299 3.12094816441e-07 2.53647973161e-22
9151.00320946 3.29040592694e-07 4.86695213578e-22
9174.22910593 3.51477356193e-07 3.09678331537e-22
9197.4550024 3.20190730796e-07 2.76148415937e-22
9220.68089887 3.07137290794e-07 5.74620924945e-23
9243.90679534 3.14184361801e-07 3.13477519975e-22
9267.13269181 2.83107571257e-07 4.32242115191e-22
9290.35858828 3.89979480565e-07 2.55300542004e-22
9313.58448475 2.53109450334e-07 2.69453810292e-22
9336.81038122 3.00826031447e-07 2.25503492131e-22
9360.03627769 2.61072644595e-07 4.0485447393e-22
9383.26217416 3.17771072164e-07 1.73345222938e-22
9406.48807064 2.65071738725e-07 1.43539358581e-22
9429.71396711 3.5629249965e-07 5.11557702616e-22
9452.93986358 2.35580779252e-07 3.74876806497e-23
9476.16576005 2.34065357515e-07 5.80279426506e-22
9499.39165652 2.61475057611e-07 2.79434721044e-22
9522.61755299 2.87578035635e-07 2.55909790898e-22
9545.84344946 2.80579895446e-07 3.46051458332e-22
9569.06934593 1.73926107213e-07 2.08528007083e-22
9592.2952424 2.19449501913e-07 3.84784893077e-22
9615.52113887 2.94544169859e-07 3.98373660918e-22
9638.74703534 2.86867194056e-07 2.14891880906e-22
9661.97293181 2.29842442186e-07 1.52750946807e-22
9685.19882828 2.08285210688e-07 3.71022436381e-22
9708.42472475 1.99828669881e-07 1.65649321117e-22
9731.65062122 2.30091662395e-07 4.25934550576e-22
9754.8765177 2.67130511341e-07 2.52470627166e-22
9778.10241417 2.20428773467e-07 4.04026953416e-22
9801.32831064 1.89852011692e-07 2.41050123161e-22
9824.55420711 2.19093301235e-07 2.08460907077e-22
9847.78010358 2.10906909524e-07 3.92255759666e-22
9871.00600005 2.10912748869e-07 3.46133574602e-22
9894.23189652 2.13990889028e-07 4.13782599975e-22
9917.45779299 2.00795013865e-07 1.84591352922e-22
9940.68368946 2.12418345424e-07 2.30230128748e-22
9963.90958593 2.09603508147e-07 4.05664323212e-22
9987.1354824 2.05252623458e-07 3.04441641544e-22
10010.3613789 1.82522673781e-07 2.81243147827e-22
10033.5872753 1.77624231891e-07 2.85035680977e-22
10056.8131718 1.67107062823e-07 1.67930386409e-22
10080.0390683 1.74472400103e-07 3.72670277403e-22
10103.2649648 1.81161413982e-07 9.22293877606e-23
10126.4908612 1.6380215807e-07 1.22198108668e-22
10149.7167577 1.7471963806e-07 4.13890830758e-22
10172.9426542 1.63900814462e-07 1.57016344239e-22
10196.1685506 1.70456562897e-07 2.33788683465e-22
10219.3944471 1.58407462484e-07 2.07763547054e-22
10242.6203436 1.45764771818e-07 1.74647636369e-22
10265.8462401 1.60988480763e-07 2.34188083447e-22
10289.0721365 1.77406579427e-07 1.13977553912e-22
10312.298033 1.75987487444e-07 4.14182273137e-22
10335.5239295 1.48079535027e-07 2.98565325625e-22
10358.7498259 1.44290748276e-07 2.23347709198e-22
10381.9757224 1.14045667957e-07 2.39734403226e-22
10405.2016189 1.22961599954e-07 3.15276673441e-22
10428.4275153 1.44049412798e-07 5.2502916325e-22
10451.6534118 1.36404116592e-07 3.39788556853e-22
10474.8793083 1.21201703882e-07 1.1219492557e-22
10498.1052048 9.66459974528e-08 2.3278672687e-22
10521.3311012 1.22559542811e-07 2.12974225942e-22
10544.5569977 1.46031465898e-07 1.94189847936e-22
10567.7828942 1.35828363642e-07 3.47775066879e-22
10591.0087906 8.35942316548e-08 5.0179239323e-23
10614.2346871 1.01212072751e-07 4.52414002628e-22
10637.4605836 1.23029766407e-07 1.25066254484e-22
10660.6864801 1.13842384337e-07 2.06530507016e-22
10683.9123765 7.25235082978e-08 1.80544986368e-22
10707.138273 8.9588647267e-08 1.052202265e-22
10730.3641695 1.10886134576e-07 3.45470942143e-22
10753.5900659 9.04131689261e-08 3.37529779802e-22
10776.8159624 5.87118627597e-08 1.51254356961e-22
10800.0418589 8.05743889867e-08 3.94910773735e-22
10823.2677553 1.08446389275e-07 1.50325185755e-22
10846.4936518 9.93122593909e-08 4.31233284505e-22
10869.7195483 7.09799765527e-08 3.39309742496e-23
10892.9454448 6.20665575794e-08 2.01489808834e-22
10916.1713412 6.99152725168e-08 3.78546127869e-22
10939.3972377 8.49437899144e-08 2.92009287368e-22
10962.6231342 7.28852390132e-08 1.12474276318e-22
10985.8490306 6.83608232508e-08 1.41471334958e-22
11009.0749271 4.53307968036e-08 2.34707039969e-22
11032.3008236 5.12085394744e-08 5.2898485269e-22
11055.5267201 7.13020859916e-08 2.41230817961e-22
11078.7526165 7.15888438046e-08 2.34359522805e-22
11101.978513 5.73132618224e-08 4.91613596386e-22
11125.2044095 4.41404616568e-08 3.21806142517e-22
11148.4303059 5.73727141668e-08 2.18338056499e-22
11171.6562024 6.12131102647e-08 2.20912420497e-22
11194.8820989 5.27149639573e-08 5.93293487583e-23
11218.1079954 3.20752892543e-08 5.17645665349e-22
11241.3338918 5.13514408421e-08 2.76773669249e-22
11264.5597883 6.76411148373e-08 4.55949287263e-22
11287.7856848 5.70829127505e-08 2.40364279143e-22
11311.0115812 4.20306683487e-08 1.63814595959e-22
11334.2374777 3.94562936395e-08 2.87487940871e-22
11357.4633742 4.74164267119e-08 4.11391126565e-22
11380.6892706 5.24684281684e-08 2.98529246349e-22
11403.9151671 6.01811830806e-08 1.85853042957e-22
11427.1410636 5.20005536772e-08 6.27363710314e-23
11450.3669601 4.06172608193e-08 3.6679390432e-22
11473.5928565 2.77396379983e-08 6.16521229911e-22
11496.818753 3.95020871622e-08 2.51327174342e-22
11520.0446495 5.09832460819e-08 3.11008430793e-23
11543.2705459 3.77213414554e-08 3.84871690416e-22
11566.4964424 2.7258034631e-08 3.08563003114e-22
11589.7223389 3.49765256967e-08 3.47039555639e-22
11612.9482354 3.9523877212e-08 1.02457704385e-22
11636.1741318 2.92874199998e-08 5.08464437693e-22
11659.4000283 2.54542444444e-08 4.141045689e-22
11682.6259248 4.51492209478e-08 8.22490930435e-22
11705.8518212 4.93589983647e-08 8.87387323012e-23
11729.0777177 3.70221647131e-08 1.4526668851e-22
11752.3036142 2.91148500751e-08 6.48515348341e-22
11775.5295106 3.78645371252e-08 2.59717409401e-22
11798.7554071 3.68853673162e-08 2.51249276784e-22
11821.9813036 3.01505010317e-08 2.47385495095e-22
11845.2072001 3.20281342656e-08 7.76533114752e-23
11868.4330965 3.11333733219e-08 3.16318951076e-22
11891.658993 3.03148728668e-08 4.65593145579e-22
11914.8848895 2.18266666246e-08 1.26187046878e-22
11938.1107859 2.12305724521e-08 7.62164564502e-22
11961.3366824 3.03083461312e-08 2.26649995922e-22
11984.5625789 3.50773785013e-08 1.16210387912e-21
12007.7884754 1.7238020631e-08 6.84970199496e-22
12031.0143718 1.3525061594e-08 3.91315079231e-22
12054.2402683 2.32645094628e-08 5.90506890275e-22
12077.4661648 2.43097025182e-08 3.94717850353e-22
12100.6920612 1.9044782469e-08 3.70009451499e-22
12123.9179577 1.36491763218e-08 3.53101453935e-22
12147.1438542 8.5002463065e-09 1.04140846231e-22
12170.3697506 4.78230063608e-09 3.65290903403e-22
12193.5956471 8.26685187347e-09 4.38818274059e-22
12216.8215436 1.73574228591e-08 1.99023092741e-22
12240.0474401 2.02584374613e-08 2.15002031963e-22
12263.2733365 1.41364625997e-08 7.32353680059e-23
12286.499233 5.06859259299e-09 6.0922712054e-22
12309.7251295 8.27093667233e-09 4.95028633576e-22
12332.9510259 1.63710252185e-09 2.30313091254e-22
12356.1769224 6.87088757632e-09 2.7329821287e-22
12379.4028189 1.39889788197e-08 5.2099242318e-22
12402.6287154 1.64824295621e-08 4.16308093376e-22
12425.8546118 1.37390082016e-08 4.13222697609e-22
12449.0805083 9.78361738073e-09 6.15724364857e-23
12472.3064048 8.54060601916e-09 4.96170287985e-22
12495.5323012 7.73237879438e-09 7.00808422241e-22
12518.7581977 7.65125338097e-09 3.17316145132e-22
12541.9840942 6.72182242107e-09 2.03026407668e-22
12565.2099907 1.3735393441e-08 1.44110606065e-22
12588.4358871 1.03044825834e-08 6.00125592835e-22
12611.6617836 5.66122625121e-09 4.35853677016e-22
12634.8876801 7.45220528945e-09 1.48639091422e-22
12658.1135765 1.41335156406e-08 4.35661002775e-22
12681.339473 1.32128420534e-08 4.87495925013e-22
12704.5653695 8.75963002112e-09 7.86289330489e-22
12727.7912659 9.14781282531e-09 1.94161409906e-22
12751.0171624 7.72666231191e-09 3.78604230948e-23
12774.2430589 1.20904195845e-08 3.58625235431e-22
12797.4689554 1.205762099e-08 6.66451248363e-22
12820.6948518 1.12237407292e-08 1.08904403061e-21
12843.9207483 2.52793560871e-09 1.62977030546e-21
12867.1466448 1.08360450222e-08 3.99702580232e-22
12890.3725412 1.58958233559e-08 1.89988842713e-21
12913.5984377 2.25914812751e-08 1.2492040079e-21
12936.8243342 1.63804810897e-08 1.13087726521e-21
12960.0502307 7.37694382981e-09 1.02331213782e-21
12983.2761271 7.68211062819e-09 5.1754654485e-22
13006.5020236 1.53906608374e-08 1.66545079249e-21
13029.7279201 2.04451284062e-08 6.24288383446e-22
13052.9538165 2.32741283829e-08 6.81166681764e-22
13076.179713 1.97490859744e-08 1.24734316056e-21
13099.4056095 1.29897865626e-08 9.114990009e-22
13122.6315059 7.54865587061e-09 1.62402270587e-21
13145.8574024 1.52589014264e-08 7.01516229595e-22
13169.0832989 1.67040246057e-08 7.067865139e-22
13192.3091954 7.97341565741e-09 1.02308638406e-21
13215.5350918 1.41879711636e-08 7.22588813646e-22
13238.7609883 1.55429966251e-08 9.49462813148e-22
13261.9868848 1.50490291334e-08 8.02252025912e-22
13285.2127812 5.13354596475e-09 1.40892582887e-22
13308.4386777 5.01776960348e-09 4.73907628352e-22
13331.6645742 4.4730798617e-09 2.85774248578e-22
13354.8904707 1.66400976989e-08 1.90240016072e-23
13378.1163671 1.17314242194e-08 9.08851200651e-23
13401.3422636 8.58022394812e-09 1.92703794441e-22
13424.5681601 7.05764861832e-09 3.5833691118e-22
13447.7940565 5.54760983832e-09 3.81562099721e-22
13471.019953 1.02220942925e-08 4.7825486081e-22
13494.2458495 9.85803789675e-09 1.93250356642e-22
13517.4717459 9.10398267789e-09 6.09199481685e-23
13540.6976424 3.66877598225e-09 4.60484064952e-23
13563.9235389 2.07701687027e-10 5.28297070981e-23
13587.1494354 3.66771060764e-09 2.43156263129e-22
13610.3753318 1.01639583651e-09 1.04492719488e-22
13633.6012283 1.31624183662e-08 7.19642149078e-23
13656.8271248 1.12730742268e-08 8.34764457645e-23
13680.0530212 9.8236024852e-09 9.22932753746e-23
13703.2789177 1.48920428528e-08 1.64221955095e-22
13726.5048142 1.42921450255e-08 6.24406568339e-23
13749.7307107 1.05581367622e-08 1.41149599797e-22
13772.9566071 7.05736632088e-09 2.72080419959e-23
13796.1825036 8.37619787261e-09 4.31070273303e-24
13819.4084001 8.526473033e-09 1.52016518967e-22
13842.6342965 2.51417132869e-09 5.4447110736e-23
13865.860193 5.43049711385e-09 4.87768721315e-23
13889.0860895 1.89807366078e-08 4.08896128834e-23
13912.311986 2.16259344721e-08 5.76885566422e-23
13935.5378824 7.65403039257e-09 4.68298413491e-23
13958.7637789 1.9829106316e-08 4.63506979449e-23
13981.9896754 2.44927322331e-08 9.93228360903e-23
14005.2155718 4.48894933527e-09 6.19170583682e-23
14028.4414683 6.13224314157e-09 3.87027300098e-23
14051.6673648 7.59201220103e-09 1.8592989876e-22
14074.8932612 1.48594593038e-08 1.82541530521e-22
14098.1191577 1.44065280598e-08 5.74581350368e-24
14121.3450542 2.15422733586e-08 4.33174215294e-22
14144.5709507 1.02172782577e-08 2.30097213045e-22
14167.7968471 9.32445311806e-09 4.3403282214e-23
14191.0227436 8.66150974058e-09 9.26579394259e-23
14214.2486401 2.71781979883e-08 8.69120967139e-23
14237.4745365 2.11719836647e-08 4.94383955987e-23
14260.700433 5.95917726362e-09 7.42466099919e-23
14283.9263295 6.10197360806e-09 1.9293499205e-23
14307.152226 2.10291788093e-08 5.76152459152e-23
14330.3781224 3.01559928681e-09 3.06794476846e-23
14353.6040189 1.27688784831e-08 4.32884559704e-23
14376.8299154 1.37309293119e-08 9.46305273963e-23
14400.0558118 1.07609922904e-08 9.08512796214e-23
14423.2817083 1.49191404193e-08 2.38659997434e-23
14446.5076048 2.05750009178e-08 6.12563602055e-23
14469.7335012 1.87442529129e-08 1.46038619055e-22
14492.9593977 9.0393975601e-09 1.38525319961e-22
14516.1852942 1.21375705214e-08 1.68685736497e-22
14539.4111907 1.26042978243e-08 7.84995857668e-23
14562.6370871 1.8375914353e-08 6.96394799924e-23
14585.8629836 1.48011811007e-08 3.38492516212e-23
14609.0888801 1.24452864113e-08 3.04290899772e-22
14632.3147765 1.09588621451e-08 1.21196710692e-22
14655.540673 6.10762606527e-09 1.26971953767e-22
14678.7665695 1.05541951826e-08 8.87608953273e-23
14701.992466 1.36113316865e-08 1.84287876282e-22
14725.2183624 1.4401815869e-08 3.02303799112e-22
14748.4442589 1.35931292006e-08 2.06588035329e-22
14771.6701554 1.34931431555e-08 2.45947973909e-22
14794.8960518 1.25307409379e-08 1.51847771597e-22
14818.1219483 1.06399129959e-08 3.79916553673e-23
14841.3478448 1.33641568537e-08 3.86331629171e-23
14864.5737413 1.26070722407e-08 2.93560466503e-22
14887.7996377 1.26481328422e-08 6.37623944064e-22
14911.0255342 1.09813265728e-08 4.20330793784e-22
14934.2514307 8.23846242892e-09 1.80616788519e-22
14957.4773271 7.58412266431e-09 5.15106650857e-22
14980.7032236 1.06432073802e-08 3.11129064693e-22
15003.9291201 1.26842635202e-08 1.14150395492e-21
15027.1550165 7.11574703988e-09 1.94977536e-22
15050.380913 7.66424876469e-09 4.21328005647e-22
15073.6068095 6.19081289746e-09 3.70952588401e-22
15096.832706 7.08401352247e-09 1.53455295212e-21
15120.0586024 9.85995973292e-09 7.63283287983e-22
15143.2844989 1.00129834109e-08 2.16010328626e-22
15166.5103954 1.03768905733e-08 9.62763300896e-22
15189.7362918 8.45823773424e-09 9.36494774663e-22
15212.9621883 5.15435660468e-09 6.95439650599e-22
15236.1880848 4.1575190187e-09 1.03634072629e-21
15259.4139813 5.79757124079e-09 5.87608419836e-22
15282.6398777 5.79818525305e-09 7.10390780456e-22
15305.8657742 7.33906672519e-09 1.81386467278e-21
15329.0916707 7.42114237585e-09 4.56473007279e-22
15352.3175671 3.23534303385e-09 6.59989314445e-22
15375.5434636 1.73490852413e-09 1.42662467659e-21
15398.7693601 5.5160877127e-09 3.85687005903e-22
15421.9952565 6.98982741771e-09 6.03283081252e-22
15445.221153 5.31330967444e-09 2.15642608315e-22
15468.4470495 2.38441383124e-09 1.54466876678e-22
15491.672946 3.39564947823e-09 5.1040516445e-22
15514.8988424 6.0366126548e-09 4.14705787943e-22
15538.1247389 6.70578279686e-09 7.28727290827e-22
15561.3506354 5.16781099792e-09 2.66020707357e-22
15584.5765318 5.16134527565e-09 8.14566425774e-22
15607.8024283 5.25107324702e-09 1.43770017342e-21
15631.0283248 5.63176469008e-09 6.7418686121e-23
15654.2542213 7.17999771749e-09 3.82726934654e-22
15677.4801177 6.45915207173e-09 5.1536640909e-23
15700.7060142 7.54103271048e-09 1.98688671532e-22
15723.9319107 7.64289918305e-09 3.32144108969e-22
15747.1578071 6.96680679079e-09 2.18360896417e-22
15770.3837036 6.40083778482e-09 1.79331867981e-22
15793.6096001 8.06919303041e-09 6.62598689917e-22
15816.8354965 9.22513559537e-09 5.07722583904e-22
15840.061393 9.48282383538e-09 3.16143106501e-22
15863.2872895 8.45525719458e-09 2.10898539194e-22
15886.513186 5.51559783491e-09 4.49219923176e-22
15909.7390824 5.73382642291e-09 4.45374212643e-22
15932.9649789 8.53194376403e-09 2.11519914578e-22
15956.1908754 9.59871062918e-09 1.31513362685e-22
15979.4167718 7.88303240624e-09 4.51101268079e-22
16002.6426683 4.1058686964e-09 2.26883031835e-22
16025.8685648 5.07341065564e-09 4.555114176e-22
16049.0944613 6.72556233545e-09 1.1045370365e-22
16072.3203577 8.19970676037e-09 2.07800334373e-22
16095.5462542 7.69462208696e-09 4.70412609333e-22
16118.7721507 5.01593554473e-09 3.99457234559e-22
16141.9980471 4.48353556463e-09 2.56154967565e-22
16165.2239436 7.28134525105e-09 1.11111513801e-22
16188.4498401 8.25497994418e-09 7.37664847277e-22
16211.6757366 8.36454504591e-09 7.07883806808e-22
16234.901633 8.06107836373e-09 2.5859680302e-22
16258.1275295 6.63495141632e-09 3.71197559576e-22
16281.353426 7.90888799208e-09 3.24060343226e-22
16304.5793224 9.14305077293e-09 4.55354563728e-22
16327.8052189 6.96438588583e-09 6.42201261675e-23
16351.0311154 2.88318467841e-09 1.09034293525e-22
16374.2570118 2.24202136116e-09 3.34265061623e-22
16397.4829083 5.33178574735e-09 2.33008079819e-22
16420.7088048 5.66712568415e-09 1.61345702018e-22
16443.9347013 5.363133111e-09 2.2999792911e-22
16467.1605977 5.45163988563e-09 1.12441645541e-22
16490.3864942 5.8024280744e-09 2.65546482915e-22
16513.6123907 5.39164924178e-09 5.77668969234e-22
16536.8382871 3.98108221095e-09 7.90321525459e-23
16560.0641836 1.19435446061e-09 1.90944470929e-22
16583.2900801 3.21886229066e-09 1.94768051739e-22
16606.5159766 4.43289663907e-09 4.90069703327e-22
16629.741873 4.48545394169e-09 1.07810490231e-21
16652.9677695 2.23431736405e-09 2.87706803195e-22
16676.193666 1.05706593068e-09 5.21165023159e-23
16699.4195624 2.61284282131e-09 2.28106732126e-22
16722.6454589 3.04758108449e-09 7.42590624581e-23
16745.8713554 2.00721372059e-09 3.23561674213e-22
16769.0972518 1.45526427848e-09 1.52735069335e-22
16792.3231483 2.28647174049e-09 1.08855045361e-22
16815.5490448 1.85351532206e-09 2.30081923532e-22
16838.7749413 4.16640291679e-10 2.0787979395e-22
16862.0008377 1.34873275432e-09 4.24479745153e-22
16885.2267342 2.42015872565e-09 1.65017865234e-22
16908.4526307 2.45780746875e-09 1.14695753889e-22
16931.6785271 1.59135086344e-09 4.35811505464e-22
16954.9044236 9.19155970874e-10 2.65633024665e-22
16978.1303201 9.13147690341e-10 2.6390915645e-22
17001.3562166 1.29474455525e-09 3.50624014075e-23
17024.582113 1.46812160443e-09 2.2090243746e-22
17047.8080095 1.34460996925e-09 4.19942234648e-22
17071.033906 1.17711907709e-09 2.96969114611e-22
17094.2598024 8.36982499443e-10 3.81389519167e-22
17117.4856989 2.06142270319e-09 1.99702006934e-22
17140.7115954 1.00265346831e-09 2.32437193338e-22
17163.9374919 3.65030003386e-10 3.51790164532e-22
17187.1633883 1.30534238132e-09 3.95286900306e-22
17210.3892848 1.10731516122e-09 3.00355688516e-22
17233.6151813 6.11426491215e-10 5.110938711e-23
17256.8410777 1.95523336446e-09 1.42296779961e-22
17280.0669742 1.72639196146e-09 4.81140422204e-22
17303.2928707 2.06277667025e-09 1.45590233081e-22
17326.5187671 2.2299171966e-09 3.26237903614e-22
17349.7446636 2.03757506837e-09 2.63782274651e-22
17372.9705601 1.74602474652e-09 1.19487415734e-22
17396.1964566 2.0729808175e-09 2.74742270231e-22
17419.422353 8.841555057e-10 1.23654270871e-22
17442.6482495 1.87628233893e-09 3.85729277826e-22
17465.874146 2.65635447986e-09 2.89575096578e-22
17489.1000424 2.37029778842e-09 2.12553899328e-22
17512.3259389 1.64685567082e-09 3.01474003678e-22
17535.5518354 1.3364308526e-09 2.60324613121e-22
17558.7777319 1.19208906482e-09 3.85863532123e-22
17582.0036283 1.6596312269e-09 4.31922410811e-22
17605.2295248 2.09892222183e-09 1.18200809047e-22
17628.4554213 1.38717149493e-09 4.37542534818e-22
17651.6813177 5.22290358567e-10 2.2409398267e-22
17674.9072142 1.15074587408e-09 2.45060368735e-22
17698.1331107 1.57680887508e-09 1.63291437727e-22
17721.3590071 1.13532113403e-09 2.28568375464e-22
17744.5849036 1.34958553105e-09 4.05826660038e-22
17767.8108001 2.29989241525e-09 1.3326186543e-22
17791.0366966 2.03747477594e-09 1.12300899436e-22
17814.262593 1.19170287409e-09 3.02025860385e-22
17837.4884895 8.80949968284e-10 2.32694403668e-22
17860.714386 9.64376402646e-10 2.84287689212e-22
17883.9402824 1.05315850106e-09 1.09275905213e-22
17907.1661789 6.41986840804e-10 2.30648287686e-22
17930.3920754 9.56819103559e-10 2.80393505425e-22
17953.6179719 1.45208855084e-09 1.62553650086e-22
17976.8438683 8.82741857846e-10 3.51820253701e-22
18000.0697648 2.80322782212e-09 5.97396044936e-22
18023.2956613 2.7260262802e-09 6.41009098262e-23
18046.5215577 5.34265739912e-10 1.13593372752e-22
18069.7474542 8.7299328741e-10 6.86825526919e-23
18092.9733507 1.19275047802e-09 1.86499672982e-22
18116.1992471 7.15803569278e-10 3.55890921247e-22
18139.4251436 1.32612449661e-09 7.91177079529e-23
18162.6510401 6.79598310545e-10 2.08631802654e-22
18185.8769366 6.8292132414e-10 4.2060629966e-22
18209.102833 1.29457252508e-09 2.16535382275e-22
18232.3287295 1.66457526879e-09 2.67037157358e-22
18255.554626 9.46246733276e-10 1.57784753609e-22
18278.7805224 1.6463744602e-09 2.87575854583e-22
18302.0064189 1.61410508616e-09 3.38816604939e-22
18325.2323154 8.76302937489e-10 7.61541322198e-23
18348.4582119 2.38980826345e-09 2.15531857025e-22
18371.6841083 5.32055957813e-10 1.69822109575e-22
18394.9100048 5.81751499256e-10 9.9633382517e-23
18418.1359013 1.6033339615e-09 5.60399579661e-22
18441.3617977 9.01047887323e-10 1.46920061253e-22
18464.5876942 6.42818738686e-10 1.12518759541e-22
18487.8135907 1.18032078444e-09 5.97031779412e-23
18511.0394872 4.24726685164e-10 2.77159484889e-22
18534.2653836 5.51487189772e-10 2.94619543612e-22
18557.4912801 1.7510902532e-09 1.44785751893e-22
18580.7171766 2.29500658304e-09 1.719460442e-22
18603.943073 1.29250184355e-09 3.33410190214e-22
18627.1689695 7.34032790945e-10 2.50005292836e-22
18650.394866 7.64067433882e-10 3.44140427914e-22
18673.6207624 8.34678991205e-10 1.03184827155e-22
18696.8466589 2.20038265794e-09 1.77807038044e-22
18720.0725554 3.17649452869e-09 2.51743608961e-22
18743.2984519 7.51519714043e-10 2.13275201441e-22
18766.5243483 8.78776337415e-10 8.1100998905e-23
18789.7502448 6.96182245455e-10 1.22955464449e-22
18812.9761413 2.03631550544e-09 2.66301716125e-22
18836.2020377 1.14129608403e-09 3.82270971778e-22
18859.4279342 6.54032298524e-10 2.65252682847e-22
18882.6538307 1.47522710593e-09 3.26603966405e-22
18905.8797272 9.39959850021e-10 7.62674561836e-23
18929.1056236 1.56406526016e-09 3.6393832368e-23
18952.3315201 1.1890463719e-09 1.48846473707e-22
18975.5574166 7.26883395802e-10 3.28581789422e-22
18998.783313 6.85639561016e-10 2.83814452383e-22
19022.0092095 1.25971094008e-09 4.99025945203e-22
19045.235106 1.11459479181e-09 8.18503017502e-23
19068.4610024 3.96760018591e-10 3.00644117525e-22
19091.6868989 3.75906046883e-10 1.05261373645e-22
19114.9127954 7.24491740148e-10 2.33254482727e-22
19138.1386919 2.29946256892e-10 3.22903917494e-22
19161.3645883 9.17848696001e-10 1.49469353718e-22
19184.5904848 1.14955302766e-09 2.85667720457e-22
19207.8163813 9.73004950848e-10 1.83932750381e-22
19231.0422777 2.45337813185e-09 2.87249374432e-22
19254.2681742 1.4705290146e-09 3.64323265473e-22
19277.4940707 4.99435928394e-10 1.40398559748e-22
19300.7199672 9.20720591652e-10 1.72981845229e-22
19323.9458636 1.38259178413e-09 2.76783293223e-22
19347.1717601 1.38097678069e-09 2.10485726515e-22
19370.3976566 1.60264097927e-09 1.16587197616e-22
19393.623553 8.21610797687e-10 2.03327805413e-22
19416.8494495 1.28363959303e-09 5.4581884553e-22
19440.075346 8.95220780286e-10 3.99084684445e-22
19463.3012424 5.92261418225e-10 1.24903881853e-22
19486.5271389 6.5047078873e-10 3.58100557148e-22
19509.7530354 5.2499648726e-10 1.74925054056e-22
19532.9789319 7.32535005303e-10 2.05159100408e-22
19556.2048283 1.95810374169e-10 3.36202894171e-22
19579.4307248 9.06260376607e-10 1.44145446299e-22
19602.6566213 1.15956655105e-09 2.86736962819e-22
19625.8825177 9.81735229171e-10 9.8103069803e-23
19649.1084142 6.64379946282e-10 3.1266574092e-22
19672.3343107 4.63445682526e-10 4.09389048245e-22
19695.5602072 3.04102159524e-10 9.53939703362e-23
19718.7861036 5.35657848175e-10 1.97579494203e-22
19742.0120001 2.9054107011e-10 4.18800201299e-23
19765.2378966 4.34798655936e-10 1.44365411288e-22
19788.463793 1.84799269901e-10 2.04831756419e-22
19811.6896895 1.37219590725e-10 1.05085585853e-22
19834.915586 3.37637802627e-10 1.48995423142e-22
19858.1414825 3.03677763707e-10 4.05837068693e-22
19881.3673789 3.70472629255e-10 2.58581625335e-22
19904.5932754 2.59374113818e-10 2.22620203977e-22
19927.8191719 3.5087925557e-10 5.51243507815e-23
19951.0450683 2.30968946399e-11 1.34840285558e-22
19974.2709648 7.54445703149e-11 2.18821038048e-22
19997.4968613 2.68873143813e-10 1.3129609029e-22
20020.7227577 2.98621363601e-10 2.37906648158e-22
20043.9486542 2.66622800204e-10 1.3676591014e-22
20067.1745507 1.17661993318e-10 1.02450227518e-22
20090.4004472 9.65029381025e-11 3.67136201033e-22
20113.6263436 2.43391409317e-10 7.73746487623e-23
20136.8522401 1.96675505246e-10 1.70263909631e-22
20160.0781366 3.420292773e-10 9.56714670805e-23
20183.304033 3.31073825479e-10 2.17116464164e-22
20206.5299295 3.30010539687e-10 1.90998898404e-22
20229.755826 3.80028441053e-10 6.69641937539e-23
20252.9817225 3.65914262469e-10 1.8778311067e-22
20276.2076189 3.09460181397e-10 2.51649017531e-22
20299.4335154 3.18977763161e-10 1.99248862791e-22
20322.6594119 3.79045214216e-10 2.2956620667e-22
20345.8853083 3.73421831197e-10 4.50962232899e-23
20369.1112048 2.59773407494e-10 6.3625418947e-23
20392.3371013 1.39639658286e-10 2.31327007517e-22
20415.5629977 1.5785815491e-10 4.75556102172e-23
20438.7888942 3.78376851046e-10 7.75966121693e-23
20462.0147907 5.055371121e-10 7.56417591173e-24
20485.2406872 4.2947885041e-10 2.6170442572e-22
20508.4665836 2.8912000198e-10 2.59254387055e-22
20531.6924801 2.70134892125e-10 1.35028890148e-22
20554.9183766 4.38544412385e-10 4.94540930583e-23
20578.144273 5.28033501045e-10 5.77275862324e-23
20601.3701695 4.29464611364e-10 1.60877792687e-22
20624.596066 2.21983170851e-10 1.46343790711e-22
20647.8219625 1.66098344138e-10 5.97868042797e-23
20671.0478589 2.7767757277e-10 1.7882967522e-22
20694.2737554 3.32231554978e-10 1.04089574062e-22
20717.4996519 3.10446792263e-10 1.61102940793e-22
20740.7255483 3.64747936905e-10 9.69859995459e-23
20763.9514448 3.29034714902e-10 5.47803697163e-23
20787.1773413 2.57956903069e-10 2.21927900508e-22
20810.4032378 1.91271147423e-10 1.46418595825e-22
20833.6291342 8.89190042606e-11 1.78419496254e-22
20856.8550307 1.7490134471e-10 1.27817975056e-22
20880.0809272 2.80675142085e-10 1.59117519795e-23
20903.3068236 3.86410147949e-10 1.89751508933e-22
20926.5327201 3.9417194461e-10 2.09800272816e-22
20949.7586166 2.54687087137e-10 2.17640734135e-22
20972.984513 2.13954380858e-10 1.87895021611e-22
20996.2104095 1.97228517566e-10 5.68577016587e-23
21019.436306 2.2008371489e-10 1.56265056358e-22
21042.6622025 1.2183863172e-10 2.15734968241e-22
21065.8880989 9.8862244241e-11 9.7722419247e-23
21089.1139954 1.42241673823e-10 1.79568346218e-22
21112.3398919 2.03616466562e-10 1.20015849003e-22
21135.5657883 1.82854609338e-10 1.12802112127e-22
21158.7916848 1.94374110581e-10 1.69227983593e-22
21182.0175813 1.93072888168e-10 1.48859086594e-22
21205.2434778 1.89273600607e-10 7.31069949776e-23
21228.4693742 1.91348336501e-10 1.46999107341e-22
21251.6952707 2.22626774584e-10 1.52364532411e-22
21274.9211672 1.69351330447e-10 1.09179538913e-22
21298.1470636 1.77690022695e-10 3.04935097342e-23
21321.3729601 2.06132501867e-10 1.00886612627e-22
21344.5988566 1.4862963975e-10 1.28393175307e-22
21367.824753 6.6285533461e-11 1.7183138124e-22
21391.0506495 5.50335225459e-11 1.90455021947e-23
21414.276546 1.17750117622e-10 1.12025375872e-22
21437.5024425 1.36916801654e-10 1.00217212517e-22
21460.7283389 1.33471214851e-10 6.34400861346e-23
21483.9542354 8.66078836607e-11 2.38910094776e-22
21507.1801319 8.50261297994e-11 6.26434785607e-23
21530.4060283 9.48911082915e-11 4.21883192228e-23
21553.6319248 1.01375478643e-10 1.71425779516e-22
21576.8578213 8.97720558696e-11 1.58891970491e-22
21600.0837178 5.51272714148e-11 1.74678969348e-22
21623.3096142 4.92522809283e-11 9.0128355727e-23
21646.5355107 7.20964780362e-11 1.44998550228e-22
21669.7614072 1.14568337086e-10 9.19075644115e-23
21692.9873036 1.03807673051e-10 7.05482261941e-23
21716.2132001 7.07231561789e-11 1.42253060305e-22
21739.4390966 1.77897595859e-11 2.02611489534e-22
21762.664993 7.8148298328e-11 1.15875557168e-22
21785.8908895 1.00586757547e-10 1.8432550161e-22
21809.116786 1.39022672568e-10 1.8103006453e-22
21832.3426825 1.01218192634e-10 3.97233974821e-23
21855.5685789 8.92420409681e-11 9.04411760804e-23
21878.7944754 7.08983444566e-11 1.07389855316e-22
21902.0203719 4.67761019691e-11 2.45096345334e-22
21925.2462683 6.35029908372e-11 1.7368518933e-22
21948.4721648 8.37246901177e-11 8.67208103584e-23
21971.6980613 1.06824914965e-10 8.40044715204e-23
21994.9239578 9.43002586818e-11 1.21824158143e-22
22018.1498542 5.97116174408e-11 2.2212354691e-22
22041.3757507 1.3863784644e-11 1.57566471396e-22
22064.6016472 9.87234803113e-11 8.84606415393e-23
22087.8275436 1.23580942288e-10 1.55275091202e-22
22111.0534401 1.47392554072e-10 1.90827173729e-22
22134.2793366 1.49623350088e-10 7.68267290774e-23
22157.5052331 8.18024967764e-11 2.44971122292e-22
22180.7311295 6.63176777806e-11 2.31322013743e-22
22203.957026 9.84848794627e-11 3.0551877195e-22
22227.1829225 1.61968032285e-10 1.49773755771e-22
22250.4088189 1.58701488659e-10 1.2763971969e-22
22273.6347154 1.64632117432e-10 1.27008418818e-22
22296.8606119 1.05990785806e-10 4.50071493828e-23
22320.0865083 8.21559734949e-11 2.24752411198e-22
22343.3124048 1.01310131257e-10 3.67181842819e-23
22366.5383013 1.13214943294e-10 1.52603712554e-22
22389.7641978 1.51104809946e-10 1.84703400041e-22
22412.9900942 1.76743699099e-10 2.78866099786e-22
22436.2159907 1.17788374316e-10 2.24083122636e-22
22459.4418872 7.41396566962e-11 1.18625950245e-22
22482.6677836 1.62842921194e-10 1.45773724301e-22
22505.8936801 1.84426878069e-10 2.21516211695e-22
22529.1195766 1.13579289e-10 1.68718102737e-22
22552.3454731 6.91083183994e-11 1.59636632349e-22
22575.5713695 1.18072939898e-10 1.28975379611e-22
22598.797266 1.06064425697e-10 1.46716760318e-22
22622.0231625 1.13336853877e-10 2.45722950662e-22
22645.2490589 6.60723042025e-11 1.13070211258e-22
22668.4749554 6.62669768156e-11 1.36145998874e-23
22691.7008519 6.98629053312e-11 1.29070303724e-22
22714.9267483 8.89064937436e-11 1.3097942238e-22
22738.1526448 1.17080466211e-10 2.57501325861e-22
22761.3785413 8.29599840712e-11 1.11337893189e-22
22784.6044378 8.20081185356e-11 7.61324395192e-23
22807.8303342 9.98662364903e-11 9.70362555847e-23
22831.0562307 8.24720641464e-11 5.70981559655e-23
22854.2821272 7.66141884466e-11 1.94867842664e-22
22877.5080236 8.57908276505e-11 2.76861864448e-22
22900.7339201 9.24298383425e-11 4.12555945213e-23
22923.9598166 7.81324979063e-11 1.91185203579e-22
22947.1857131 7.22274586429e-11 2.35895740809e-22
22970.4116095 9.25341971313e-11 2.47037629635e-23
22993.637506 5.94490800846e-11 2.32375302911e-22
23016.8634025 8.92066977644e-11 1.19333550525e-23
23040.0892989 5.28221359934e-11 2.40080716244e-22
23063.3151954 8.72238022165e-11 5.79042910924e-23
23086.5410919 7.52868621181e-11 9.90435873867e-23
23109.7669884 7.25694462168e-11 2.31294743346e-22
23132.9928848 7.14653763409e-11 1.83138637651e-22
23156.2187813 6.02537172156e-11 2.53159175e-22
23179.4446778 7.36307359225e-11 1.17403138592e-22
23202.6705742 7.08240700653e-11 2.00879423787e-22
23225.8964707 8.98765902521e-11 1.33406495087e-22
23249.1223672 7.62102452805e-11 1.89034918215e-22
23272.3482636 7.48008734951e-11 3.18344630123e-22
23295.5741601 3.43943044373e-11 2.32222408373e-22
23318.8000566 6.25133473185e-11 2.79079558956e-23
23342.0259531 5.46433776778e-11 1.61476316865e-22
23365.2518495 6.65249415412e-11 1.45058793979e-22
23388.477746 7.41361771027e-11 6.96765358318e-23
23411.7036425 6.75719440769e-11 8.46800395363e-23
23434.9295389 5.96775081327e-11 1.19083177759e-22
23458.1554354 6.76512486027e-11 2.3760936097e-22
23481.3813319 7.83464210454e-11 1.59527482999e-22
23504.6072284 7.42400486863e-11 1.17181240895e-22
23527.8331248 8.30807621912e-11 1.21509311189e-22
23551.0590213 6.31039079039e-11 8.6448839059e-23
23574.2849178 6.60199290385e-11 3.36011692207e-22
23597.5108142 7.35632614399e-11 9.55510359265e-23
23620.7367107 5.06816396907e-11 1.65455737339e-22
23643.9626072 6.05561321048e-11 2.18474566307e-22
23667.1885036 7.93662827151e-11 1.70250679568e-22
23690.4144001 9.41154934922e-11 1.77070543156e-22
23713.6402966 8.20223224699e-11 7.54497807103e-23
23736.8661931 5.95101197524e-11 1.06533245258e-22
23760.0920895 7.28565725924e-11 1.88779304399e-22
23783.317986 8.24748993311e-11 2.89768036831e-22
23806.5438825 8.22548368853e-11 1.01427111631e-22
23829.7697789 7.3255124717e-11 2.41417793459e-22
23852.9956754 9.95306397234e-11 2.61254715945e-22
23876.2215719 8.55448590177e-11 2.45016142037e-22
23899.4474684 6.28762718482e-11 3.11845755439e-22
23922.6733648 5.79897305905e-11 6.5806244256e-23
23945.8992613 6.47869751088e-11 8.41811886159e-23
23969.1251578 7.47782237244e-11 1.70404777092e-22
23992.3510542 8.50994081807e-11 1.22729541528e-22
24015.5769507 8.19512628274e-11 2.10917985617e-22
24038.8028472 7.72078477525e-11 1.37624589036e-22
24062.0287436 6.93786961215e-11 2.23412441949e-22
24085.2546401 6.210598615e-11 1.18540576469e-22
24108.4805366 7.95253076585e-11 1.87007860889e-22
24131.7064331 7.02568326482e-11 2.29335346747e-22
24154.9323295 6.21201206318e-11 1.6572176639e-22
24178.158226 6.8862399268e-11 1.58191953016e-22
24201.3841225 6.81358811627e-11 1.87629422676e-22
24224.6100189 6.66712312828e-11 5.79122840047e-23
24247.8359154 6.33218969258e-11 2.52535255642e-22
24271.0618119 5.57316894378e-11 8.23893174226e-23
24294.2877084 6.47600295527e-11 3.64637803628e-22
24317.5136048 7.63472969019e-11 1.63614745876e-22
24340.7395013 7.42954313162e-11 1.730206239e-22
24363.9653978 6.09452133318e-11 2.2584246057e-22
24387.1912942 5.55561655635e-11 7.95033435081e-23
24410.4171907 6.64624113814e-11 1.89566822642e-22
24433.6430872 6.84269263231e-11 2.07819440171e-22
24456.8689837 6.29703200387e-11 1.13535592167e-22
24480.0948801 6.34010524229e-11 5.12609827644e-23
24503.3207766 6.37733434753e-11 2.63735923826e-22
24526.5466731 7.23822259677e-11 1.44908575953e-22
24549.7725695 7.28148583598e-11 1.30683541141e-22
24572.998466 6.76043034909e-11 1.19450689097e-22
24596.2243625 6.56928638073e-11 2.57671047829e-22
24619.4502589 7.0083250263e-11 3.42713589598e-22
24642.6761554 6.95792519948e-11 4.48836404784e-23
24665.9020519 6.87572258942e-11 1.38379111784e-22
24689.1279484 6.27975069015e-11 1.62572531419e-22
24712.3538448 6.28747833172e-11 1.20830506422e-22
24735.5797413 7.4414882932e-11 1.35276431942e-22
24758.8056378 7.30789984836e-11 2.71965823403e-23
24782.0315342 6.8861753256e-11 1.30454582719e-22
24805.2574307 6.49387222421e-11 7.2331231295e-23
24828.4833272 7.09005293634e-11 4.43413234391e-22
24851.7092237 7.46755297128e-11 2.12528716697e-22
24874.9351201 7.62091481503e-11 1.30094630516e-22
24898.1610166 6.66758998127e-11 2.78258831526e-22
24921.3869131 6.3650675811e-11 1.580321962e-22
24944.6128095 7.01435486922e-11 3.28689994567e-22
24967.838706 7.60885605334e-11 7.46129065032e-23
24991.0646025 7.99057517808e-11 2.66488399548e-22
25014.2904989 7.76216194883e-11 1.54920210242e-22
25037.5163954 7.18619598857e-11 1.41847479152e-22
25060.7422919 7.52605130285e-11 7.01767844131e-23
25083.9681884 7.40917672691e-11 1.02174792495e-22
25107.1940848 7.47512841279e-11 2.11137687052e-22
25130.4199813 6.95544157045e-11 2.08845644488e-22
25153.6458778 6.91687309403e-11 1.83192732562e-22
25176.8717742 7.41313132589e-11 2.31845314453e-23
25200.0976707 7.72909504691e-11 3.57442776601e-22
25223.3235672 7.38904475177e-11 1.28019254934e-22
25246.5494637 6.62556068354e-11 2.63854596763e-22
25269.7753601 7.02156827721e-11 4.24643812842e-23
25293.0012566 7.70610827194e-11 8.7991192043e-23
25316.2271531 7.98542794119e-11 2.23196192692e-22
25339.4530495 7.27130281922e-11 8.72087647644e-23
25362.678946 7.13222389225e-11 3.26704813695e-22
25385.9048425 7.8441303251e-11 5.20032623185e-23
25409.130739 8.27116440984e-11 1.31666404993e-22
25432.3566354 7.99939450941e-11 4.19694735007e-22
25455.5825319 7.61551724542e-11 1.90926046011e-22
25478.8084284 7.31409024645e-11 1.09377048526e-22
25502.0343248 7.24041397958e-11 1.46242429743e-22
25525.2602213 7.0873260031e-11 9.82399354939e-23
25548.4861178 6.94493082572e-11 4.02664851038e-22
25571.7120142 7.14383310876e-11 2.82150426314e-22
25594.9379107 7.42076819326e-11 1.16325482082e-22
25618.1638072 7.45455657009e-11 2.85783033288e-23
25641.3897037 7.19318877775e-11 8.17568672148e-23
25664.6156001 6.79744785364e-11 7.34827207309e-22
25687.8414966 6.39433181155e-11 9.51489740576e-23
25711.0673931 6.56100256276e-11 2.48784014416e-23
25734.2932895 7.03051616153e-11 2.26443563038e-22
25757.519186 7.17112195671e-11 3.53181512417e-22
25780.7450825 6.9021687055e-11 6.65130986307e-22
25803.970979 6.86541429182e-11 2.33510099085e-22
25827.1968754 6.77473535643e-11 1.5823010929e-22
25850.4227719 6.45056111957e-11 1.96689690307e-22
25873.6486684 5.97516320123e-11 2.45231500129e-23
25896.8745648 5.94757689246e-11 3.52113386979e-23
25920.1004613 6.56565420807e-11 1.08605933291e-22
25943.3263578 6.72737902328e-11 7.51167540267e-23
25966.5522542 6.77707779319e-11 1.12667420188e-22
25989.7781507 6.99327859798e-11 5.3396996327e-22
26013.0040472 6.99024953323e-11 4.37476773277e-22
26036.2299437 6.92711532794e-11 1.84670761024e-22
26059.4558401 7.01985697186e-11 2.71157206186e-22
26082.6817366 7.0718329671e-11 7.24068749584e-22
26105.9076331 6.94544094497e-11 7.15924144092e-22
26129.1335295 7.09484841434e-11 4.4327197937e-22
26152.359426 6.89428397458e-11 9.9291952844e-23
26175.5853225 7.06517264005e-11 2.28830811161e-22
26198.811219 7.19064175903e-11 5.60141484452e-23
26222.0371154 7.02873804366e-11 1.98493227291e-22
26245.2630119 6.91594802297e-11 3.90545513269e-23
26268.4889084 6.75396652932e-11 2.43898368278e-22
26291.7148048 6.80111979403e-11 2.89319835142e-22
26314.9407013 6.81352093753e-11 5.04271751887e-22
26338.1665978 6.61367932549e-11 2.2135870462e-22
26361.3924942 6.5445187178e-11 2.54659214467e-22
26384.6183907 6.58459469354e-11 5.04370572643e-22
26407.8442872 6.585264842e-11 5.69862747754e-22
26431.0701837 6.69182522612e-11 1.42840365373e-22
26454.2960801 6.64222145087e-11 2.06418451927e-22
26477.5219766 6.74399429183e-11 7.41553258739e-23
26500.7478731 6.7993124527e-11 3.00786722119e-22
26523.9737695 6.78094654473e-11 8.74112147447e-23
26547.199666 6.70676452864e-11 1.20173512782e-22
26570.4255625 6.19070091784e-11 4.14619208278e-22
26593.651459 6.09072076442e-11 5.09387930502e-22
26616.8773554 6.15171745522e-11 1.68259774276e-22
26640.1032519 6.16841278961e-11 2.25985080557e-22
26663.3291484 5.73123197828e-11 1.30122811879e-22
26686.5550448 5.61647634808e-11 5.25308552053e-22
26709.7809413 6.02687700692e-11 4.27745769449e-22
26733.0068378 5.92184264391e-11 1.01549177422e-22
26756.2327343 5.97501954276e-11 3.69734460755e-22
26779.4586307 5.80267935712e-11 2.32312787481e-22
26802.6845272 5.86416591703e-11 5.67904996358e-22
26825.9104237 5.91571214845e-11 2.73711048109e-22
26849.1363201 5.6473123033e-11 5.46292838195e-23
26872.3622166 5.7183409957e-11 2.52916210412e-22
26895.5881131 5.73894813725e-11 4.22464101775e-22
26918.8140095 5.97721646132e-11 9.50204082699e-22
26942.039906 5.99200107243e-11 3.8632827829e-22
26965.2658025 5.90885326258e-11 7.25394725718e-22
26988.491699 5.7933581865e-11 4.05983464255e-22
27011.7175954 5.83095538993e-11 4.34476306064e-22
27034.9434919 5.6966105072e-11 1.12425860591e-21
27058.1693884 5.79327421846e-11 2.3662505604e-22
27081.3952848 5.4946824205e-11 8.68311908421e-23
27104.6211813 5.02225625107e-11 8.95295787124e-22
27127.8470778 5.11699718163e-11 8.11235394172e-22
27151.0729743 5.07515454645e-11 7.58393894019e-22
27174.2988707 5.24551684686e-11 4.49285632267e-22
27197.5247672 5.04288244986e-11 7.79412968533e-22
27220.7506637 4.68112345015e-11 3.38963018159e-22
27243.9765601 4.93901524284e-11 4.7657773753e-22
27267.2024566 4.91429718225e-11 4.05897140407e-22
27290.4283531 4.89389841267e-11 2.79007360568e-22
27313.6542495 4.76306720523e-11 4.26313585577e-22
27336.880146 4.32757517219e-11 7.12006257489e-22
27360.1060425 4.62961774274e-11 2.17587067005e-22
27383.331939 4.42516652649e-11 7.85249139726e-22
27406.5578354 4.57158226921e-11 2.56933944867e-22
27429.7837319 4.51404259832e-11 1.0288909512e-22
27453.0096284 4.27815701348e-11 9.62357162141e-23
27476.2355248 4.53189951185e-11 4.53149248807e-23
27499.4614213 4.62106437922e-11 1.03622081233e-22
27522.6873178 4.65886512124e-11 2.38400559501e-22
27545.9132143 4.80378095951e-11 3.06041509173e-22
27569.1391107 4.53865417602e-11 2.49848510124e-22
27592.3650072 4.74769321137e-11 8.12739346505e-23
27615.5909037 4.59604500866e-11 3.31044578363e-23
27638.8168001 4.54505017037e-11 7.14985943287e-23
27662.0426966 4.57231572281e-11 1.25085214073e-22
27685.2685931 4.10004266634e-11 1.31848249935e-22
27708.4944895 4.05478264952e-11 9.82132914861e-23
27731.720386 4.12816291705e-11 7.82301282755e-23
27754.9462825 3.93518039449e-11 5.82581423755e-23
27778.172179 3.74734074621e-11 8.96965523103e-23
27801.3980754 3.71210427979e-11 1.84557779754e-22
27824.6239719 3.62126999259e-11 1.0956768007e-22
27847.8498684 3.50703961726e-11 7.43315272714e-23
27871.0757648 3.53660155117e-11 5.13406867373e-23
27894.3016613 3.39158928542e-11 6.90814712073e-23
27917.5275578 3.34582539776e-11 6.11697269447e-23
27940.7534543 3.36149802454e-11 1.70100710242e-23
27963.9793507 3.37198399866e-11 2.20643400534e-23
27987.2052472 3.3502989281e-11 6.00447542043e-24
28010.4311437 3.14402070129e-11 1.09198576224e-23
28033.6570401 3.20315892759e-11 2.51361065227e-23
28056.8829366 3.07060768816e-11 5.64263891852e-23
28080.1088331 3.03366835754e-11 4.19975817632e-23
28103.3347296 2.76055795199e-11 2.53627152927e-23
28126.560626 2.97981896489e-11 6.3687150499e-23
28149.7865225 2.76568461944e-11 8.03388592475e-23
28173.012419 2.80626896398e-11 2.32470489324e-22
28196.2383154 2.61344418004e-11 1.07581870613e-23
28219.4642119 2.79632486627e-11 1.14231132517e-22
28242.6901084 2.79509078969e-11 1.45838112909e-22
28265.9160048 2.86928951884e-11 3.18026319363e-23
28289.1419013 2.86524471386e-11 4.51090197231e-23
28312.3677978 2.96764656068e-11 2.52612703963e-23
28335.5936943 2.8221776281e-11 4.44594355991e-23
28358.8195907 2.85004945978e-11 2.60407171204e-23
28382.0454872 2.8466222354e-11 1.02248125916e-23
28405.2713837 2.51108402475e-11 1.85571087998e-23
28428.4972801 2.49676795922e-11 2.6535933592e-24
28451.7231766 2.23706274908e-11 1.60399645284e-23
28474.9490731 2.2788005992e-11 7.32227129455e-23
28498.1749696 2.18636338726e-11 1.95218785836e-23
28521.400866 2.14990765133e-11 6.35057384925e-23
28544.6267625 2.11970212415e-11 7.11934759959e-23
28567.852659 2.14769551984e-11 3.29844613343e-23
28591.0785554 2.13470107111e-11 9.84983911271e-23
28614.3044519 2.03925956437e-11 4.40763726129e-23
28637.5303484 2.04069495639e-11 6.68757856243e-23
28660.7562448 1.91125954455e-11 1.05312692163e-23
28683.9821413 1.98802490193e-11 7.62994057967e-23
28707.2080378 1.85979097739e-11 1.82532360052e-22
28730.4339343 1.82830957278e-11 8.39730592114e-23
28753.6598307 1.81376840083e-11 7.23662191385e-23
28776.8857272 1.74358068832e-11 8.7014406118e-23
28800.1116237 1.79319929842e-11 1.45135146742e-22
28823.3375201 1.74509888216e-11 2.98137595783e-22
28846.5634166 1.6185556562e-11 8.32185662752e-23
28869.7893131 1.59591559592e-11 2.91401939606e-22
28893.0152096 1.6151103807e-11 1.50591488377e-22
28916.241106 1.57600642547e-11 7.21251995506e-23
28939.4670025 1.5872449624e-11 6.13448090906e-23
28962.692899 1.62203523439e-11 1.69803910118e-22
28985.9187954 1.60990217497e-11 1.5500256857e-22
29009.1446919 1.61462043584e-11 1.74351463655e-22
29032.3705884 1.60883313388e-11 6.48531978073e-22
29055.5964849 1.60289315062e-11 7.18054782633e-22
29078.8223813 1.52960899845e-11 9.07931999725e-22
29102.0482778 1.502602701e-11 7.27105599175e-22
29125.2741743 1.46964930833e-11 3.09459177965e-22
29148.5000707 1.36991358481e-11 5.9362144488e-22
29171.7259672 1.3074693718e-11 9.14395880244e-22
29194.9518637 1.23313283295e-11 4.90511187357e-22
29218.1777601 1.17662566171e-11 7.81255501214e-22
29241.4036566 1.1542370516e-11 2.76955959797e-22
29264.6295531 1.15158944839e-11 4.44978616156e-22
29287.8554496 1.14257914753e-11 1.18350401782e-21
29311.081346 1.09346807862e-11 4.08399101076e-22
29334.3072425 1.08359745276e-11 4.91092260859e-22
29357.533139 1.08839009897e-11 6.66701129682e-22
29380.7590354 1.00672748532e-11 1.10094334561e-21
29403.9849319 1.00504601537e-11 6.96045827441e-22
29427.2108284 1.02626984057e-11 5.97767664575e-22
29450.4367249 1.00736133227e-11 1.02504317784e-21
29473.6626213 1.00529915798e-11 5.94207766304e-22
29496.8885178 9.62076036938e-12 2.93894490987e-22
29520.1144143 9.20825456072e-12 1.2571320872e-22
29543.3403107 9.00890504377e-12 8.22705621786e-23
29566.5662072 9.09332904881e-12 9.49680832553e-23
29589.7921037 8.95329891505e-12 2.63008975182e-22
29613.0180001 9.0323860914e-12 1.38193397795e-22
29636.2438966 8.79399289119e-12 3.02980330693e-22
29659.4697931 8.40181619566e-12 3.00632028158e-22
29682.6956896 8.29762806576e-12 2.2316089608e-22
29705.921586 8.37542830523e-12 4.82172218995e-22
29729.1474825 8.38396058517e-12 5.35092675924e-22
29752.373379 7.78822452711e-12 2.75417485811e-22
29775.5992754 7.68877317892e-12 1.14750158516e-22
29798.8251719 7.50698138448e-12 2.16931553328e-22
29822.0510684 7.01675545227e-12 2.79280609088e-22
29845.2769649 6.50198910799e-12 1.07748868191e-22
29868.5028613 6.16229933177e-12 1.16789534159e-22
29891.7287578 6.02333537687e-12 1.03800255238e-22
29914.9546543 5.8525677109e-12 4.71618884522e-22
29938.1805507 5.81091522633e-12 2.12520290272e-22
29961.4064472 5.82717931419e-12 1.70985916135e-23
29984.6323437 5.83329087777e-12 4.10719801538e-22
30007.8582401 5.79883512815e-12 4.26444285427e-22
30031.0841366 5.99200171585e-12 1.47026067148e-22
30054.3100331 5.91059641619e-12 1.11530343245e-22
30077.5359296 5.89068291118e-12 1.28701196778e-22
30100.761826 5.58120207275e-12 3.33190000119e-22
30123.9877225 5.37331024714e-12 3.74332938433e-22
30147.213619 5.12481441171e-12 1.41403889984e-22
30170.4395154 4.91957960469e-12 2.49137418189e-22
30193.6654119 4.69800882888e-12 2.05299158026e-22
30216.8913084 4.44738545842e-12 4.0342533822e-22
30240.1172049 4.18877336499e-12 2.88753681371e-22
30263.3431013 3.99061051286e-12 3.09662840629e-22
30286.5689978 3.87386662955e-12 3.71137576351e-22
30309.7948943 3.8758191778e-12 1.9583862103e-22
30333.0207907 3.73922586422e-12 1.00426865892e-22
30356.2466872 3.60995290609e-12 3.81235481e-22
30379.4725837 3.52275393849e-12 7.88556265237e-23
30402.6984802 3.56326416454e-12 1.62761996781e-22
30425.9243766 3.79905970482e-12 2.46907273322e-22
30449.1502731 3.95775248299e-12 3.01193690325e-23
30472.3761696 3.92195579933e-12 1.61958206339e-22
30495.602066 3.95696395633e-12 1.49276624876e-22
30518.8279625 4.00836267795e-12 6.32139559922e-23
30542.053859 4.05219590788e-12 4.03122455079e-22
30565.2797554 3.97296243738e-12 2.25034264213e-23
30588.5056519 3.88785232755e-12 9.71173737921e-23
30611.7315484 3.71827749255e-12 2.25043483021e-22
30634.9574449 3.4709707437e-12 3.64970081638e-22
30658.1833413 3.20644097082e-12 3.4834918434e-22
30681.4092378 3.09279487299e-12 1.28116620714e-22
30704.6351343 3.06726498357e-12 1.03003394642e-22
30727.8610307 3.10561759647e-12 2.94482231875e-22
30751.0869272 3.08246634517e-12 1.70303285083e-22
30774.3128237 2.99951249991e-12 2.83876407227e-23
30797.5387202 2.73520692072e-12 7.12729782879e-23
30820.7646166 2.47691508247e-12 3.76437406274e-22
30843.9905131 2.30942666191e-12 2.81588136778e-22
30867.2164096 2.28845585152e-12 1.06322699619e-22
30890.442306 2.27215939917e-12 1.04785928692e-22
30913.6682025 2.19967314618e-12 1.4163665999e-22
30936.894099 2.08770704724e-12 1.25493404759e-22
30960.1199954 2.08938973238e-12 1.87785110909e-22
30983.3458919 2.16200877943e-12 1.27538695886e-22
31006.5717884 2.34565747573e-12 1.15125565567e-22
31029.7976849 2.33484375738e-12 1.60966771304e-22
31053.0235813 2.37733924334e-12 1.53449588281e-22
31076.2494778 2.32915383178e-12 2.82017511165e-22
31099.4753743 2.34917170883e-12 4.01931697356e-23
31122.7012707 2.32380530973e-12 1.09763265401e-22
31145.9271672 2.31071031452e-12 1.8912130367e-22
31169.1530637 2.30787613757e-12 5.29173979848e-23
31192.3789602 2.28077566598e-12 1.58072839945e-22
31215.6048566 2.30686609227e-12 1.33739780405e-22
31238.8307531 2.23731834749e-12 1.10353530545e-22
31262.0566496 2.15184310422e-12 2.10438534314e-22
31285.282546 2.0229641615e-12 2.05596181329e-22
31308.5084425 1.85569876545e-12 6.57441886421e-23
31331.734339 1.7557076451e-12 6.49018554155e-23
31354.9602355 1.63906993509e-12 1.40086650693e-22
31378.1861319 1.56394029319e-12 3.63626763202e-22
31401.4120284 1.42326223808e-12 1.1385445695e-22
31424.6379249 1.25247779194e-12 1.87365309686e-22
31447.8638213 1.10792132681e-12 1.53263706766e-22
31471.0897178 1.07649064472e-12 2.20510465625e-22
31494.3156143 1.08226915642e-12 2.55891680331e-22
31517.5415107 1.1576676347e-12 2.28281508941e-22
31540.7674072 1.22515975112e-12 2.17227745226e-22
31563.9933037 1.2702117634e-12 3.09733565837e-22
31587.2192002 1.28233785176e-12 1.87984831504e-22
31610.4450966 1.28225292848e-12 1.1014846377e-22
31633.6709931 1.3211766451e-12 1.45158701092e-22
31656.8968896 1.28206762053e-12 2.23197530117e-22
31680.122786 1.28486250625e-12 3.94329638284e-22
31703.3486825 1.30071699352e-12 3.96096182865e-23
31726.574579 1.27754738577e-12 1.84718307583e-22
31749.8004755 1.27912199829e-12 1.16945076272e-22
31773.0263719 1.16524661773e-12 1.50088124104e-22
31796.2522684 1.08162707984e-12 2.55252761898e-22
31819.4781649 1.01938923274e-12 1.54403505176e-22
31842.7040613 9.14361970687e-13 2.96902248801e-22
31865.9299578 8.08124647156e-13 2.83390568586e-22
31889.1558543 7.29284666027e-13 1.46585824075e-22
31912.3817507 7.07745858025e-13 1.98136154207e-22
31935.6076472 6.65247161035e-13 2.11875175222e-22
31958.8335437 6.40811794631e-13 1.73135708348e-22
31982.0594402 6.29402003339e-13 2.89009109552e-22
32005.2853366 6.39905508136e-13 2.27194403235e-23
32028.5112331 5.89674869712e-13 1.04562461831e-22
32051.7371296 5.56773565991e-13 9.56767850431e-23
32074.963026 5.16164479393e-13 6.61392994264e-23
32098.1889225 5.81288297783e-13 9.24416982668e-23
32121.414819 5.97383651293e-13 1.8699897184e-22
32144.6407155 5.83591084438e-13 1.98133937684e-22
32167.8666119 6.05821596975e-13 1.31722289569e-22
32191.0925084 6.37703627675e-13 1.32799593563e-22
32214.3184049 6.36119330254e-13 2.55426946154e-22
32237.5443013 6.10957757226e-13 2.13873180809e-22
32260.7701978 5.89985885806e-13 1.47079336148e-22
32283.9960943 5.94869187738e-13 2.11041695163e-22
32307.2219907 5.08883150253e-13 2.09719336322e-22
32330.4478872 5.02895904337e-13 1.42151680923e-22
32353.6737837 4.95308776555e-13 1.57133611691e-22
32376.8996802 4.56625318144e-13 1.20231372201e-22
32400.1255766 3.97713248934e-13 3.39027116574e-22
32423.3514731 3.41133381772e-13 3.19957848662e-22
32446.5773696 3.11257995338e-13 1.62850312988e-22
32469.803266 2.51087975495e-13 2.64433063206e-22
32493.0291625 2.94830745878e-13 1.55090369375e-22
32516.255059 2.86817915137e-13 3.54960622895e-22
32539.4809555 2.47248934695e-13 8.08921322231e-23
32562.7068519 2.60184453422e-13 2.53873372053e-22
32585.9327484 2.31480726153e-13 1.14770831589e-22
32609.1586449 3.11904882459e-13 3.21296968074e-22
32632.3845413 3.49660814495e-13 1.49345521383e-22
32655.6104378 3.84115227042e-13 1.61614109214e-22
32678.8363343 4.04056504995e-13 2.83316372973e-22
32702.0622308 3.89357179902e-13 2.4017936041e-22
32725.2881272 3.77460702694e-13 1.34754934629e-22
32748.5140237 3.65536245157e-13 1.5768725062e-22
32771.7399202 3.28519759033e-13 1.49791569797e-22
32794.9658166 3.08549917553e-13 1.59979854174e-22
32818.1917131 3.0158809106e-13 2.09753611792e-22
32841.4176096 2.83175972524e-13 2.44231763597e-22
32864.643506 2.4770782834e-13 2.14326698336e-22
32887.8694025 2.00871763702e-13 1.63937498692e-22
32911.095299 2.00241463358e-13 1.767168171e-22
32934.3211955 1.74248483842e-13 2.57417109829e-22
32957.5470919 1.71112962102e-13 1.41188310066e-22
32980.7729884 1.61463790131e-13 2.05724132414e-22
33003.9988849 1.60473924785e-13 3.85385559548e-23
33027.2247813 1.57991288469e-13 2.6949707932e-22
33050.4506778 1.64135062536e-13 2.13534284591e-22
33073.6765743 1.76719512768e-13 1.7733582855e-22
33096.9024708 2.02963834027e-13 3.31161900564e-22
33120.1283672 2.10092714645e-13 8.89091794532e-23
33143.3542637 2.26288126283e-13 4.5875730965e-23
33166.5801602 2.52183661797e-13 1.95000025407e-22
33189.8060566 2.65014379008e-13 1.86733814427e-23
33213.0319531 2.65580756046e-13 1.61676933506e-22
33236.2578496 2.62606182848e-13 4.23816740939e-22
33259.483746 2.5676297953e-13 1.05927968835e-22
33282.7096425 2.44793256384e-13 2.18974178827e-22
33305.935539 2.38927762152e-13 7.03098744914e-23
33329.1614355 2.20492807923e-13 1.70851238354e-22
33352.3873319 2.01768431346e-13 2.4995508992e-22
33375.6132284 1.88127105958e-13 1.03564797628e-22
33398.8391249 1.76512900925e-13 2.53052922e-22
33422.0650213 1.69508973522e-13 8.59259390415e-23
33445.2909178 1.52186471762e-13 1.57856233801e-22
33468.5168143 1.41643873749e-13 1.85895356964e-22
33491.7427108 1.27176737542e-13 1.60659317979e-22
33514.9686072 1.39287099572e-13 1.66420467219e-22
33538.1945037 1.37811438197e-13 1.39306749402e-22
33561.4204002 1.40717101328e-13 1.30479575581e-22
33584.6462966 1.40424439664e-13 9.54156822754e-23
33607.8721931 1.24156309372e-13 1.25736758879e-22
33631.0980896 1.38228152837e-13 2.31346043583e-22
33654.3239861 1.40872934134e-13 1.43724575876e-22
33677.5498825 1.42683159205e-13 1.40775449223e-22
33700.775779 1.44597145365e-13 9.28201509801e-23
33724.0016755 1.45351480392e-13 7.20042427125e-23
33747.2275719 1.52653045539e-13 2.82108783371e-22
33770.4534684 1.51219075607e-13 1.62086760997e-22
33793.6793649 1.47524138672e-13 1.85777403835e-22
33816.9052613 1.39170722773e-13 1.50911002718e-22
33840.1311578 1.32531349047e-13 1.62220106588e-22
33863.3570543 1.10482587922e-13 3.30406592001e-22
33886.5829508 1.1009726632e-13 1.45316770015e-22
33909.8088472 1.06779632894e-13 1.65209968584e-22
33933.0347437 1.01965863553e-13 1.48910237673e-22
33956.2606402 8.9005002893e-14 2.61424918729e-22
33979.4865366 8.48185597114e-14 1.22796544553e-22
34002.7124331 8.05969425917e-14 6.80719117319e-23
34025.9383296 7.09387908087e-14 5.62758477058e-23
34049.1642261 6.39274385213e-14 1.60094349432e-22
34072.3901225 5.75466206565e-14 1.24322765055e-22
34095.616019 5.4651279009e-14 1.60648156695e-22
34118.8419155 5.22797702888e-14 1.09431642e-22
34142.0678119 4.67919828794e-14 9.97213418214e-23
34165.2937084 4.87901828583e-14 1.75916803635e-22
34188.5196049 4.7714566128e-14 1.43820699304e-22
34211.7455013 4.83872406582e-14 4.40424567999e-23
34234.9713978 4.70734091658e-14 9.97283917995e-23
34258.1972943 5.70779164318e-14 1.39347064935e-22
34281.4231908 6.48031227943e-14 1.35915850244e-22
34304.6490872 6.42711172642e-14 1.99426890016e-22
34327.8749837 6.11712305728e-14 7.63420049794e-23
34351.1008802 5.78056238477e-14 3.616182836e-23
34374.3267766 6.26727807158e-14 2.45820551321e-22
34397.5526731 5.78232757084e-14 1.14104991424e-22
34420.7785696 5.62032587141e-14 1.43362120734e-22
34444.0044661 5.02322118285e-14 1.94913807493e-22
34467.2303625 4.58389527704e-14 9.95204945644e-23
34490.456259 3.76849121708e-14 1.79041885745e-22
34513.6821555 3.07496901356e-14 3.89427859371e-23
34536.9080519 3.25954090261e-14 1.43079106039e-22
34560.1339484 3.0528445775e-14 1.81453023089e-22
34583.3598449 3.14834547683e-14 1.77760088776e-22
34606.5857413 2.88511376419e-14 1.934424811e-22
34629.8116378 3.02022183398e-14 6.1646447701e-23
34653.0375343 2.83856429761e-14 1.10795466464e-22
34676.2634308 2.68885346654e-14 1.34393352967e-22
34699.4893272 2.93361482058e-14 2.01760653091e-22
34722.7152237 3.02050521672e-14 1.7033001365e-22
34745.9411202 2.99319349303e-14 9.62910577707e-23
34769.1670166 2.72977848807e-14 1.81385738913e-22
34792.3929131 2.82639529576e-14 2.32335095093e-22
34815.6188096 2.72116738236e-14 5.34232381535e-23
34838.8447061 2.61597902041e-14 2.36254077382e-22
34862.0706025 2.25614786222e-14 2.00352087486e-22
34885.296499 1.98251306111e-14 1.92643395406e-22
34908.5223955 2.03461976714e-14 1.77068826687e-22
34931.7482919 2.01144646423e-14 1.71420149551e-22
34954.9741884 1.86661212578e-14 1.70051178251e-22
34978.2000849 1.6204413968e-14 1.37900695092e-22
35001.4259814 1.74719881892e-14 2.28606611213e-22
35024.6518778 1.95033929061e-14 2.55171165314e-22
35047.8777743 2.10430597323e-14 1.92770996335e-22
35071.1036708 2.07544731429e-14 1.44782843292e-22
35094.3295672 1.93941345698e-14 5.63916165307e-23
35117.5554637 2.00777865013e-14 2.16841888751e-22
35140.7813602 1.59775969375e-14 3.00918617175e-22
35164.0072566 1.38182634203e-14 5.86335945298e-23
35187.2331531 8.95780626693e-15 2.71201929789e-22
35210.4590496 7.14144284454e-15 9.32410514303e-23
35233.6849461 3.00097132712e-15 2.26356451432e-22
35256.9108425 9.45605634894e-16 2.74857841534e-22
35280.136739 4.66516520106e-15 1.83822735772e-22
35303.3626355 5.89052595469e-15 2.08139435116e-22
35326.5885319 1.01079210648e-14 1.07337454757e-22
35349.8144284 9.99389880787e-15 1.78390212521e-22
35373.0403249 9.26317529422e-15 1.84986373321e-22
35396.2662214 1.0763815535e-14 1.53810492245e-22
35419.4921178 1.16870923531e-14 1.74795760769e-22
35442.7180143 8.78543949808e-15 1.73127269669e-22
35465.9439108 6.53005569714e-15 2.26039790324e-22
35489.1698072 5.13267151439e-15 5.09093073103e-23
35512.3957037 9.98746133097e-16 1.31911159079e-22
35535.6216002 1.62776253761e-15 2.67476474148e-22
35558.8474966 3.12318640734e-15 1.81534175725e-22
35582.0733931 8.6244915225e-15 3.11367259297e-22
35605.2992896 1.06177062217e-14 6.17526850807e-23
35628.5251861 1.30678376507e-14 6.88359369494e-23
35651.7510825 1.33449292762e-14 2.75460339047e-22
35674.976979 1.42907433743e-14 1.88000972554e-22
35698.2028755 1.6363441417e-14 2.2396633504e-22
35721.4287719 1.61579921969e-14 1.0382712815e-22
35744.6546684 1.49376902511e-14 1.34383430837e-22
35767.8805649 1.71003282451e-14 2.64003765452e-22
35791.1064614 1.5361925367e-14 1.55759559562e-22
35814.3323578 1.20454197841e-14 2.90322380044e-22
35837.5582543 1.04737616987e-14 1.06860764749e-22
35860.7841508 9.63810040565e-15 1.43065865578e-22
35884.0100472 9.83353904445e-15 2.79933539671e-22
35907.2359437 1.14020324363e-14 1.53272745563e-22
35930.4618402 1.27916104804e-14 1.81357195216e-22
35953.6877366 1.52884679249e-14 4.15232255354e-23
35976.9136331 1.58591199411e-14 1.75364989778e-22
36000.1395296 1.84642096313e-14 3.87936238467e-22
36023.3654261 1.68251169992e-14 1.8091194602e-22
36046.5913225 1.57842140168e-14 2.96032428148e-22
36069.817219 1.48893061708e-14 6.71520979694e-23
36093.0431155 1.24200787827e-14 2.81059521599e-22
36116.2690119 9.61579656317e-15 2.69668151233e-22
36139.4949084 7.99529709501e-15 2.41083714044e-22
36162.7208049 6.6173889755e-15 2.56133344206e-22
36185.9467014 6.13890568321e-15 1.33768380756e-22
36209.1725978 7.86596514901e-15 2.26486723709e-22
36232.3984943 1.07320603495e-14 3.31521701316e-22
36255.6243908 1.31335306723e-14 2.31701675978e-22
36278.8502872 1.45440547101e-14 2.83264216172e-22
36302.0761837 1.69240066989e-14 3.09658454025e-22
36325.3020802 1.91469920834e-14 3.16931470066e-22
36348.5279767 1.98741380846e-14 5.4735623398e-22
36371.7538731 1.97719790414e-14 2.37746405404e-22
36394.9797696 1.78935340177e-14 2.65178981817e-22
36418.2056661 1.59162855891e-14 1.88760747491e-22
36441.4315625 1.53180348078e-14 3.3958090382e-22
36464.657459 1.268325997e-14 5.11491539697e-22
36487.8833555 9.83347019074e-15 2.56015390668e-22
36511.1092519 8.35692554452e-15 2.84484956288e-22
36534.3351484 7.21002500531e-15 3.54994885459e-22
36557.5610449 8.38944838304e-15 4.23665612997e-22
36580.7869414 1.01749509813e-14 3.83061401019e-22
36604.0128378 1.20264238908e-14 1.05017740909e-22
36627.2387343 1.40063720157e-14 4.25202033371e-22
36650.4646308 1.48377394353e-14 1.84502907329e-22
36673.6905272 1.49246588301e-14 2.51496738943e-22
36696.9164237 1.53487299485e-14 4.55890231128e-22
36720.1423202 1.46977185665e-14 3.70602912274e-22
36743.3682167 1.34297294419e-14 5.34758645045e-22
36766.5941131 1.17285852823e-14 2.66442233695e-22
36789.8200096 1.04484802158e-14 2.91080495055e-22
36813.0459061 7.43962097914e-15 4.79305262954e-22
36836.2718025 5.60449406917e-15 4.39744841205e-22
36859.497699 2.8227438668e-15 5.15195145435e-22
36882.7235955 5.67073641651e-16 2.22713941404e-22
36905.9494919 2.25326529814e-15 5.00579037438e-22
36929.1753884 4.51566113244e-15 1.94047381746e-22
36952.4012849 5.87262555938e-15 3.57631163443e-22
36975.6271814 7.22079222408e-15 4.73190284056e-22
36998.8530778 7.82907915526e-15 2.20215266517e-22
37022.0789743 7.78173844751e-15 4.25263814412e-22
37045.3048708 7.71639406615e-15 2.7876942041e-22
37068.5307672 6.92854111076e-15 2.3854388442e-22
37091.7566637 5.4966615818e-15 6.0833807309e-22
37114.9825602 4.60999633789e-15 3.08485550797e-22
37138.2084567 3.73689869634e-15 3.79292750066e-22
37161.4343531 3.24728020911e-15 2.75430597711e-22
37184.6602496 3.59930445049e-15 3.4120467666e-22
37207.8861461 4.51834445681e-15 5.8067850395e-22
37231.1120425 5.92932973961e-15 2.17150262081e-22
37254.337939 7.34051555215e-15 3.44179273964e-22
37277.5638355 8.25062186363e-15 2.09054556131e-22
37300.789732 9.06012856768e-15 2.47719863982e-22
37324.0156284 9.43337004724e-15 4.76128445226e-22
37347.2415249 9.22792398269e-15 3.63879815435e-22
37370.4674214 8.38476903958e-15 4.65293824816e-22
37393.6933178 7.76311138872e-15 2.64864953687e-22
37416.9192143 7.26297783657e-15 5.54446742874e-22
37440.1451108 6.27778428224e-15 5.79628971555e-22
37463.3710072 5.53468657489e-15 1.71973252658e-22
37486.5969037 4.26549126358e-15 3.44892805017e-22
37509.8228002 3.75193430586e-15 3.17407522506e-22
37533.0486967 3.3252124671e-15 4.64970123435e-22
37556.2745931 3.51649655299e-15 5.95824962458e-22
37579.5004896 4.25643275405e-15 1.78475369192e-22
37602.7263861 5.00873840737e-15 6.61492487461e-22
37625.9522825 5.84492904332e-15 4.31975562043e-23
37649.178179 6.33783184896e-15 5.28479604074e-22
37672.4040755 6.71374145365e-15 6.34043531353e-22
37695.629972 6.88121605805e-15 1.41990645449e-22
37718.8558684 6.8284991843e-15 6.12390528582e-22
37742.0817649 6.82039044432e-15 2.11559393761e-22
37765.3076614 6.83362393105e-15 2.43619413189e-22
37788.5335578 6.78339922747e-15 5.78130441513e-22
37811.7594543 6.78784836509e-15 2.8472193895e-22
37834.9853508 6.688891048e-15 5.24845519796e-22
37858.2112472 6.79050445874e-15 1.67463677617e-22
37881.4371437 6.39477513929e-15 3.27374442801e-22
37904.6630402 5.92204076179e-15 5.96778275362e-22
37927.8889367 5.36271951766e-15 2.96310630847e-22
37951.1148331 4.84934210864e-15 3.74367283375e-22
37974.3407296 4.02694141115e-15 2.45038491147e-22
37997.5666261 3.36077016374e-15 3.88428572902e-22
38020.7925225 2.95406861697e-15 6.09814253527e-22
38044.018419 2.83786333199e-15 2.9910602626e-22
38067.2443155 3.05586897166e-15 4.11651359907e-22
38090.470212 3.60844808711e-15 1.58798264704e-22
38113.6961084 4.35543904522e-15 3.30804586153e-22
38136.9220049 5.24670883842e-15 7.79695179203e-22
38160.1479014 5.99288909204e-15 2.92343479907e-22
38183.3737978 6.65599230149e-15 7.01827247825e-22
38206.5996943 7.26922790398e-15 1.87296325103e-22
38229.8255908 7.71722137821e-15 3.33171070924e-22
38253.0514872 8.02161061246e-15 7.64150288255e-22
38276.2773837 8.19355560409e-15 9.20551635706e-23
38299.5032802 8.03721406468e-15 5.56062588145e-22
38322.7291767 7.68835586821e-15 4.03912515745e-22
38345.9550731 7.25600738477e-15 3.09197769264e-22
38369.1809696 6.81328158421e-15 5.88143217794e-22
38392.4068661 6.2509365175e-15 3.01458575843e-22
38415.6327625 5.6778695352e-15 4.09414618934e-22
38438.858659 5.22443292107e-15 1.80230818689e-22
38462.0845555 4.79309044588e-15 4.96933364411e-22
38485.310452 4.56161565682e-15 4.38661085921e-22
38508.5363484 4.41157718754e-15 3.16718763798e-22
38531.7622449 4.2568237731e-15 3.93083368089e-22
38554.9881414 4.39787829768e-15 2.02752997766e-22
38578.2140378 4.56784707169e-15 5.91267750532e-22
38601.4399343 4.88091376815e-15 2.41491265346e-22
38624.6658308 5.26335115963e-15 2.04552348342e-22
38647.8917273 5.69692594922e-15 5.52574271172e-22
38671.1176237 6.07111413348e-15 1.81014640462e-22
38694.3435202 6.34615925277e-15 3.35759483598e-22
38717.5694167 6.56029220168e-15 1.0092087666e-22
38740.7953131 6.71125030654e-15 2.33899279028e-22
38764.0212096 6.80973701471e-15 8.48948312768e-22
38787.2471061 6.73679982019e-15 1.6807477698e-22
38810.4730025 6.61497998726e-15 4.059831593e-22
38833.698899 6.45153183214e-15 3.21613056172e-22
38856.9247955 6.16670528545e-15 3.16566051287e-22
38880.150692 5.81554917115e-15 4.99526836316e-22
38903.3765884 5.37792655524e-15 9.54798991297e-23
38926.6024849 4.94834276803e-15 3.99566279114e-22
38949.8283814 4.38439063112e-15 3.99786022476e-22
38973.0542778 3.85067610088e-15 2.92267488723e-22
38996.2801743 3.41515952032e-15 6.31650054517e-22
39019.5060708 3.18529987557e-15 2.57543743029e-22
39042.7319673 3.24306571626e-15 4.15002064186e-22
39065.9578637 3.50429374334e-15 3.02226652846e-23
39089.1837602 3.9427034916e-15 4.73068766197e-22
39112.4096567 4.47262752808e-15 8.05485443968e-22
39135.6355531 5.03500584515e-15 2.35909733774e-22
39158.8614496 5.55803413643e-15 3.02744093469e-22
39182.0873461 6.02211223147e-15 2.10088107952e-22
39205.3132425 6.40929990315e-15 1.92036688685e-22
39228.539139 6.73999972355e-15 7.84380745263e-22
39251.7650355 6.98531091148e-15 2.40638373014e-22
39274.990932 7.14223419451e-15 4.07001753467e-22
39298.2168284 7.18559464782e-15 1.99923374043e-22
39321.4427249 7.11058775154e-15 5.63810935991e-22
39344.6686214 6.93513243453e-15 7.72250221604e-22
39367.8945178 6.67828325644e-15 1.63276176272e-22
39391.1204143 6.34198183775e-15 2.1615397441e-22
39414.3463108 5.94276188842e-15 3.6320832604e-22
39437.5722073 5.55658275656e-15 7.51638584624e-22
39460.7981037 5.15945304844e-15 5.19750511072e-22
39484.0240002 4.79145907381e-15 1.39541294566e-22
39507.2498967 4.5006910657e-15 2.36830595391e-22
39530.4757931 4.32044154503e-15 5.90912819464e-23
39553.7016896 4.25333631696e-15 6.34516353772e-22
39576.9275861 4.33763395889e-15 6.79697814154e-22
39600.1534826 4.54575950697e-15 1.39959517364e-22
39623.379379 4.82505465719e-15 2.30800430973e-22
39646.6052755 5.17135223137e-15 2.28610890543e-22
39669.831172 5.53603842866e-15 4.43601747352e-22
39693.0570684 5.88775937367e-15 7.83050608601e-22
39716.2829649 6.20018567201e-15 4.01331892518e-23
39739.5088614 6.45307510399e-15 6.25069828326e-22
39762.7347578 6.59661830991e-15 2.9008424469e-22
39785.9606543 6.63887325521e-15 8.07363420395e-22
39809.1865508 6.5988173455e-15 5.29241675474e-22
39832.4124473 6.47039557597e-15 3.36541676294e-22
39855.6383437 6.23380301558e-15 1.01510182109e-21
39878.8642402 5.90771365437e-15 6.08334668427e-22
39902.0901367 5.52153403737e-15 1.58334338324e-22
39925.3160331 5.06977366853e-15 3.1822506908e-22
39948.5419296 4.58495084974e-15 4.24473481007e-22
39971.7678261 4.11431448265e-15 2.90254187331e-22
39994.9937226 3.69235979264e-15 2.76954131855e-22
40018.219619 3.37944501224e-15 4.78959840633e-22
40041.4455155 3.27172297627e-15 2.8736960587e-22
40064.671412 3.39727566332e-15 1.84366635612e-22
40087.8973084 3.71308636362e-15 9.13033696905e-22
40111.1232049 4.16874254689e-15 3.47300201511e-22
40134.3491014 4.69733908051e-15 8.79676164805e-22
40157.5749978 5.23457494165e-15 8.136659969e-22
40180.8008943 5.73871841665e-15 9.15859898161e-22
40204.0267908 6.1903430156e-15 1.24733836355e-21
40227.2526873 6.55546869383e-15 3.28961930485e-22
40250.4785837 6.82539438537e-15 5.58921457687e-22
40273.7044802 6.99934184914e-15 4.93939640539e-22
40296.9303767 7.06828494354e-15 8.33718039473e-22
40320.1562731 7.0237652259e-15 4.8185444416e-22
40343.3821696 6.87212340661e-15 2.15350529357e-23
40366.6080661 6.62668564677e-15 5.0911196949e-22
40389.8339626 6.29639257071e-15 4.85087786364e-22
40413.059859 5.88379379218e-15 7.43414006162e-22
40436.2857555 5.437079307e-15 7.53256720037e-22
40459.511652 4.98670270457e-15 2.81659873429e-22
40482.7375484 4.56173943113e-15 1.06565935738e-21
40505.9634449 4.22152966777e-15 4.67495911284e-22
40529.1893414 4.01801803317e-15 5.3957752997e-22
40552.4152378 3.97612187546e-15 5.78874050846e-22
40575.6411343 4.10196454021e-15 7.1713396272e-22
40598.8670308 4.37036527033e-15 6.86688542331e-22
40622.0929273 4.72271741148e-15 2.11203587786e-22
40645.3188237 5.11566399328e-15 2.13432226012e-22
40668.5447202 5.51577342631e-15 8.70232810441e-22
40691.7706167 5.87533297694e-15 6.0150620124e-22
40714.9965131 6.17725275703e-15 5.01875540603e-22
40738.2224096 6.40784101283e-15 2.80293491767e-22
40761.4483061 6.54858614879e-15 6.17717459407e-22
40784.6742026 6.59453146531e-15 1.01405550453e-21
40807.900099 6.54648650675e-15 6.19806755826e-22
40831.1259955 6.40200937701e-15 6.33042895101e-22
40854.351892 6.16857021007e-15 2.94302259229e-22
40877.5777884 5.85658434336e-15 8.49405591682e-22
40900.8036849 5.47967054807e-15 7.24249962634e-22
40924.0295814 5.05429646322e-15 2.49616555008e-22
40947.2554779 4.60974472328e-15 3.71504341185e-22
40970.4813743 4.17948666951e-15 2.95422445628e-22
40993.7072708 3.81192565704e-15 8.79572412189e-22
41016.9331673 3.56614166206e-15 2.12785556443e-21
41040.1590637 3.49031759644e-15 9.69536765185e-22
41063.3849602 3.59417905383e-15 2.09005170128e-21
41086.6108567 3.8725704473e-15 8.97459652634e-22
41109.8367531 4.26621212225e-15 1.51248978589e-21
41133.0626496 4.71772906128e-15 3.01628368658e-21
41156.2885461 5.19162554934e-15 7.37179332129e-22
41179.5144426 5.64444133671e-15 1.73728458808e-21
41202.740339 6.04438853716e-15 1.04980562614e-21
41225.9662355 6.3776268158e-15 1.29379565983e-21
41249.192132 6.63083302535e-15 2.17908939583e-21
41272.4180284 6.7881252761e-15 5.46249385241e-22
41295.6439249 6.84290061946e-15 9.28164837102e-22
41318.8698214 6.80251061906e-15 5.05252240302e-22
41342.0957179 6.66483803749e-15 7.95052542372e-22
41365.3216143 6.42847931932e-15 1.60978507572e-21
41388.5475108 6.11038035556e-15 8.28453964779e-22
41411.7734073 5.73079151777e-15 1.93345609403e-21
41434.9993037 5.30787710581e-15 1.92156591487e-22
41458.2252002 4.86524406019e-15 6.54299163567e-22
41481.4510967 4.44924856068e-15 1.47581770776e-21
41504.6769931 4.1132923956e-15 6.12280831875e-22
41527.9028896 3.88925549183e-15 5.82530992222e-22
41551.1287861 3.82689925618e-15 1.81408037873e-22
41574.3546826 3.95004651408e-15 9.5112148746e-23
41597.580579 4.20804845749e-15 4.90850938849e-22
41620.8064755 4.56503697661e-15 5.03456146436e-22
41644.032372 4.97994856212e-15 8.82409096666e-22
41667.2582684 5.39127778896e-15 2.61586126537e-22
41690.4841649 5.76674263472e-15 2.46732858755e-22
41713.7100614 6.09361264546e-15 2.84020998931e-22
41736.9359579 6.34721717618e-15 2.50944702517e-22
41760.1618543 6.50148090384e-15 5.11446948708e-22
41783.3877508 6.56308101494e-15 9.15003803889e-23
41806.6136473 6.5307302308e-15 1.11340022147e-22
41829.8395437 6.39619711488e-15 6.4901443198e-23
41853.0654402 6.1714226418e-15 1.52855504378e-22
41876.2913367 5.87079788903e-15 2.87998413122e-22
41899.5172332 5.50855822917e-15 1.26829392148e-22
41922.7431296 5.09972094478e-15 1.55750316038e-22
41945.9690261 4.68427296741e-15 2.6277753928e-23
41969.1949226 4.30148459521e-15 6.06164760562e-23
41992.420819 3.98449959332e-15 1.38283689294e-22
42015.6467155 3.79337623809e-15 7.90058704178e-23
42038.872612 3.75399654446e-15 4.95761476235e-23
42062.0985084 3.87018444848e-15 3.10025356151e-23
42085.3244049 4.12324671317e-15 5.17070169631e-23
42108.5503014 4.46792566882e-15 7.57870409613e-23
42131.7761979 4.86378405129e-15 5.61157067154e-23
42155.0020943 5.26952080177e-15 6.58552881917e-23
42178.2279908 5.65202787331e-15 6.31283307734e-23
42201.4538873 5.99447521648e-15 1.35261755103e-22
42224.6797837 6.27630353923e-15 2.21299476088e-22
42247.9056802 6.48222784683e-15 1.03554976718e-22
42271.1315767 6.61002344189e-15 2.67866975368e-22
