# 1:freq 2:Re 3:Im
23.2258964707 5.67716125845e-07 6.56677480217e-07
46.4517929414 5.76141030341e-07 6.60036184098e-07
69.6776894121 5.74031310204e-07 6.69487485574e-07
92.9035858828 5.78467970702e-07 6.84617836079e-07
116.129482354 5.92343239048e-07 6.95239499042e-07
139.355378824 6.06307905769e-07 7.16702478136e-07
162.581275295 6.16055274417e-07 7.41448270689e-07
185.807171766 6.30388079912e-07 7.61413846684e-07
209.033068236 6.59360623812e-07 7.88719225642e-07
232.258964707 6.84468151873e-07 8.30280725455e-07
255.484861178 6.86645526396e-07 8.40995698449e-07
278.710757648 7.48866432998e-07 8.95476709277e-07
301.936654119 7.14223292523e-07 8.48798579221e-07
325.16255059 7.7308698746e-07 9.46883319523e-07
348.388447061 8.34104695661e-07 9.86144846756e-07
371.614343531 7.34229402637e-07 9.17241973623e-07
394.840240002 8.20294333188e-07 1.05343928243e-06
418.066136473 8.69975453873e-07 1.12467006408e-06
441.292032943 6.0677990914e-07 9.16280537341e-07
464.517929414 9.32449601603e-07 1.18410118431e-06
487.743825885 1.11356417661e-06 1.38219011566e-06
510.969722355 9.55811636675e-07 1.12189228153e-06
534.195618826 1.47905176622e-06 1.52480984699e-06
557.421515297 1.51303851602e-06 1.5493343398e-06
580.647411768 1.91815293529e-06 1.88443212954e-06
603.873308238 1.9306478831e-06 1.69615873083e-06
627.099204709 2.51756602965e-06 2.17902505114e-06
650.32510118 2.81969377824e-06 2.32914623481e-06
673.55099765 2.61665821684e-06 2.15798586169e-06
696.776894121 1.71111212594e-06 4.90246441856e-07
720.002790592 8.69684047386e-07 1.39964841824e-06
743.228687063 2.6583289601e-06 8.16821191735e-07
766.454583533 6.21299887305e-06 3.30692437915e-06
789.680480004 8.89489122427e-06 5.8471353638e-06
812.906376475 8.74934868363e-06 5.77656445598e-06
836.132272945 3.61375895805e-06 1.54763653154e-06
859.358169416 1.76521738291e-06 2.40164844858e-06
882.584065887 2.83608004711e-06 3.59724346757e-06
905.809962357 3.11481088436e-06 2.54259115895e-06
929.035858828 7.70334123474e-06 6.95141560609e-06
952.261755299 6.40637741449e-06 5.80325498956e-06
975.48765177 1.98422540967e-06 1.26523494301e-06
998.71354824 7.5662928008e-06 6.63989877708e-06
1021.93944471 1.10175465693e-05 9.82520634674e-06
1045.16534118 8.32811659578e-06 7.12706298107e-06
1068.39123765 1.12089507958e-05 1.18093697639e-05
1091.61713412 9.77290408154e-06 1.13614467019e-05
1114.84303059 1.7258608114e-05 1.58115756453e-05
1138.06892706 2.43387811167e-05 2.29837865939e-05
1161.29482354 1.23739373651e-05 1.34753515767e-05
1184.52072001 0.000102961301689 0.000102120286597
1207.74661648 0.000124891913713 0.000124991692534
1230.97251295 2.02941668356e-05 1.87914396047e-05
1254.19840942 1.56213288571e-05 1.44432709943e-05
1277.42430589 1.80089311196e-05 1.76187733545e-05
1300.65020236 6.98779111661e-06 6.67287966702e-06
1323.87609883 1.27983920847e-05 1.20889361551e-05
1347.1019953 1.03131061329e-05 9.81146809785e-06
1370.32789177 1.72536733521e-06 1.78851844861e-06
1393.55378824 4.67223886651e-06 4.69486900189e-06
1416.77968471 1.39761897577e-06 9.36999346285e-07
1440.00558118 6.63578185097e-06 5.79145094916e-06
1463.23147765 5.55331524465e-06 4.58188514315e-06
1486.45737413 2.66235491681e-06 2.55395937058e-06
1509.6832706 4.87312200292e-06 4.84702146033e-06
1532.90916707 4.77882638938e-06 4.40851090019e-06
1556.13506354 2.01284186382e-06 2.63534353072e-06
1579.36096001 3.99907764763e-06 4.97048549676e-06
1602.58685648 2.49538180962e-06 3.10205973945e-06
1625.81275295 2.68134647485e-06 2.35457610283e-06
1649.03864942 3.52572707372e-06 3.4328761232e-06
1672.26454589 3.22243467572e-06 2.88239058911e-06
1695.49044236 4.16286065641e-06 3.13931488525e-06
1718.71633883 4.59266615651e-06 3.58223603414e-06
1741.9422353 3.27518975819e-06 2.28566156718e-06
1765.16813177 3.39051717612e-06 2.49920370654e-06
1788.39402824 4.30009817317e-06 3.3322202588e-06
1811.61992471 3.69781314214e-06 2.6577373173e-06
1834.84582119 2.16502979155e-06 2.1091270152e-06
1858.07171766 1.89799212034e-06 2.10576495171e-06
1881.29761413 1.22356887368e-06 6.69094298709e-07
1904.5235106 1.04687055741e-06 5.39928398244e-07
1927.74940707 8.11542342324e-07 3.79925348386e-07
1950.97530354 1.55242017409e-06 7.87908872858e-07
1974.20120001 1.78738876187e-06 1.09571438977e-06
1997.42709648 1.32818764509e-06 5.92267588255e-07
2020.65299295 1.48809665008e-06 9.75669392529e-07
2043.87888942 1.42314083945e-06 1.01990399755e-06
2067.10478589 1.3213287581e-06 6.85531145887e-07
2090.33068236 1.34450761303e-06 7.98536171895e-07
2113.55657883 1.12504179439e-06 7.95787064615e-07
2136.7824753 8.50635731361e-07 6.65321840258e-07
2160.00837178 6.79771367319e-07 5.67384811949e-07
2183.23426825 1.16679519192e-06 9.67270084358e-07
2206.46016472 1.07511725039e-06 1.04898957624e-06
2229.68606119 1.66382051182e-06 1.36637906445e-06
2252.91195766 1.5802966916e-06 1.35269661131e-06
2276.13785413 1.0285025013e-06 1.06653366141e-06
2299.3637506 1.41353770052e-07 5.93380110259e-07
2322.58964707 1.57044999116e-06 1.66777656167e-07
2345.81554354 3.43535610097e-06 1.12522661913e-06
2369.04144001 2.44407147708e-06 6.66674037423e-07
2392.26733648 2.20094833718e-06 8.32880876415e-07
2415.49323295 2.19628022244e-06 9.50519323512e-07
2438.71912942 2.6091331341e-06 1.28618989895e-06
2461.94502589 1.97173878972e-06 7.32162633781e-07
2485.17092237 2.34495431929e-06 9.6102788135e-07
2508.39681884 1.77191535845e-06 6.62381109961e-07
2531.62271531 1.23779000246e-06 3.86581507208e-07
2554.84861178 1.3718542638e-06 4.47854481488e-07
2578.07450825 9.91105045486e-07 8.41875482509e-08
2601.30040472 5.30037234811e-07 3.02664619265e-07
2624.52630119 1.0881103605e-07 4.32360703587e-07
2647.75219766 1.9787288836e-07 5.97694282322e-07
2670.97809413 4.43883739287e-07 6.93964935652e-07
2694.2039906 5.3997012727e-07 5.93444767748e-07
2717.42988707 1.48434448855e-07 1.48824444969e-07
2740.65578354 4.45746942348e-07 2.90389926839e-07
2763.88168001 4.23853961695e-07 2.73572194239e-07
2787.10757648 7.37486709839e-07 5.68455734457e-07
2810.33347296 8.41977061683e-07 5.84851145026e-07
2833.55936943 8.50268246008e-07 6.1194031291e-07
2856.7852659 6.75394119227e-07 4.74228626084e-07
2880.01116237 6.57710344807e-07 5.0738739624e-07
2903.23705884 5.35442364622e-07 4.47379463542e-07
2926.46295531 6.94517935104e-07 4.9904436776e-07
2949.68885178 7.6041880864e-07 6.16543435763e-07
2972.91474825 6.90355345097e-07 5.9055298458e-07
2996.14064472 6.45116668315e-07 4.57588082931e-07
3019.36654119 5.18165547308e-07 4.10730086103e-07
3042.59243766 4.90373728047e-07 4.53867438088e-07
3065.81833413 4.37848418102e-07 3.28570992109e-07
3089.0442306 4.8650433209e-07 3.4898119855e-07
3112.27012707 3.75708702585e-07 2.37682152846e-07
3135.49602355 2.01808456145e-07 1.89539480129e-07
3158.72192002 7.55651492835e-08 6.10459232254e-08
3181.94781649 1.09723129102e-07 1.74591713722e-07
3205.17371296 1.37333344903e-07 2.87122062895e-07
3228.39960943 2.92304886484e-07 3.88600205415e-07
3251.6255059 4.34304606166e-07 5.01416394743e-07
3274.85140237 5.27664902124e-07 4.97574988724e-07
3298.07729884 4.36427841754e-07 5.79971081916e-07
3321.30319531 2.43737474244e-07 6.47586567831e-07
3344.52909178 1.99673511279e-07 3.97156316386e-07
3367.75498825 7.58723769369e-08 2.17178852424e-07
3390.98088472 4.96759192425e-07 3.13867273362e-08
3414.20678119 3.34976918756e-07 5.1686843968e-07
3437.43267766 4.35978695986e-07 4.47944489051e-07
3460.65857413 2.49648577775e-07 2.26511240103e-07
3483.88447061 4.30884699141e-07 3.53570179879e-07
3507.11036708 7.16252636606e-07 5.70706775202e-07
3530.33626355 7.6229694732e-07 4.81520433365e-07
3553.56216002 6.17044239404e-07 1.91261199456e-07
3576.78805649 4.17232345791e-07 6.31768091769e-07
3600.01395296 5.60671133669e-07 3.75555370918e-07
3623.23984943 4.29206443308e-07 3.79474036361e-07
3646.4657459 2.38095798117e-07 4.1532492825e-07
3669.69164237 1.52088172922e-07 1.96909340966e-07
3692.91753884 2.87157932309e-07 1.64764409775e-07
3716.14343531 2.92452575687e-07 2.0344146534e-07
3739.36933178 4.01122888081e-07 3.76018432404e-07
3762.59522825 4.54710475801e-07 3.46483408294e-07
3785.82112472 3.99247023836e-07 4.03474303e-07
3809.0470212 4.42698540585e-07 4.52236768643e-07
3832.27291767 4.75247754487e-07 4.20902350306e-07
3855.49881414 4.15188366121e-07 4.21551445217e-07
3878.72471061 4.2604674828e-07 2.92322363472e-07
3901.95060708 3.97379814782e-07 3.4836270722e-07
3925.17650355 3.52869822266e-07 2.70598086184e-07
3948.40240002 3.7216074836e-07 3.22586847139e-07
3971.62829649 4.44381772641e-07 3.7263248024e-07
3994.85419296 3.92355131949e-07 3.42583385912e-07
4018.08008943 3.81985227741e-07 3.49837328518e-07
4041.3059859 3.85243582224e-07 3.27130168451e-07
4064.53188237 3.42775426416e-07 3.21582761455e-07
4087.75777884 2.88992365155e-07 2.60688581041e-07
4110.98367531 1.87984004509e-07 1.70502928215e-07
4134.20957179 9.29871486378e-08 1.26978729002e-07
4157.43546826 6.85607252924e-08 2.26390499724e-07
4180.66136473 1.78758177181e-07 2.18447477631e-07
4203.8872612 2.12721072184e-07 2.6834064745e-07
4227.11315767 2.07352854237e-07 2.96379156155e-07
4250.33905414 2.0881161311e-07 2.84795265602e-07
4273.56495061 2.16320227443e-07 2.5405818532e-07
4296.79084708 2.04856514947e-07 1.91805486485e-07
4320.01674355 1.96776651623e-07 1.84854232819e-07
4343.24264002 2.15361219557e-07 2.11620093036e-07
4366.46853649 1.8453692587e-07 1.79351494456e-07
4389.69443296 2.67689913295e-07 2.45841003802e-07
4412.92032943 3.67684530886e-07 3.37774310559e-07
4436.1462259 3.63041571436e-07 3.50999266703e-07
4459.37212238 3.44058263861e-07 3.52995040838e-07
4482.59801885 3.4616452209e-07 3.69055332044e-07
4505.82391532 3.31852117616e-07 3.00675003665e-07
4529.04981179 3.22867597538e-07 2.53952365398e-07
4552.27570826 3.65164768734e-07 2.50780246709e-07
4575.50160473 2.99009070547e-07 2.78843426415e-07
4598.7275012 2.03111506421e-07 2.03362904621e-07
4621.95339767 1.72603311656e-07 2.01273239298e-07
4645.17929414 3.26220611405e-07 2.78547754616e-07
4668.40519061 2.73785882452e-07 2.59499865306e-07
4691.63108708 1.42384177643e-07 2.24340050029e-07
4714.85698355 2.31742110686e-07 2.39222357008e-07
4738.08288002 3.02358972869e-07 2.41303752369e-07
4761.30877649 2.37858978843e-07 1.80033011546e-07
4784.53467297 2.30468248447e-07 2.19615697117e-07
4807.76056944 2.47897321897e-07 2.19642042033e-07
4830.98646591 1.7512541376e-07 2.08518989842e-07
4854.21236238 2.31767222314e-07 2.21494477113e-07
4877.43825885 2.42262654346e-07 2.27962264558e-07
4900.66415532 2.16034775064e-07 2.80220776462e-07
4923.89005179 2.09668280345e-07 2.90060752911e-07
4947.11594826 2.65915629029e-07 2.9100626584e-07
4970.34184473 2.96015193878e-07 2.70044290475e-07
4993.5677412 2.76774293009e-07 2.84961806501e-07
5016.79363767 2.73103652375e-07 3.00008314104e-07
5040.01953414 2.88452814352e-07 3.45011039411e-07
5063.24543061 3.00138673045e-07 3.58055326882e-07
5086.47132708 2.88985521622e-07 2.9801154505e-07
5109.69722355 2.92690445862e-07 3.17581892662e-07
5132.92312003 2.61958767058e-07 2.91840655587e-07
5156.1490165 2.53381552681e-07 2.61054895048e-07
5179.37491297 2.64103307374e-07 2.47003383415e-07
5202.60080944 2.57918306208e-07 2.55085269946e-07
5225.82670591 2.14460904004e-07 2.40343029422e-07
5249.05260238 1.90272939155e-07 2.21840482986e-07
5272.27849885 1.84597713979e-07 2.12645825286e-07
5295.50439532 2.30435388005e-07 2.22817972536e-07
5318.73029179 2.5623566465e-07 2.37219404666e-07
5341.95618826 2.29045885869e-07 2.36526292733e-07
5365.18208473 1.96820574705e-07 2.13881723098e-07
5388.4079812 1.72649505292e-07 1.84521094372e-07
5411.63387767 1.90026138218e-07 1.71466348466e-07
5434.85977414 2.12555352684e-07 1.90646564521e-07
5458.08567062 1.87016158995e-07 1.89650584418e-07
5481.31156709 1.96793369441e-07 2.00614500268e-07
5504.53746356 1.87231622108e-07 1.41792837693e-07
5527.76336003 1.47679594213e-07 1.31180950117e-07
5550.9892565 1.52130373443e-07 1.69439879044e-07
5574.21515297 1.6353561504e-07 1.95175261931e-07
5597.44104944 1.8167072908e-07 2.0625978141e-07
5620.66694591 2.06512779877e-07 1.68821668759e-07
5643.89284238 1.44292624774e-07 9.40632583246e-08
5667.11873885 8.90519304117e-08 1.4215747577e-07
5690.34463532 1.08518093277e-07 1.97810681815e-07
5713.57053179 1.13877598243e-07 1.86437247162e-07
5736.79642826 1.89271662243e-07 2.39443688902e-07
5760.02232473 1.74188575093e-07 1.65828137788e-07
5783.24822121 4.95313702008e-08 6.76756028513e-08
5806.47411768 4.65106332748e-09 8.96361268624e-08
5829.70001415 1.02420450791e-07 1.9594586464e-07
5852.92591062 1.70060660777e-07 1.83108392195e-07
5876.15180709 8.3205410504e-08 1.08399019959e-07
5899.37770356 1.10107308582e-07 1.73709793772e-07
5922.60360003 1.97524406734e-07 1.74940782077e-07
5945.8294965 1.26352215287e-07 3.52095317366e-08
5969.05539297 8.88982283787e-08 1.711186024e-07
5992.28128944 4.75196235173e-08 1.13623350648e-07
6015.50718591 4.39027652712e-08 1.16086203548e-07
6038.73308238 2.77053178279e-08 1.17869948531e-07
6061.95897885 5.9023134744e-08 1.01690661373e-07
6085.18487532 7.64776549039e-08 1.2995311732e-07
6108.4107718 8.12308601403e-08 1.23829689207e-07
6131.63666827 6.29015180259e-08 8.2841054054e-08
6154.86256474 6.89396795232e-08 7.0441659139e-08
6178.08846121 8.32390632021e-08 6.27022571042e-08
6201.31435768 5.51972761071e-08 5.36903321995e-08
6224.54025415 4.42199389836e-08 4.63906166326e-08
6247.76615062 8.15870107765e-08 3.1819514742e-08
6270.99204709 9.25893920199e-08 2.42645449795e-08
6294.21794356 5.38464087982e-08 5.35790712842e-08
6317.44384003 4.7683868221e-08 2.54539552063e-08
6340.6697365 7.77115961397e-08 4.26279722652e-08
6363.89563297 8.20683975741e-08 5.0571749416e-08
6387.12152944 6.42604192031e-08 4.14632012265e-08
6410.34742591 4.84279647067e-08 5.41633358164e-08
6433.57332239 6.52058228723e-08 4.88473660265e-08
6456.79921886 9.93932151125e-08 7.48222685775e-08
6480.02511533 8.15850117496e-08 7.57879135614e-08
6503.2510118 5.0814484979e-08 7.82181208606e-08
6526.47690827 6.24901292834e-08 9.77228125894e-08
6549.70280474 8.92725808504e-08 1.14600943236e-07
6572.92870121 8.46478966319e-08 1.09752447147e-07
6596.15459768 5.34243825584e-08 1.00395718112e-07
6619.38049415 3.9219005863e-08 9.26558446147e-08
6642.60639062 2.329177001e-08 5.98085828357e-08
6665.83228709 2.9761007418e-08 7.00834485912e-08
6689.05818356 3.2006710155e-08 6.49714916831e-08
6712.28408003 3.7879978507e-08 5.92605181469e-08
6735.5099765 1.40126320481e-08 6.82722404479e-08
6758.73587297 3.42890942191e-08 6.31574985847e-08
6781.96176945 6.31563534605e-08 7.43176939066e-08
6805.18766592 6.7453311011e-08 7.9877261693e-08
6828.41356239 4.40917688172e-08 7.17294711602e-08
6851.63945886 3.76202500355e-08 5.0452014322e-08
6874.86535533 6.11314421945e-08 7.70200951694e-08
6898.0912518 5.0785230013e-08 7.90941767585e-08
6921.31714827 8.19115398664e-08 6.32804877181e-08
6944.54304474 7.42694825475e-08 5.96777632739e-08
6967.76894121 9.68082385181e-08 8.10868972649e-08
6990.99483768 9.97965439044e-08 9.72651448907e-08
7014.22073415 1.02214050304e-07 9.36267784596e-08
7037.44663062 7.68285754574e-08 9.10313687995e-08
7060.67252709 6.90529587638e-08 7.8094264535e-08
7083.89842356 5.65181640836e-08 5.40486104374e-08
7107.12432004 7.41203939817e-08 5.83498493098e-08
7130.35021651 9.12058028359e-08 6.96115633921e-08
7153.57611298 6.69655561397e-08 5.68087293957e-08
7176.80200945 7.78674933401e-08 5.15587556425e-08
7200.02790592 8.09145299947e-08 8.09467003451e-08
7223.25380239 8.61605361255e-08 8.01768173656e-08
7246.47969886 6.13383839821e-08 4.86888749547e-08
7269.70559533 7.54989954958e-08 7.20552537584e-08
7292.9314918 5.54349462317e-08 6.64564793386e-08
7316.15738827 4.010969275e-08 5.91638750864e-08
7339.38328474 6.29574205551e-08 6.60672252861e-08
7362.60918121 5.08163238931e-08 5.71418640596e-08
7385.83507768 4.50018667784e-08 6.54663735014e-08
7409.06097415 4.19613001188e-08 6.62858234746e-08
7432.28687063 6.94571641616e-08 7.4719365111e-08
7455.5127671 7.1621382513e-08 8.00042022282e-08
7478.73866357 7.89508113716e-08 8.9934988791e-08
7501.96456004 6.65966725187e-08 8.86096294381e-08
7525.19045651 5.4075190945e-08 7.73695141535e-08
7548.41635298 6.5742042895e-08 7.00458430597e-08
7571.64224945 7.19542438443e-08 6.89558978508e-08
7594.86814592 6.48320400686e-08 6.66276935049e-08
7618.09404239 5.08817668857e-08 6.67125410763e-08
7641.31993886 5.88128568663e-08 6.54393570857e-08
7664.54583533 6.13004071978e-08 5.5292027317e-08
7687.7717318 4.9533627034e-08 6.03828309949e-08
7710.99762827 5.57116598977e-08 5.87410794738e-08
7734.22352474 4.46358254513e-08 5.97545093022e-08
7757.44942122 3.98110671398e-08 5.52873434422e-08
7780.67531769 5.09295810512e-08 4.96676922876e-08
7803.90121416 5.70029031719e-08 4.55966249647e-08
7827.12711063 4.11484903245e-08 4.21132461551e-08
7850.3530071 3.60561354063e-08 5.0480185437e-08
7873.57890357 4.80290605179e-08 5.23945905683e-08
7896.80480004 6.07389494942e-08 5.10430730426e-08
7920.03069651 6.84937114488e-08 4.66532622379e-08
7943.25659298 5.47816569541e-08 4.91800248357e-08
7966.48248945 5.02357750876e-08 7.0913582926e-08
7989.70838592 5.33322106098e-08 6.03872064368e-08
8012.93428239 7.44801565326e-08 6.20429870916e-08
8036.16017886 7.92882357511e-08 6.00988509411e-08
8059.38607533 6.43460014429e-08 6.35649900619e-08
8082.6119718 6.27760949624e-08 6.04106146125e-08
8105.83786828 6.06213515722e-08 6.61314481943e-08
8129.06376475 6.79861568525e-08 6.77000824966e-08
8152.28966122 5.18959077118e-08 6.87339669329e-08
8175.51555769 5.3646798111e-08 5.27403846755e-08
8198.74145416 5.83845240107e-08 3.48526870587e-08
8221.96735063 3.94386076536e-08 5.01680100422e-08
8245.1932471 5.31634255205e-08 2.79664292085e-08
8268.41914357 3.92498248018e-08 4.99731408784e-08
8291.64504004 4.51120482822e-08 2.943403596e-08
8314.87093651 3.17856204548e-08 3.77571827607e-08
8338.09683298 5.13382507514e-08 2.42324646383e-08
8361.32272945 5.01610654528e-08 3.33870643707e-08
8384.54862592 4.28475408259e-08 1.93983013641e-08
8407.77452239 5.11113463057e-08 2.89365654832e-08
8431.00041887 4.24516614791e-08 3.2873754659e-08
8454.22631534 3.70710059159e-08 2.47390747883e-08
8477.45221181 3.84056801058e-08 2.99910722156e-08
8500.67810828 2.85753918159e-08 4.08456702198e-08
8523.90400475 3.15082759893e-08 3.16580983754e-08
8547.12990122 2.33277606932e-08 3.05223510447e-08
8570.35579769 1.59708691547e-08 1.74010319099e-08
8593.58169416 1.07835320649e-08 2.24133053746e-08
8616.80759063 3.40275242438e-09 2.15245220129e-08
8640.0334871 1.13282096089e-09 1.69753530548e-08
8663.25938357 1.43698267966e-08 2.33355486651e-08
8686.48528004 1.02074589255e-08 2.67313660252e-08
8709.71117651 1.22568263648e-08 2.03350984579e-08
8732.93707298 1.06943057263e-08 1.8458420066e-08
8756.16296946 1.3958808571e-08 2.38703751335e-08
8779.38886593 1.25143647726e-08 2.2658244574e-08
8802.6147624 2.91076633559e-09 1.75177217172e-08
8825.84065887 8.44916982494e-09 1.52449053344e-08
8849.06655534 9.21811647669e-09 1.85116217855e-08
8872.29245181 1.04050330126e-08 1.86947687087e-08
8895.51834828 1.46986686117e-08 1.46660527509e-08
8918.74424475 1.62084021545e-08 2.13392051125e-08
8941.97014122 1.35499771532e-08 1.9899349956e-08
8965.19603769 1.66917440697e-08 2.26743999804e-08
8988.42193416 1.69399903851e-08 2.2741025366e-08
9011.64783063 2.15589287736e-08 2.06571535994e-08
9034.8737271 1.77853861904e-08 2.79117560037e-08
9058.09962357 1.38769945569e-08 2.22826313239e-08
9081.32552005 1.35218060332e-08 2.92153801655e-08
9104.55141652 1.43399671469e-08 3.16093584944e-08
9127.77731299 1.12424944613e-08 3.00694110012e-08
9151.00320946 1.43835685119e-08 2.69111755097e-08
9174.22910593 1.96065839788e-08 2.46689338441e-08
9197.4550024 1.88081316884e-08 1.66860874854e-08
9220.68089887 1.86257311206e-08 2.18272786939e-08
9243.90679534 1.45099843673e-08 2.17539049472e-08
9267.13269181 2.03250522325e-08 2.02011578676e-08
9290.35858828 1.20491192873e-08 1.70046278546e-08
9313.58448475 1.45836140338e-08 1.2991261527e-08
9336.81038122 1.40256334038e-08 1.15046526978e-08
9360.03627769 7.81504296711e-09 1.51963330324e-08
9383.26217416 6.78018193883e-09 1.35486132135e-08
9406.48807064 1.25018863347e-08 7.11755339018e-09
9429.71396711 1.18595503825e-08 1.46561492715e-08
9452.93986358 9.63103690631e-09 7.34279674302e-09
9476.16576005 2.29613541996e-08 3.60009966125e-09
9499.39165652 1.74742007211e-08 5.34195556122e-09
9522.61755299 1.93400103559e-08 4.88696385539e-09
9545.84344946 1.44594602064e-08 1.29335866219e-08
9569.06934593 1.85905171506e-08 4.47730227134e-09
9592.2952424 1.82479017858e-08 6.88285251581e-09
9615.52113887 1.73692566329e-08 9.61448121395e-09
9638.74703534 1.25917379425e-08 1.12315440495e-08
9661.97293181 1.78972808689e-08 1.34443778364e-08
9685.19882828 1.50487618906e-08 7.71320776698e-09
9708.42472475 8.31508031208e-09 1.68137046695e-08
9731.65062122 1.03783400303e-08 1.32899730012e-08
9754.8765177 1.02992771699e-08 2.6460481205e-09
9778.10241417 5.33944955686e-09 1.82536072591e-08
9801.32831064 6.10935075543e-09 1.53237256554e-08
9824.55420711 5.94552619055e-09 3.43914473501e-09
9847.78010358 4.89986160756e-09 1.44162707895e-08
9871.00600005 9.23606518688e-09 9.2660723918e-09
9894.23189652 5.91893778695e-09 4.19114511797e-09
9917.45779299 1.05946829062e-08 5.81433463561e-09
9940.68368946 7.67185453694e-09 7.83382480131e-09
9963.90958593 1.52747574463e-08 2.06017372939e-09
9987.1354824 1.28643366254e-08 3.54202141287e-09
10010.3613789 1.05464437468e-08 2.58688442765e-09
10033.5872753 1.27860316067e-08 3.51468403265e-09
10056.8131718 1.23478446512e-08 4.20131079877e-09
10080.0390683 9.45487959815e-09 4.92970128294e-09
10103.2649648 6.13838759418e-09 3.54240315958e-09
10126.4908612 1.84804712447e-08 1.20465873296e-08
10149.7167577 1.40310845281e-08 1.31440322036e-08
10172.9426542 1.07643170618e-08 1.17343355055e-08
10196.1685506 8.10654727418e-09 9.82185142247e-09
10219.3944471 9.54804231557e-09 6.93840193367e-09
10242.6203436 1.05656184059e-08 1.22558828153e-08
10265.8462401 1.28530739612e-08 1.37825774663e-08
10289.0721365 9.39338237121e-09 2.12882773419e-08
10312.298033 1.0566871875e-08 1.40863565012e-08
10335.5239295 8.3563689459e-09 5.91230033004e-09
10358.7498259 1.60851408432e-08 5.48058535592e-09
10381.9757224 1.01327699015e-08 9.59125716039e-09
10405.2016189 5.1887318498e-09 8.25617020922e-09
10428.4275153 8.92749473582e-09 6.83769878884e-09
10451.6534118 1.49650725444e-08 7.48211793869e-09
10474.8793083 1.4551264508e-08 5.41161252261e-09
10498.1052048 1.41414780522e-08 5.31587892948e-09
10521.3311012 1.23753103509e-08 4.93702005496e-09
10544.5569977 1.36074202366e-08 6.64357571197e-09
10567.7828942 8.25065969225e-10 1.84366126026e-09
10591.0087906 8.99733155031e-09 4.30228459456e-09
10614.2346871 1.14534389885e-08 1.06868283363e-08
10637.4605836 1.23879738455e-08 1.26498668333e-08
10660.6864801 7.34081562704e-09 5.58231178398e-09
10683.9123765 1.29109722072e-08 1.04820310217e-08
10707.138273 2.8702711993e-09 1.54725485672e-09
10730.3641695 4.94387687879e-09 5.60806007478e-09
10753.5900659 9.5767602507e-09 8.29611114735e-09
10776.8159624 2.46599602101e-09 6.93197210196e-09
10800.0418589 8.79472706467e-09 6.21486635919e-09
10823.2677553 7.53418011361e-09 1.21494003914e-08
10846.4936518 5.62842710867e-09 4.82967269233e-09
10869.7195483 7.74616268939e-09 1.02185445367e-08
10892.9454448 4.80858551315e-09 5.07127029014e-09
10916.1713412 9.28805339195e-09 7.02843863213e-09
10939.3972377 6.10291356006e-09 7.32106949573e-09
10962.6231342 1.4962676895e-08 1.29334998817e-08
10985.8490306 3.21529278712e-09 8.60868506762e-09
11009.0749271 7.83427002992e-09 8.83749610859e-09
11032.3008236 6.46062201198e-09 1.08798444809e-08
11055.5267201 7.00415036088e-09 7.29073519162e-09
11078.7526165 8.14759162422e-09 7.68148088809e-09
11101.978513 2.96377461009e-09 7.81785126716e-09
11125.2044095 6.00274147416e-09 6.35824804391e-09
11148.4303059 2.58367325752e-09 4.49514038046e-09
11171.6562024 1.96091600395e-09 5.92510114603e-09
11194.8820989 3.40417963245e-09 4.18869050326e-09
11218.1079954 3.4642341539e-09 4.86401599384e-09
11241.3338918 2.50844068554e-09 5.92292135268e-09
11264.5597883 2.11851096998e-09 4.98870397366e-09
11287.7856848 3.21987704545e-09 3.05237184763e-09
11311.0115812 5.00085367445e-09 4.33660137387e-09
11334.2374777 3.0456357436e-09 3.3687794585e-09
11357.4633742 1.24267544711e-09 3.4816769762e-09
11380.6892706 5.3187710722e-09 4.04916329631e-09
11403.9151671 5.07775550409e-10 5.46614285229e-10
11427.1410636 7.18882261686e-10 1.92506366839e-09
11450.3669601 3.43869643656e-09 4.06870699577e-09
11473.5928565 5.12155983494e-09 2.79928344136e-09
11496.818753 5.50053864975e-09 3.58756422934e-09
11520.0446495 2.9290404728e-09 2.76301051622e-09
11543.2705459 2.20573585156e-09 1.90530747389e-09
11566.4964424 2.8252324642e-09 2.18724978298e-09
11589.7223389 3.90792945518e-09 3.77523652517e-09
11612.9482354 2.23442646011e-09 2.05529286805e-09
11636.1741318 1.0866027802e-09 3.29121275589e-09
11659.4000283 4.02961419429e-09 6.52557482076e-09
11682.6259248 5.09919938072e-09 4.69228252712e-09
11705.8518212 8.83299419251e-10 1.50316949359e-09
11729.0777177 3.29648080422e-09 3.90780514322e-09
11752.3036142 3.71407156302e-09 6.1418724815e-09
11775.5295106 5.43360131556e-09 4.79922896289e-09
11798.7554071 3.57751410674e-09 4.69242528626e-09
11821.9813036 3.61973000634e-09 4.25496970463e-09
11845.2072001 5.84711415056e-09 6.08129938478e-09
11868.4330965 7.25597782943e-09 1.97895360679e-09
11891.658993 8.57480886371e-09 5.71585485119e-09
11914.8848895 4.37772860777e-09 4.20259656655e-09
11938.1107859 7.21375137573e-09 2.68617228288e-09
11961.3366824 8.84526267519e-09 4.67033761581e-09
11984.5625789 4.34762572302e-09 6.22664723008e-09
12007.7884754 7.3115866122e-09 4.45005991468e-09
12031.0143718 7.47377818922e-09 2.44268647745e-09
12054.2402683 5.3689854299e-09 6.51376124296e-09
12077.4661648 4.92943157111e-09 6.86457523542e-09
12100.6920612 4.55409971238e-09 2.06135191615e-09
12123.9179577 2.70215714577e-09 3.30607004137e-09
12147.1438542 1.15461080817e-09 3.01142485954e-09
12170.3697506 3.88865193459e-09 3.48159156826e-09
12193.5956471 1.22292598811e-09 2.68925309155e-09
12216.8215436 3.35612707508e-09 2.11732770818e-09
12240.0474401 1.49093520272e-09 3.40819063538e-09
12263.2733365 6.26459636701e-09 5.7074668609e-09
12286.499233 1.07395229881e-09 6.41945395363e-09
12309.7251295 2.64156255866e-09 6.70033581779e-09
12332.9510259 6.14975783985e-09 5.74119447611e-09
12356.1769224 5.47391361031e-09 3.66656716933e-09
12379.4028189 2.55554155148e-09 6.48873467828e-09
12402.6287154 5.69543113935e-09 5.52339133061e-09
12425.8546118 8.27724905181e-09 1.95726379388e-10
12449.0805083 5.84795280122e-09 3.63467019245e-09
12472.3064048 9.84346323839e-10 4.14046961348e-09
12495.5323012 5.28584647657e-09 2.87456446674e-09
12518.7581977 5.70632003144e-09 2.13823538466e-09
12541.9840942 8.78794104079e-09 3.80423854676e-09
12565.2099907 2.05454398019e-09 5.3771091021e-09
12588.4358871 3.13118712447e-09 1.09602542761e-09
12611.6617836 1.6976740939e-09 4.30794812267e-09
12634.8876801 4.29305874732e-09 5.98731292784e-09
12658.1135765 3.63835582164e-09 8.25465664027e-09
12681.339473 3.04877307536e-09 4.0954693623e-09
12704.5653695 4.2559719508e-09 1.57385576519e-09
12727.7912659 1.08286042389e-08 4.90630850031e-09
12751.0171624 6.77327567855e-09 7.03946926308e-09
12774.2430589 2.35493022925e-09 6.75208775511e-09
12797.4689554 3.17394720679e-09 3.47012006835e-09
12820.6948518 4.66878307896e-09 3.06601261901e-09
12843.9207483 3.85371112361e-09 4.585082439e-09
12867.1466448 3.86845357743e-09 4.21006662019e-09
12890.3725412 3.78638490016e-09 3.50361992708e-09
12913.5984377 6.16727481788e-09 1.42390039917e-09
12936.8243342 2.84186420921e-09 3.06984859841e-09
12960.0502307 4.81453504559e-09 4.6965952614e-09
12983.2761271 2.28509605795e-09 2.22231894736e-09
13006.5020236 4.98969979596e-09 5.29534548541e-09
13029.7279201 3.27198410911e-09 3.2744847948e-09
13052.9538165 3.03554788591e-09 1.74559373676e-09
13076.179713 8.5844682519e-10 4.73498518576e-09
13099.4056095 1.25034581731e-09 3.27404226921e-10
13122.6315059 1.79181183036e-09 2.72301903087e-09
13145.8574024 9.24006474965e-10 4.05165652647e-09
13169.0832989 2.86613442934e-09 5.16651628038e-09
13192.3091954 1.89522344542e-09 5.69571465683e-09
13215.5350918 1.02323832656e-09 6.2400579995e-09
13238.7609883 4.07889139468e-09 7.02784086119e-09
13261.9868848 4.03465018885e-10 7.99970482722e-09
13285.2127812 1.32292778512e-09 7.75630144343e-09
13308.4386777 3.60972353484e-09 8.09515725218e-09
13331.6645742 3.23502505706e-09 6.79942130345e-09
13354.8904707 4.622024715e-09 6.91842636576e-09
13378.1163671 4.31575594112e-09 5.48918643789e-09
13401.3422636 7.64425131504e-10 7.93564530606e-09
13424.5681601 3.81734381758e-09 3.77631051587e-09
13447.7940565 3.58569179068e-09 4.84733628364e-09
13471.019953 1.16903493891e-09 7.12135089138e-09
13494.2458495 4.19394132326e-09 2.61462393471e-09
13517.4717459 1.74571541127e-09 3.86391273305e-09
13540.6976424 3.33247347899e-09 3.02908922564e-09
13563.9235389 2.37633371859e-09 3.2967923844e-09
13587.1494354 2.92621092162e-09 2.24189095307e-09
13610.3753318 1.42888209093e-09 5.281677142e-09
13633.6012283 3.67829951986e-09 4.42027309382e-09
13656.8271248 3.24688939418e-09 1.40258148938e-09
13680.0530212 3.68309525626e-09 2.39620987543e-10
13703.2789177 2.49519651787e-09 1.80233147517e-09
13726.5048142 3.30120550658e-09 3.08771724454e-09
13749.7307107 2.95415206797e-09 5.35573829677e-10
13772.9566071 4.4274783219e-10 3.48524088834e-09
13796.1825036 1.90915336742e-09 2.45073500858e-09
13819.4084001 2.49315463507e-09 3.61627817354e-09
13842.6342965 1.8755522543e-09 2.74744287815e-09
13865.860193 3.00084645231e-09 1.59293165464e-09
13889.0860895 4.33806119917e-09 9.03580282243e-10
13912.311986 1.51229100256e-10 3.26462457047e-09
13935.5378824 3.56913740342e-09 1.90883028609e-09
13958.7637789 3.74732216452e-09 3.08922424041e-09
13981.9896754 1.3212870696e-09 2.19493366331e-09
14005.2155718 2.61649872978e-09 1.83049858131e-09
14028.4414683 3.86420323208e-09 1.67474280575e-09
14051.6673648 2.79099418441e-09 4.34226509963e-10
14074.8932612 1.33270499314e-09 6.55084332951e-10
14098.1191577 2.29853980371e-09 1.87418077567e-09
14121.3450542 2.5026278707e-09 2.65248135934e-09
14144.5709507 3.49904220437e-09 3.28080422027e-10
14167.7968471 1.01423636685e-09 7.39097621237e-10
14191.0227436 3.37332045481e-09 4.66870685034e-09
14214.2486401 3.28986274228e-09 1.32748497738e-09
14237.4745365 1.11322761604e-09 4.83942727147e-09
14260.700433 2.1272631667e-09 3.11810234009e-09
14283.9263295 1.26522190643e-09 2.64032855901e-09
14307.152226 9.11247821102e-10 4.3836003598e-09
14330.3781224 1.38026418209e-09 1.55107675253e-09
14353.6040189 3.39779352172e-09 3.02603250204e-09
14376.8299154 3.79235486725e-09 3.23003333051e-09
14400.0558118 3.28685363527e-09 4.3349456111e-09
14423.2817083 5.63853664976e-09 1.97236906425e-09
14446.5076048 3.67441063788e-09 3.04311784052e-09
14469.7335012 2.00212458559e-09 1.51074890376e-09
14492.9593977 2.44046479057e-09 1.29142400255e-09
14516.1852942 2.84895679024e-09 2.31342495211e-09
14539.4111907 3.20231098646e-09 1.2066096464e-09
14562.6370871 1.7786608369e-09 1.08092808998e-09
14585.8629836 1.20410556537e-09 2.1293492727e-09
14609.0888801 2.90303107187e-09 4.22365658114e-10
14632.3147765 2.90672066779e-09 1.20772340448e-09
14655.540673 6.97490906664e-10 2.37623207989e-09
14678.7665695 4.05292935183e-09 2.1384854221e-09
14701.992466 2.83730993983e-09 1.72496640939e-09
14725.2183624 1.63420924905e-09 2.88329510982e-09
14748.4442589 1.50819368375e-09 1.88615014379e-09
14771.6701554 3.57815821609e-09 2.82961793205e-09
14794.8960518 2.82481937963e-09 3.10956723309e-09
14818.1219483 1.87054269102e-09 6.82439585378e-10
14841.3478448 1.42247741514e-09 1.89645524072e-09
14864.5737413 1.31822105849e-09 1.19893984716e-09
14887.7996377 3.327312671e-09 2.89726431884e-09
14911.0255342 2.25868291126e-09 2.50200545697e-10
14934.2514307 3.13498790931e-09 9.13243968367e-10
14957.4773271 2.72328905914e-09 1.75452828438e-09
14980.7032236 2.76736475675e-09 1.14218436652e-09
15003.9291201 3.53129468453e-09 1.36854632999e-09
15027.1550165 3.06138011172e-09 1.03938255517e-09
15050.380913 2.16574584411e-09 1.03480244504e-09
15073.6068095 7.49966219993e-10 1.52824711292e-09
15096.832706 3.1860052695e-09 2.67881203741e-09
15120.0586024 9.03708777317e-10 1.73624103864e-09
15143.2844989 1.09287354519e-09 2.35442873868e-09
15166.5103954 6.51525198495e-10 1.33879060289e-09
15189.7362918 2.62219927688e-09 1.13116172494e-09
15212.9621883 2.29373965914e-09 1.25731023059e-09
15236.1880848 6.49543478948e-10 8.98739195387e-10
15259.4139813 2.0007868288e-09 2.43056710367e-09
15282.6398777 2.84735849513e-09 2.5030206474e-09
15305.8657742 2.36007237768e-09 1.57928179952e-09
15329.0916707 2.4398839406e-09 2.51880153569e-09
15352.3175671 4.86114430208e-09 4.27786122651e-09
15375.5434636 1.15868340483e-09 1.66106034839e-09
15398.7693601 3.10090736551e-09 2.22977317871e-09
15421.9952565 8.63329296313e-10 2.25759713919e-09
15445.221153 2.63217318157e-09 1.42566821149e-09
15468.4470495 2.1891958458e-09 3.10440746431e-09
15491.672946 1.86543368194e-09 7.80931950701e-10
15514.8988424 1.37009618898e-09 1.4715221209e-09
15538.1247389 1.76211753554e-09 1.44650647037e-09
15561.3506354 1.44851357988e-09 1.81862528384e-10
15584.5765318 8.80465958157e-10 1.51185329487e-09
15607.8024283 9.91885310886e-10 4.83037710831e-10
15631.0283248 2.55332111027e-09 2.09689048534e-09
15654.2542213 6.88091014312e-10 1.96338679373e-10
15677.4801177 2.50558106314e-09 2.59046975188e-09
15700.7060142 9.54791372975e-10 1.05707521353e-09
15723.9319107 8.72317078066e-10 9.06700866395e-10
15747.1578071 9.69753816265e-10 4.67660858754e-10
15770.3837036 8.38716199315e-10 4.87988935904e-10
15793.6096001 1.01706624836e-10 1.88633665796e-10
15816.8354965 1.94038330718e-09 1.5616614465e-09
15840.061393 7.21980585208e-10 1.18528613648e-09
15863.2872895 1.62868203841e-09 5.96383833571e-10
15886.513186 9.33489401476e-10 5.63361865709e-10
15909.7390824 6.45962812814e-10 9.26269476301e-10
15932.9649789 1.50931390205e-09 4.92057952532e-10
15956.1908754 9.37827778761e-10 1.29048015517e-09
15979.4167718 9.62188039087e-10 2.51154661492e-10
16002.6426683 1.15080192993e-09 5.65532312431e-10
16025.8685648 5.48868174276e-10 3.30237662826e-10
16049.0944613 4.25598919412e-10 9.77287488529e-10
16072.3203577 9.04909664414e-10 2.61359678797e-10
16095.5462542 1.13133074505e-10 7.24767078781e-11
16118.7721507 1.15831766562e-09 5.26933015183e-10
16141.9980471 9.10877315372e-10 6.78680532562e-10
16165.2239436 1.20320773305e-09 3.44554475042e-10
16188.4498401 1.14602540515e-09 4.63700237537e-10
16211.6757366 4.86835387149e-10 4.87335879032e-10
16234.901633 6.46105468878e-10 2.14941417499e-10
16258.1275295 7.37007425288e-10 5.08189928838e-10
16281.353426 8.3736164327e-10 1.93023196251e-10
16304.5793224 6.56851470855e-10 4.75452673968e-10
16327.8052189 2.77531387474e-10 4.08183667588e-10
16351.0311154 1.23900586971e-09 5.66697733821e-10
16374.2570118 7.15726110657e-10 4.82204563333e-10
16397.4829083 4.67275191474e-10 4.80189884745e-10
16420.7088048 1.04845605727e-09 4.26430866192e-10
16443.9347013 3.9383707563e-10 1.92947552629e-10
16467.1605977 5.98163953995e-10 5.02155396478e-10
16490.3864942 7.8478267063e-10 2.15287743815e-10
16513.6123907 3.87315836993e-10 5.44961368351e-10
16536.8382871 8.68497779152e-10 8.11092585415e-10
16560.0641836 9.50475556165e-10 3.22102462303e-10
16583.2900801 9.36703034729e-10 9.36467129709e-10
16606.5159766 5.01026950416e-10 2.50932063504e-10
16629.741873 1.27927007889e-09 1.03692187587e-09
16652.9677695 4.42219081468e-10 3.01431683506e-10
16676.193666 7.29910636912e-10 4.82829285912e-10
16699.4195624 5.06151094952e-10 7.45160898461e-10
16722.6454589 2.80176618363e-10 2.97880336665e-10
16745.8713554 3.73498803162e-10 3.65380853784e-10
16769.0972518 5.72796039524e-10 3.36537436005e-10
16792.3231483 7.65883120937e-10 1.98203214025e-10
16815.5490448 4.4429273095e-10 5.98676417772e-10
16838.7749413 2.80963546757e-10 6.02552907606e-10
16862.0008377 1.0676407118e-09 2.90543967628e-10
16885.2267342 2.43068976087e-10 4.95796661562e-10
16908.4526307 4.8632768824e-10 7.60916825639e-10
16931.6785271 8.98655886309e-10 2.73332891895e-10
16954.9044236 8.92265816223e-10 1.85107714592e-10
16978.1303201 8.44767438604e-10 2.42431321044e-10
17001.3562166 3.37152013818e-10 4.75725801647e-10
17024.582113 1.14047581029e-11 3.81220888183e-10
17047.8080095 6.95999897438e-10 1.37147356455e-11
17071.033906 5.66952007419e-10 5.21113689192e-10
17094.2598024 2.35548026913e-10 6.28805377073e-10
17117.4856989 7.5344803624e-10 6.20398065917e-10
17140.7115954 6.19731739876e-10 8.15133825587e-10
17163.9374919 8.29401293308e-10 7.14397330533e-10
17187.1633883 3.65011928722e-10 6.3052162265e-10
17210.3892848 1.15073206738e-10 6.7044495459e-10
17233.6151813 1.40718127963e-10 3.76767851399e-10
17256.8410777 3.57782378874e-10 1.67088650642e-10
17280.0669742 1.04000030839e-10 2.64689704061e-10
17303.2928707 4.07223835621e-10 1.32225309194e-10
17326.5187671 3.89914349371e-10 4.9092488202e-10
17349.7446636 1.84470031701e-10 5.68581959556e-10
17372.9705601 4.84842116126e-10 4.08475737921e-10
17396.1964566 1.57103507189e-10 6.44084913563e-10
17419.422353 3.37328319864e-10 4.60167058344e-10
17442.6482495 5.34143914438e-10 9.79648382693e-10
17465.874146 5.81873111818e-10 2.31718651717e-10
17489.1000424 6.27411240977e-10 3.07357887373e-10
17512.3259389 1.34394205373e-10 3.00372166271e-10
17535.5518354 3.47069785126e-10 6.63139657788e-10
17558.7777319 3.38480828254e-10 2.53025998639e-10
17582.0036283 4.93546062261e-10 5.90797643195e-10
17605.2295248 4.26699262087e-10 4.54294905825e-10
17628.4554213 5.80764023135e-10 6.60102925563e-10
17651.6813177 7.64406035014e-10 3.98590009282e-10
17674.9072142 5.06997063065e-10 5.82200578289e-10
17698.1331107 5.98693324227e-10 5.89585239957e-10
17721.3590071 4.50529592715e-10 5.32236237117e-10
17744.5849036 5.58968652819e-10 7.28771396257e-10
17767.8108001 6.95231685452e-10 7.64659469593e-10
17791.0366966 4.03403129634e-10 6.50885793026e-10
17814.262593 4.40230123784e-10 2.88802156651e-10
17837.4884895 4.11144994086e-10 7.6033556437e-10
17860.714386 4.31032002455e-10 8.31743034656e-11
17883.9402824 4.42873538205e-10 5.51620501353e-10
17907.1661789 5.03996871709e-10 2.05591644721e-10
17930.3920754 3.35546991488e-10 1.45010974869e-10
17953.6179719 3.29568403263e-10 2.21820072616e-10
17976.8438683 4.38513822515e-10 2.72363643966e-10
18000.0697648 3.52266935798e-10 4.05404731761e-11
18023.2956613 1.0456731569e-10 3.50490405408e-10
18046.5215577 1.58219828637e-10 1.34172631523e-10
18069.7474542 4.89557843735e-10 4.15607116778e-10
18092.9733507 2.20184762399e-10 4.71039452595e-10
18116.1992471 4.61758036929e-11 1.58351067247e-10
18139.4251436 2.49478774883e-10 4.33274351816e-11
18162.6510401 3.3158505301e-10 1.76749820288e-10
18185.8769366 8.31039837211e-11 2.01035240267e-10
18209.102833 3.2167900555e-10 2.4901604461e-10
18232.3287295 2.80148340702e-10 2.9730099408e-11
18255.554626 5.01313717863e-11 1.78253371418e-10
18278.7805224 1.53430093809e-10 2.35467018296e-10
18302.0064189 2.28646122432e-10 1.36941902581e-10
18325.2323154 1.56123914589e-10 8.21200094413e-12
18348.4582119 4.10250147865e-11 1.06015988285e-10
18371.6841083 3.70108530685e-10 4.12756927399e-10
18394.9100048 4.30114806599e-10 2.88537053753e-10
18418.1359013 2.49013159939e-10 3.97092803497e-10
18441.3617977 4.23787808515e-10 4.66219933149e-10
18464.5876942 4.9667975265e-11 9.17960766621e-11
18487.8135907 7.91788676076e-11 3.43116565936e-10
18511.0394872 4.03491249482e-10 3.59618932592e-10
18534.2653836 2.53295499499e-10 5.63198120419e-10
18557.4912801 1.00503675969e-10 3.00320884693e-10
18580.7171766 1.18653738447e-10 2.68348782215e-10
18603.943073 3.88520245817e-10 9.29529858671e-11
18627.1689695 3.53401810617e-10 2.96103669689e-10
18650.394866 1.69384221e-10 3.67509360159e-10
18673.6207624 1.26708319148e-10 2.39911735576e-10
18696.8466589 2.34792444327e-10 2.0343310527e-10
18720.0725554 1.84496092116e-10 1.87682654682e-10
18743.2984519 2.10753813979e-10 3.72473101671e-10
18766.5243483 2.06888109712e-10 1.31031075889e-10
18789.7502448 2.53200296373e-10 1.49736039702e-10
18812.9761413 1.37897459226e-10 1.18836569751e-10
18836.2020377 1.32970058976e-10 3.84490726073e-11
18859.4279342 1.64727325207e-10 1.60429521175e-10
18882.6538307 6.51865487364e-11 9.60350124812e-11
18905.8797272 1.95900342631e-10 2.42687720832e-10
18929.1056236 2.42993617485e-10 1.6633912722e-10
18952.3315201 9.32513919545e-11 2.45426608458e-10
18975.5574166 3.58639027258e-10 2.53338958924e-10
18998.783313 2.45970482494e-10 2.88471901122e-10
19022.0092095 1.67626936714e-10 1.98092397112e-10
19045.235106 4.59141011535e-11 9.72033868295e-11
19068.4610024 1.46290757538e-10 3.145563135e-10
19091.6868989 2.10955311366e-10 3.04339642805e-10
19114.9127954 1.82895515968e-10 1.53399322006e-10
19138.1386919 9.74460640548e-11 2.8082132549e-10
19161.3645883 1.49336086405e-10 3.1364792447e-10
19184.5904848 4.09579443946e-11 1.71113596981e-10
19207.8163813 1.1678158065e-10 1.6301627147e-10
19231.0422777 1.2291034827e-10 3.4393877881e-10
19254.2681742 5.83897865124e-11 4.0525979365e-11
19277.4940707 1.29317911683e-10 1.37384097396e-10
19300.7199672 4.92276124297e-11 8.99455732158e-11
19323.9458636 6.3340694318e-11 9.81093965069e-11
19347.1717601 4.83533143039e-11 1.13525622113e-10
19370.3976566 1.50062280658e-10 1.99326308094e-10
19393.623553 2.0684991187e-10 1.22114860409e-10
19416.8494495 1.4720823334e-10 2.86482965902e-10
19440.075346 1.61808844899e-10 3.35216526621e-11
19463.3012424 1.77633637986e-10 2.14513264466e-10
19486.5271389 3.88258236742e-10 1.47550218909e-10
19509.7530354 2.70850407588e-10 5.47790681622e-10
19532.9789319 2.24309429799e-10 2.73189996874e-10
19556.2048283 1.46566923088e-10 3.42362304203e-10
19579.4307248 3.18336829565e-10 2.67422785157e-10
19602.6566213 3.01394771707e-10 2.29404126574e-10
19625.8825177 1.29337449086e-10 6.89284111165e-11
19649.1084142 1.36853613834e-10 1.9403674814e-10
19672.3343107 7.95696613038e-11 8.32413658185e-11
19695.5602072 1.89020619084e-10 5.7574241126e-11
19718.7861036 2.07821275288e-10 1.08165583049e-10
19742.0120001 9.76946211081e-11 5.06399211901e-11
19765.2378966 5.33822018512e-11 1.22174761259e-10
19788.463793 1.84806290687e-10 1.61947784108e-10
19811.6896895 9.62157564571e-11 1.14288197558e-10
19834.915586 3.56771701416e-11 7.33268975388e-11
19858.1414825 3.73889855105e-11 7.64925586788e-11
19881.3673789 1.02787069091e-10 9.84963591847e-11
19904.5932754 1.08078559751e-10 7.21902875958e-11
19927.8191719 6.80885859944e-11 7.5231277303e-11
19951.0450683 5.4425555811e-11 2.13767205347e-11
19974.2709648 4.63351042833e-11 6.18974457081e-11
19997.4968613 1.08691926457e-10 1.19711743622e-10
20020.7227577 1.25949065604e-10 1.64283455527e-10
20043.9486542 8.53100935329e-11 6.68753600949e-11
20067.1745507 1.40988929757e-10 6.31568158474e-11
20090.4004472 5.24415217155e-11 3.85687189636e-11
20113.6263436 1.06788127742e-10 4.52652210664e-11
20136.8522401 1.32923185863e-10 1.16215689015e-10
20160.0781366 9.566059823e-11 1.04676134368e-10
20183.304033 1.46149157573e-10 7.4723832217e-11
20206.5299295 5.74400215414e-11 1.60735825989e-10
20229.755826 6.05625080381e-11 2.47429101989e-11
20252.9817225 4.0208576105e-11 2.31904137538e-11
20276.2076189 3.79254878213e-11 9.30875286513e-11
20299.4335154 1.23218335134e-11 3.73640425628e-11
20322.6594119 6.1499628924e-11 4.47208695882e-11
20345.8853083 8.98915746837e-11 1.79490181081e-11
20369.1112048 2.59906955121e-11 7.05500147583e-11
20392.3371013 3.6142963568e-11 4.72829604842e-11
20415.5629977 3.95216124958e-11 4.34503014552e-11
20438.7888942 6.39659068906e-11 2.43336330983e-11
20462.0147907 4.23940417646e-11 6.05669376515e-11
20485.2406872 4.00271104837e-11 1.21015495018e-11
20508.4665836 1.46035805508e-11 1.05339218666e-10
20531.6924801 3.19950546074e-11 4.36015191283e-11
20554.9183766 3.34290569337e-11 4.77233193565e-11
20578.144273 3.74563676372e-11 6.86805222967e-11
20601.3701695 3.88663048451e-11 3.01748258586e-11
20624.596066 4.41936054899e-11 4.55456034782e-11
20647.8219625 3.98917016867e-11 8.63162294559e-12
20671.0478589 6.32304096741e-11 5.43856751114e-11
20694.2737554 4.25950954804e-11 1.05615890674e-11
20717.4996519 2.81075607404e-11 3.4227931176e-11
20740.7255483 3.18092301342e-11 4.35189547417e-11
20763.9514448 5.6390088948e-11 1.03902840589e-11
20787.1773413 3.74184466124e-11 2.60727687607e-11
20810.4032378 5.62892320963e-11 2.02784254409e-11
20833.6291342 1.66754312411e-11 3.39013692979e-11
20856.8550307 1.21228030145e-11 2.86295739247e-11
20880.0809272 2.84758110852e-11 2.16685605772e-11
20903.3068236 4.01065385109e-11 2.80583749556e-11
20926.5327201 2.32772875797e-11 1.6611311286e-11
20949.7586166 3.17214367129e-11 4.74151782164e-11
20972.984513 1.5038704953e-11 2.53600859409e-11
20996.2104095 1.72911173138e-11 3.17267612994e-11
21019.436306 2.48855180891e-11 1.98472972892e-11
21042.6622025 3.28850627502e-11 5.2408271964e-11
21065.8880989 3.05409789555e-11 2.10059527718e-11
21089.1139954 9.89537120156e-12 1.8614286994e-11
21112.3398919 2.18098431486e-11 2.92171500149e-11
21135.5657883 6.36872685659e-11 3.00326268977e-11
21158.7916848 1.27787922128e-11 2.69794319127e-11
21182.0175813 1.99995654333e-11 1.39219970192e-11
21205.2434778 3.13783120912e-11 1.97657739652e-11
21228.4693742 2.02287258551e-11 4.14461327188e-11
21251.6952707 4.37356192413e-11 1.20209903213e-11
21274.9211672 4.46309976915e-11 2.27413635712e-11
21298.1470636 1.17230560229e-11 3.31265334499e-11
21321.3729601 2.52815280345e-11 5.60397779026e-11
21344.5988566 1.17805401599e-11 4.04385732154e-11
21367.824753 2.95922849124e-11 3.94422982911e-11
21391.0506495 1.80038333856e-11 3.25927223338e-11
21414.276546 7.92520986497e-12 3.29426697588e-11
21437.5024425 2.85306417386e-11 9.9280822321e-12
21460.7283389 1.27726758753e-11 2.08269539928e-11
21483.9542354 2.54563452552e-11 1.83348095817e-11
21507.1801319 1.82649785791e-11 1.05211538913e-11
21530.4060283 9.51655252807e-12 4.27019453465e-11
21553.6319248 1.17602422504e-11 5.0464392356e-11
21576.8578213 4.18422467478e-11 5.80789455205e-11
21600.0837178 3.23950736126e-11 1.27970440753e-11
21623.3096142 4.19188308088e-11 2.37174939209e-11
21646.5355107 1.72946850667e-11 5.85348978563e-11
21669.7614072 2.31305152839e-11 4.17669004311e-11
21692.9873036 5.61205637684e-11 1.61456097028e-11
21716.2132001 2.64508101041e-11 4.96031657963e-11
21739.4390966 9.7830386603e-12 3.66864763631e-11
21762.664993 2.07331214172e-11 1.88565434166e-11
21785.8908895 4.41465100198e-11 2.20193386108e-11
21809.116786 4.05292329349e-11 1.33969762931e-11
21832.3426825 2.93318740334e-11 3.66486700903e-11
21855.5685789 4.49763271202e-11 3.18247179239e-11
21878.7944754 5.37566763956e-12 2.54375313395e-11
21902.0203719 3.37925578065e-12 9.59435263683e-12
21925.2462683 2.12264511553e-11 1.31384328442e-11
21948.4721648 9.08294072181e-12 1.2565207891e-11
21971.6980613 8.57752438747e-12 1.45931983868e-11
21994.9239578 3.16741715772e-11 2.27933144518e-11
22018.1498542 3.78322933716e-11 1.85304473481e-11
22041.3757507 1.70798225165e-11 8.94739554831e-12
22064.6016472 1.70025660652e-12 1.76395431713e-11
22087.8275436 2.73395335932e-11 1.44322665178e-11
22111.0534401 7.12632725562e-12 9.28223059102e-12
22134.2793366 7.75079750091e-12 2.22473516974e-11
22157.5052331 1.49124080093e-11 2.00398855504e-12
22180.7311295 1.35510654512e-11 1.33401531013e-11
22203.957026 3.18605054492e-11 2.39784818321e-11
22227.1829225 2.2512378992e-11 6.47393329191e-12
22250.4088189 1.19909767037e-11 2.42083835522e-11
22273.6347154 1.63830321567e-12 5.92356044274e-12
22296.8606119 2.11913039444e-11 1.89587912318e-11
22320.0865083 3.83232856764e-12 2.22476470457e-11
22343.3124048 3.0161514733e-11 4.40806047041e-11
22366.5383013 8.58064846734e-12 1.41055132638e-11
22389.7641978 4.3719426693e-12 2.8017556425e-11
22412.9900942 1.32417030738e-11 1.33685009978e-11
22436.2159907 2.36522861518e-11 1.93991683602e-11
22459.4418872 2.78395824901e-11 2.75870923795e-11
22482.6677836 1.90558197734e-11 1.40122863086e-11
22505.8936801 2.22878843816e-11 4.76636278609e-11
22529.1195766 1.23495737965e-11 1.83946561347e-11
22552.3454731 1.4329178517e-11 2.98137310334e-11
22575.5713695 4.74242159977e-11 2.93746462036e-11
22598.797266 4.51533486796e-12 1.57444353122e-11
22622.0231625 2.97056911892e-11 2.16202951816e-11
22645.2490589 2.44776875156e-12 1.8777791909e-11
22668.4749554 1.6548102077e-11 3.83094471854e-11
22691.7008519 1.69637396394e-11 1.34365608376e-11
22714.9267483 1.98381422356e-11 1.58445288841e-11
22738.1526448 1.88716748342e-11 1.72212235703e-11
22761.3785413 2.62779538491e-11 3.00249032068e-11
22784.6044378 2.5360030624e-12 9.24386675873e-12
22807.8303342 6.83027174664e-12 2.09881474075e-11
22831.0562307 5.76915939682e-12 8.95394544499e-12
22854.2821272 8.49509483716e-12 1.1763555213e-11
22877.5080236 1.19441987172e-11 8.76181005781e-12
22900.7339201 2.2525761474e-11 8.7442779378e-12
22923.9598166 1.14184450031e-12 1.74991594006e-11
22947.1857131 1.0505979137e-11 1.26862694908e-11
22970.4116095 5.97728323169e-12 8.31491425955e-12
22993.637506 8.51824669029e-12 7.63161691816e-12
23016.8634025 4.38359674634e-12 6.06481613456e-12
23040.0892989 6.58706100832e-12 1.96603870753e-11
23063.3151954 9.28133290171e-12 4.66926032633e-12
23086.5410919 1.7598648148e-12 1.74027874157e-11
23109.7669884 9.17212430211e-12 2.09479777738e-11
23132.9928848 7.60211322526e-12 5.75309608217e-12
23156.2187813 8.16691216387e-12 1.45910457223e-11
23179.4446778 2.27372133272e-12 1.43971183264e-11
23202.6705742 2.97574076082e-12 8.617046977e-12
23225.8964707 5.25083751625e-12 2.51045092317e-12
23249.1223672 6.40017726476e-12 1.01192470204e-11
23272.3482636 4.06814997199e-12 1.15324430174e-11
23295.5741601 4.70144597737e-12 1.19834546561e-11
23318.8000566 7.8457270996e-12 2.48397452844e-12
23342.0259531 3.67433470395e-12 1.04044113771e-11
23365.2518495 4.23288161537e-12 2.06060723193e-11
23388.477746 4.35316755866e-12 8.95409326653e-12
23411.7036425 3.23184337927e-12 6.81815445064e-12
23434.9295389 8.71994891799e-13 1.10149824296e-11
23458.1554354 2.50582877651e-12 1.8567938254e-11
23481.3813319 2.45604364486e-12 1.01198714121e-11
23504.6072284 5.15112150181e-12 1.25446161621e-11
23527.8331248 3.80999721415e-12 2.37566317056e-11
23551.0590213 2.21138811137e-12 1.84572558924e-11
23574.2849178 4.69972482205e-12 4.98005839795e-12
23597.5108142 5.36954572376e-12 1.86790882753e-11
23620.7367107 8.70885277236e-12 1.66432281131e-11
23643.9626072 4.40987644369e-12 1.00450998108e-11
23667.1885036 6.28096957876e-12 6.66604278936e-12
23690.4144001 6.27673875936e-12 1.88786483725e-11
23713.6402966 7.9329673302e-12 1.78168360274e-11
23736.8661931 8.55191663837e-12 1.0985920808e-12
23760.0920895 7.36229706433e-12 9.50087088281e-12
23783.317986 1.06547609036e-11 1.90018312493e-11
23806.5438825 1.34039505839e-12 1.39283148717e-11
23829.7697789 9.83757574539e-12 2.0481655467e-12
23852.9956754 5.14855676368e-12 1.15997605553e-11
23876.2215719 5.79448322596e-12 1.88747027679e-11
23899.4474684 3.63799314604e-13 1.00073029302e-11
23922.6733648 2.0193781381e-12 3.61231879533e-12
23945.8992613 3.12704919562e-12 1.60436753131e-11
23969.1251578 5.25310260263e-12 1.28498031922e-11
23992.3510542 3.13815767682e-12 6.74867037968e-12
24015.5769507 6.11384829908e-12 6.34465428157e-12
24038.8028472 2.2007651032e-12 1.87319786869e-11
24062.0287436 3.34648990472e-12 1.11797567113e-11
24085.2546401 5.20147938766e-12 4.62222494003e-12
24108.4805366 3.33302778654e-12 1.23132781848e-11
24131.7064331 4.5687078706e-12 1.78386590663e-11
24154.9323295 1.66432923215e-12 9.87949880775e-12
24178.158226 4.18205237554e-12 3.87881085525e-12
24201.3841225 1.76391216521e-12 1.43022127243e-11
24224.6100189 7.0025292784e-12 1.04741969174e-11
24247.8359154 3.13401157633e-12 6.07448338906e-12
24271.0618119 2.80185492958e-12 4.36811863092e-12
24294.2877084 3.27101095249e-12 1.34165542114e-11
24317.5136048 2.77516134802e-12 1.27413709715e-11
24340.7395013 9.70897992557e-13 1.42187418032e-12
24363.9653978 2.7423949381e-12 8.84031578764e-12
24387.1912942 5.13152970631e-12 9.77247161888e-12
24410.4171907 3.16423200983e-12 9.84437275891e-12
24433.6430872 3.24610859828e-12 1.80527966457e-12
24456.8689837 5.39493866117e-12 8.36331975358e-12
24480.0948801 1.48319101724e-12 1.17552324846e-11
24503.3207766 7.05351619755e-13 6.94165571727e-12
24526.5466731 3.194755663e-12 2.61232174627e-12
24549.7725695 2.98391289212e-12 1.19059523082e-11
24572.998466 3.33750365071e-12 1.24651989807e-11
24596.2243625 4.36151021085e-12 4.35384843703e-12
24619.4502589 3.47731972658e-12 8.14949129571e-12
24642.6761554 3.17646314533e-12 1.2429291923e-11
24665.9020519 2.45466937781e-12 7.57992194183e-12
24689.1279484 3.62060500476e-12 1.81732651376e-12
24712.3538448 2.07346262992e-12 9.38350375853e-12
24735.5797413 1.32466985362e-12 8.10541448007e-12
24758.8056378 1.04348486928e-12 5.7498312852e-12
24782.0315342 3.05833545973e-13 2.28167940439e-12
24805.2574307 3.33675558238e-12 8.08521627306e-12
24828.4833272 6.26902402438e-13 8.87479752913e-12
24851.7092237 2.83429149209e-12 4.46902807591e-12
24874.9351201 1.33162732326e-12 3.55508867882e-12
24898.1610166 2.86250798603e-12 8.23922362259e-12
24921.3869131 3.00353643326e-12 8.60242816026e-12
24944.6128095 6.92500703157e-13 4.10102396445e-12
24967.838706 3.11631873131e-12 5.85586022565e-12
24991.0646025 3.75058969492e-12 1.11616582603e-11
25014.2904989 1.51605384463e-12 6.74967696681e-12
25037.5163954 2.68593629249e-12 3.15338391094e-12
25060.7422919 4.25658457669e-12 8.76683274464e-12
25083.9681884 7.37103155723e-13 7.00667815383e-12
25107.1940848 2.16111078664e-12 5.50333024259e-12
25130.4199813 4.69911381039e-12 4.81549413315e-12
25153.6458778 1.78375695787e-12 5.23580210136e-12
25176.8717742 3.69264132419e-13 8.11271103567e-12
25200.0976707 2.96723562012e-12 4.00734812541e-12
25223.3235672 1.96025555498e-12 3.34262016893e-12
25246.5494637 4.03522611761e-12 8.48359514326e-12
25269.7753601 2.31131045495e-12 6.01751976546e-12
25293.0012566 3.40132325709e-12 2.22317025233e-12
25316.2271531 2.9559204344e-12 5.479420204e-12
25339.4530495 8.58388423125e-13 6.981606933e-12
25362.678946 2.15312746e-12 6.53370200604e-12
25385.9048425 3.34727727203e-12 2.62704752589e-12
25409.130739 3.35410096804e-12 7.34756058022e-12
25432.3566354 1.36908765297e-12 6.14740987807e-12
25455.5825319 3.40114740625e-12 2.89808994854e-12
25478.8084284 2.3481589378e-12 3.26940515935e-12
25502.0343248 8.4805203106e-13 6.26957962641e-12
25525.2602213 3.62096791532e-12 4.69811585204e-12
25548.4861178 1.48184554597e-12 1.8178526332e-12
25571.7120142 2.15283122458e-12 4.24300123348e-12
25594.9379107 9.73465113272e-13 5.84096272304e-12
25618.1638072 2.1366550884e-12 5.14166507065e-12
25641.3897037 1.3724987434e-12 2.28042219273e-12
25664.6156001 1.99113291231e-12 6.02056875812e-12
25687.8414966 2.30318807952e-12 6.57919932555e-12
25711.0673931 1.80299580279e-12 4.28724402548e-12
25734.2932895 2.28512927345e-12 3.2638071385e-12
25757.519186 2.14829128011e-12 6.72450120883e-12
25780.7450825 1.77815349558e-12 6.17581716371e-12
25803.970979 1.3501419421e-12 3.7624409798e-12
25827.1968754 2.47965204548e-12 6.03025972933e-12
25850.4227719 1.69534658626e-12 5.28492138309e-12
25873.6486684 8.64933814029e-13 4.749909963e-12
25896.8745648 2.9261660461e-12 4.93350449361e-12
25920.1004613 2.3539034354e-12 6.05748452431e-12
25943.3263578 1.72775994255e-12 6.79078653847e-12
25966.5522542 1.85808896346e-12 4.52848731606e-12
25989.7781507 1.59983455212e-12 4.48398029146e-12
26013.0040472 1.00909867037e-12 5.21451723254e-12
26036.2299437 2.92328029457e-13 5.85857171645e-12
26059.4558401 3.3115844496e-12 4.35160642146e-12
26082.6817366 4.33589020674e-13 4.38339708965e-12
26105.9076331 1.95150511677e-13 7.18399299873e-12
26129.1335295 2.38214732478e-12 4.66252002351e-12
26152.359426 1.48170419871e-12 2.28184876505e-12
26175.5853225 1.90958154781e-12 5.90335245402e-12
26198.811219 1.61366745651e-12 4.94688915884e-12
26222.0371154 1.73465890774e-12 3.54958062291e-12
26245.2630119 2.73557635064e-12 4.49849070077e-12
26268.4889084 7.21175929326e-13 5.65281068674e-12
26291.7148048 1.66313517987e-12 5.45464911389e-12
26314.9407013 2.08459019946e-12 2.35438479412e-12
26338.1665978 1.09384620895e-12 5.69531187384e-12
26361.3924942 2.25017700798e-12 5.37029673789e-12
26384.6183907 1.73295744835e-12 4.14360445193e-12
26407.8442872 3.04081856565e-12 3.07815250089e-12
26431.0701837 4.75388176128e-13 5.43669018786e-12
26454.2960801 2.92420645831e-12 4.0364377258e-12
26477.5219766 1.15767459048e-12 3.40175899265e-12
26500.7478731 1.97639003685e-12 4.15222428418e-12
26523.9737695 1.75084699728e-12 3.99332577894e-12
26547.199666 1.65005714221e-12 4.73383748427e-12
26570.4255625 2.82105345632e-12 3.47852739709e-12
26593.651459 1.79348153814e-12 4.13773671855e-12
26616.8773554 1.31083513292e-12 4.32941590315e-12
26640.1032519 2.48356768594e-12 4.18867942926e-12
26663.3291484 2.05129566783e-12 3.72456957676e-12
26686.5550448 2.41956311335e-12 4.77653556824e-12
26709.7809413 8.63324785868e-13 5.37201732065e-12
26733.0068378 2.66651098217e-12 3.42553718777e-12
26756.2327343 1.49891421034e-12 3.8969754319e-12
26779.4586307 2.15830934705e-12 6.63306292105e-12
26802.6845272 1.6195877481e-12 4.61585349825e-12
26825.9104237 2.30099783939e-12 2.35727138146e-12
26849.1363201 7.48877514466e-13 5.29649026411e-12
26872.3622166 1.98771823394e-12 5.91354655959e-12
26895.5881131 2.38473815121e-12 3.82626288916e-12
26918.8140095 7.10031714983e-13 4.25908805817e-12
26942.039906 1.7330219704e-12 5.50847761588e-12
26965.2658025 1.449020724e-12 4.84355261344e-12
26988.491699 7.66715876672e-13 3.08997220818e-12
27011.7175954 1.88512878567e-12 4.85478073929e-12
27034.9434919 1.17555987486e-12 4.20804502418e-12
27058.1693884 9.5639634789e-13 4.20027440807e-12
27081.3952848 1.37828265348e-12 3.59282810254e-12
27104.6211813 8.69287125753e-13 4.96175774721e-12
27127.8470778 8.53818109921e-13 5.38755622678e-12
27151.0729743 1.64025907283e-12 3.54739996802e-12
27174.2988707 1.10866211226e-12 3.54178918876e-12
27197.5247672 9.62820192173e-13 4.6283697612e-12
27220.7506637 1.81898690967e-12 4.82158453736e-12
27243.9765601 1.56021914098e-12 3.29045465756e-12
27267.2024566 3.34715711245e-13 3.70805324545e-12
27290.4283531 1.17166600896e-12 5.78023586672e-12
27313.6542495 2.01974903009e-12 3.99172654542e-12
27336.880146 2.06232797601e-12 2.43235446683e-12
27360.1060425 1.41937536887e-12 4.726397344e-12
27383.331939 1.563315903e-12 4.86320984966e-12
27406.5578354 2.4388528778e-12 2.7218936271e-12
27429.7837319 1.67057856682e-12 3.62703779593e-12
27453.0096284 6.50719508172e-13 4.53110684376e-12
27476.2355248 2.24528918912e-12 2.52845536189e-12
27499.4614213 1.60932851957e-12 2.87366615852e-12
27522.6873178 2.11892829308e-12 3.53948917244e-12
27545.9132143 2.26031283441e-12 4.18197626304e-12
27569.1391107 1.0214464258e-12 2.75200599929e-12
27592.3650072 1.14801085442e-12 3.65159395923e-12
27615.5909037 1.80997616036e-12 4.00792409203e-12
27638.8168001 1.31138572993e-12 3.98386923904e-12
27662.0426966 1.47958792251e-12 3.28002508584e-12
27685.2685931 1.6301510161e-12 3.30075661744e-12
27708.4944895 1.46812376587e-12 4.15873022593e-12
27731.720386 2.16776789853e-12 4.22967591976e-12
27754.9462825 1.56132345089e-12 3.2385164741e-12
27778.172179 1.92024001693e-12 3.41980265362e-12
27801.3980754 1.85667630834e-12 4.86338396744e-12
27824.6239719 1.73336283453e-12 4.39072624545e-12
27847.8498684 1.65716958876e-12 2.95182048116e-12
27871.0757648 1.10818926713e-12 4.0958067694e-12
27894.3016613 1.17830774498e-12 4.86213794825e-12
27917.5275578 1.33161685218e-12 3.18858934299e-12
27940.7534543 1.05280339931e-12 3.856701039e-12
27963.9793507 4.92959598675e-13 4.59910470505e-12
27987.2052472 1.34363622766e-12 3.69066954992e-12
28010.4311437 9.75341214202e-13 3.47568559772e-12
28033.6570401 4.07188515111e-13 3.87226480616e-12
28056.8829366 6.1565558167e-13 3.885006229e-12
28080.1088331 1.01641591924e-12 3.82885470644e-12
28103.3347296 1.00708795129e-12 4.1318672422e-12
28126.560626 8.79386158546e-13 3.59076335718e-12
28149.7865225 1.73827819036e-12 4.32977653149e-12
28173.012419 1.40145431902e-12 3.96001039533e-12
28196.2383154 1.24650998865e-12 3.52655522774e-12
28219.4642119 8.31037521448e-13 3.97570396233e-12
28242.6901084 1.34966918972e-12 3.80040156999e-12
28265.9160048 1.54903480242e-12 3.08606074145e-12
28289.1419013 1.12499343256e-12 3.38512548755e-12
28312.3677978 1.10450615722e-12 3.77722554913e-12
28335.5936943 1.60544372318e-12 3.44662791859e-12
28358.8195907 9.87876884251e-13 2.84675891054e-12
28382.0454872 7.74473275723e-13 3.50505828611e-12
28405.2713837 1.16856404852e-12 3.37827722023e-12
28428.4972801 2.00200121095e-12 3.1853776526e-12
28451.7231766 9.56634152733e-13 2.74287920613e-12
28474.9490731 1.29173183534e-12 3.4227370607e-12
28498.1749696 1.06956044987e-12 3.29729420755e-12
28521.400866 1.49219896599e-12 3.35760851454e-12
28544.6267625 7.80651461979e-13 3.3858484558e-12
28567.852659 1.3818838897e-12 3.62141895158e-12
28591.0785554 1.21867084116e-12 3.37693953925e-12
28614.3044519 1.44773290147e-12 3.04987429053e-12
28637.5303484 1.00806850203e-12 3.35279293305e-12
28660.7562448 1.45592547805e-12 3.35618951007e-12
28683.9821413 1.57883187687e-12 3.58098270464e-12
28707.2080378 1.31666428291e-12 3.01694030922e-12
28730.4339343 1.39028356259e-12 3.91159538538e-12
28753.6598307 1.16953743449e-12 3.81069648088e-12
28776.8857272 1.28505677899e-12 3.47134693082e-12
28800.1116237 1.00632418967e-12 3.27153599355e-12
28823.3375201 1.51476715788e-12 4.26434544314e-12
28846.5634166 1.34171237727e-12 3.40619392787e-12
28869.7893131 1.19369238118e-12 3.30917710644e-12
28893.0152096 1.03365102093e-12 3.73845403011e-12
28916.241106 1.29664130521e-12 3.94730666168e-12
28939.4670025 1.09016266407e-12 3.53521202936e-12
28962.692899 1.08972487264e-12 3.55707449454e-12
28985.9187954 9.67223446545e-13 3.79379069479e-12
29009.1446919 1.06906766734e-12 3.71136780676e-12
29032.3705884 7.38012161703e-13 3.65371568766e-12
29055.5964849 8.60362133276e-13 3.66652275535e-12
29078.8223813 8.71080740863e-13 3.48871304387e-12
29102.0482778 1.01257039675e-12 3.55192023992e-12
29125.2741743 9.94554680059e-13 3.36937881791e-12
29148.5000707 9.024017833e-13 3.32912390671e-12
29171.7259672 8.81562089264e-13 3.65089461288e-12
29194.9518637 9.22374022829e-13 3.55386721486e-12
29218.1777601 1.22800381978e-12 3.33190696146e-12
29241.4036566 8.96594734665e-13 3.50276922337e-12
29264.6295531 1.24755742059e-12 3.31970834205e-12
29287.8554496 8.54360122036e-13 3.28645051399e-12
29311.081346 1.07570889092e-12 3.17131362088e-12
29334.3072425 1.07827125761e-12 3.36024240979e-12
29357.533139 1.16328587395e-12 3.15612820074e-12
29380.7590354 9.96239867796e-13 3.15257663287e-12
29403.9849319 1.13453475976e-12 3.18721241645e-12
29427.2108284 1.1409027872e-12 3.16352785295e-12
29450.4367249 1.12506150033e-12 3.02068262783e-12
29473.6626213 1.13366311012e-12 2.94536510914e-12
29496.8885178 1.0887789215e-12 3.06988815981e-12
29520.1144143 1.15381197789e-12 3.12632829503e-12
29543.3403107 1.30841442556e-12 3.06208496397e-12
29566.5662072 1.19850518673e-12 3.11449913226e-12
29589.7921037 1.27074307368e-12 3.20630419976e-12
29613.0180001 1.1456478639e-12 2.97107821399e-12
29636.2438966 1.09997623514e-12 3.06339087248e-12
29659.4697931 1.3182944014e-12 3.15170564622e-12
29682.6956896 1.14948411001e-12 3.39837970287e-12
29705.921586 1.2800431191e-12 3.15168546237e-12
29729.1474825 1.25902350524e-12 3.14616779138e-12
29752.373379 1.18388024386e-12 3.31550398007e-12
29775.5992754 1.18637246934e-12 3.36888656471e-12
29798.8251719 1.06710942457e-12 3.23545521614e-12
29822.0510684 1.12640134608e-12 3.37315835054e-12
29845.2769649 1.06252302621e-12 3.31399037199e-12
29868.5028613 1.17829889812e-12 3.28362437142e-12
29891.7287578 1.09574005077e-12 3.31778891714e-12
29914.9546543 1.03721509235e-12 3.23518600449e-12
29938.1805507 9.8284069338e-13 3.27457676782e-12
29961.4064472 8.38265386957e-13 3.32817148041e-12
29984.6323437 9.11869005585e-13 3.23188346343e-12
30007.8582401 7.1179084237e-13 3.21476358166e-12
30031.0841366 7.69945711517e-13 3.29200322219e-12
30054.3100331 8.32806766712e-13 3.2147512818e-12
30077.5359296 8.62341816367e-13 3.31659883809e-12
30100.761826 7.76418373569e-13 3.26772139824e-12
30123.9877225 8.63918817263e-13 3.28522193804e-12
30147.213619 9.76592348232e-13 3.19773790204e-12
30170.4395154 9.23176773952e-13 3.20992489343e-12
30193.6654119 9.35173024799e-13 3.20706238783e-12
30216.8913084 9.75252763592e-13 3.10628438959e-12
30240.1172049 9.39061008968e-13 3.13701632404e-12
30263.3431013 9.63212717185e-13 3.08193718755e-12
30286.5689978 9.60360766138e-13 3.0356974376e-12
30309.7948943 9.87655952615e-13 2.97148251608e-12
30333.0207907 9.68204622206e-13 3.01812653634e-12
30356.2466872 1.01075338242e-12 2.94973155371e-12
30379.4725837 1.01159339522e-12 2.89178819394e-12
30402.6984802 9.45473424464e-13 2.92131158217e-12
30425.9243766 1.04103685242e-12 2.85199637801e-12
30449.1502731 1.01467736623e-12 2.87345132995e-12
30472.3761696 9.66977116003e-13 2.93565045369e-12
30495.602066 1.00524252669e-12 2.81127410107e-12
30518.8279625 1.09338860619e-12 2.84681677188e-12
30542.053859 1.04778633778e-12 2.84349872355e-12
30565.2797554 1.04974291915e-12 2.83907320505e-12
30588.5056519 1.10880931523e-12 2.82928305239e-12
30611.7315484 1.05918554153e-12 2.85511202897e-12
30634.9574449 1.09140309634e-12 2.87717509546e-12
30658.1833413 1.08834057203e-12 2.908753467e-12
30681.4092378 1.090585973e-12 2.88691012065e-12
30704.6351343 1.1012045145e-12 2.9583973724e-12
30727.8610307 1.10935362645e-12 2.94331309637e-12
30751.0869272 1.16122595802e-12 2.94618884107e-12
30774.3128237 1.13032047278e-12 3.07309789576e-12
30797.5387202 1.12120560223e-12 2.98932130984e-12
30820.7646166 1.09168337993e-12 2.97193191768e-12
30843.9905131 1.04727283675e-12 3.03633764979e-12
30867.2164096 1.04526651923e-12 3.00653795593e-12
30890.442306 9.72197616367e-13 3.00855160368e-12
30913.6682025 9.5798532631e-13 2.9858398907e-12
30936.894099 8.77003869457e-13 2.99941302599e-12
30960.1199954 8.68217600663e-13 3.00479197948e-12
30983.3458919 7.71329186582e-13 3.05476630491e-12
31006.5717884 6.93717326729e-13 3.05032116379e-12
31029.7976849 7.50521201937e-13 3.01767014354e-12
31053.0235813 7.50273891066e-13 3.01578264439e-12
31076.2494778 7.51033277798e-13 2.99212839744e-12
31099.4753743 8.2381565493e-13 2.90842900861e-12
31122.7012707 8.0227239111e-13 2.97806111393e-12
31145.9271672 7.96140499543e-13 2.92171326619e-12
31169.1530637 8.42167854871e-13 2.93903204926e-12
31192.3789602 8.77258853664e-13 2.89600585416e-12
31215.6048566 9.19340713071e-13 2.92066931971e-12
31238.8307531 8.91113784846e-13 2.92063920424e-12
31262.0566496 9.2091469476e-13 2.84729906114e-12
31285.282546 9.32579966436e-13 2.87066076994e-12
31308.5084425 9.24239612739e-13 2.80837174519e-12
31331.734339 9.15517611297e-13 2.78165706224e-12
31354.9602355 9.47548191426e-13 2.7866705729e-12
31378.1861319 8.99868652294e-13 2.73243171037e-12
31401.4120284 8.34126159942e-13 2.71699357725e-12
31424.6379249 8.67332657726e-13 2.64456539539e-12
31447.8638213 8.79894501495e-13 2.66172184493e-12
31471.0897178 8.90547459649e-13 2.66667572522e-12
31494.3156143 8.81089166483e-13 2.68542766507e-12
31517.5415107 8.93538541175e-13 2.6479040517e-12
31540.7674072 8.58799850134e-13 2.64574295803e-12
31563.9933037 9.11919779518e-13 2.6075138076e-12
31587.2192002 9.36582758415e-13 2.64145512297e-12
31610.4450966 9.47411920766e-13 2.66991261375e-12
31633.6709931 9.72623905376e-13 2.66922498052e-12
31656.8968896 9.41898145162e-13 2.72742187067e-12
31680.122786 9.88453544608e-13 2.70391609963e-12
31703.3486825 1.00723904698e-12 2.70739829943e-12
31726.574579 1.00344916046e-12 2.77669506416e-12
31749.8004755 1.01324560858e-12 2.74764500955e-12
31773.0263719 1.00985102754e-12 2.75892700608e-12
31796.2522684 1.00176330065e-12 2.73192402962e-12
31819.4781649 9.84224022424e-13 2.78065652498e-12
31842.7040613 9.46428475196e-13 2.81313290721e-12
31865.9299578 8.94272905188e-13 2.77476244962e-12
31889.1558543 8.83051720377e-13 2.75697673244e-12
31912.3817507 8.71063072835e-13 2.71768753688e-12
31935.6076472 8.29087152532e-13 2.7352602346e-12
31958.8335437 7.92049099344e-13 2.73876461735e-12
31982.0594402 7.44123124976e-13 2.77348039231e-12
32005.2853366 6.86719206496e-13 2.7427801796e-12
32028.5112331 6.89328123663e-13 2.72476101707e-12
32051.7371296 7.02152887038e-13 2.70396735297e-12
32074.963026 7.1981587133e-13 2.71570541812e-12
32098.1889225 7.36117749477e-13 2.72129317889e-12
32121.414819 7.52897965496e-13 2.70694374959e-12
32144.6407155 7.6153513908e-13 2.69621259814e-12
32167.8666119 7.81379696908e-13 2.713429987e-12
32191.0925084 7.92918342333e-13 2.6958274542e-12
32214.3184049 8.00637714223e-13 2.69670199885e-12
32237.5443013 8.33461843868e-13 2.69964824341e-12
32260.7701978 8.52591213733e-13 2.67441945029e-12
32283.9960943 8.57237544688e-13 2.65835886438e-12
32307.2219907 8.37543033872e-13 2.62894194524e-12
32330.4478872 8.40848734129e-13 2.58883857571e-12
32353.6737837 8.22931399243e-13 2.58135904352e-12
32376.8996802 8.25770278804e-13 2.56665565848e-12
32400.1255766 7.93824784215e-13 2.55777304268e-12
32423.3514731 8.23836942916e-13 2.54058864576e-12
32446.5773696 8.33734319645e-13 2.51509107737e-12
32469.803266 7.86495742524e-13 2.49912471415e-12
32493.0291625 7.97599727343e-13 2.50399780298e-12
32516.255059 7.73771785094e-13 2.48358922294e-12
32539.4809555 7.84481696342e-13 2.4922503596e-12
32562.7068519 7.80676239061e-13 2.50315072894e-12
32585.9327484 7.91117385647e-13 2.49828110205e-12
32609.1586449 8.08496899048e-13 2.48350465033e-12
32632.3845413 8.35801392394e-13 2.50105182988e-12
32655.6104378 8.66384029867e-13 2.51445037607e-12
32678.8363343 8.76547268957e-13 2.54531492001e-12
32702.0622308 9.02139975788e-13 2.53762518193e-12
32725.2881272 9.1035629056e-13 2.55104076983e-12
32748.5140237 9.15085067143e-13 2.54575538387e-12
32771.7399202 9.01933060671e-13 2.55625805897e-12
32794.9658166 9.11961750964e-13 2.55629284194e-12
32818.1917131 8.83567076304e-13 2.55767407727e-12
32841.4176096 8.66189892267e-13 2.5512530518e-12
32864.643506 8.33953061385e-13 2.55828800057e-12
32887.8694025 8.10571866695e-13 2.54090244325e-12
32911.095299 7.7825498794e-13 2.55527237485e-12
32934.3211955 7.58040378653e-13 2.53175771726e-12
32957.5470919 7.17183737505e-13 2.52440252271e-12
32980.7729884 6.90788364823e-13 2.52002946742e-12
33003.9988849 6.94824348107e-13 2.52279760316e-12
33027.2247813 6.71968138686e-13 2.50346232914e-12
33050.4506778 6.67196301784e-13 2.50474762849e-12
33073.6765743 6.8138362461e-13 2.51530470923e-12
33096.9024708 6.76374838567e-13 2.48968421929e-12
33120.1283672 6.97323904154e-13 2.50015427243e-12
33143.3542637 7.01299632038e-13 2.5005494346e-12
33166.5801602 7.27638936505e-13 2.49607568652e-12
33189.8060566 7.45467080882e-13 2.49323163386e-12
33213.0319531 7.44472039848e-13 2.48665509187e-12
33236.2578496 7.69380758266e-13 2.49059361105e-12
33259.483746 7.72379160555e-13 2.46922776927e-12
33282.7096425 7.7644355069e-13 2.47003784317e-12
33305.935539 7.71768044094e-13 2.45932583886e-12
33329.1614355 7.90380774909e-13 2.44742193333e-12
33352.3873319 7.80366875912e-13 2.42979054614e-12
33375.6132284 7.53143297527e-13 2.40984813823e-12
33398.8391249 7.47567807829e-13 2.39614697938e-12
33422.0650213 7.31113735642e-13 2.39632469963e-12
33445.2909178 7.16291883699e-13 2.38211441319e-12
33468.5168143 6.94465091238e-13 2.38660326389e-12
33491.7427108 6.95727057831e-13 2.36653410102e-12
33514.9686072 6.9505816909e-13 2.35358773889e-12
33538.1945037 6.83421006232e-13 2.34277990487e-12
33561.4204002 6.99924492708e-13 2.35833254412e-12
33584.6462966 7.15919766948e-13 2.34953001306e-12
33607.8721931 7.34722413097e-13 2.34801291582e-12
33631.0980896 7.45012207849e-13 2.36564956615e-12
33654.3239861 7.71732289246e-13 2.36887336635e-12
33677.5498825 7.81414548374e-13 2.37179095032e-12
33700.775779 8.0097719481e-13 2.38493815493e-12
33724.0016755 8.11209487672e-13 2.38751989165e-12
33747.2275719 8.22731287142e-13 2.39394500291e-12
33770.4534684 8.19428255287e-13 2.37633863089e-12
33793.6793649 8.14368353787e-13 2.38913001876e-12
33816.9052613 8.11754450439e-13 2.39054692573e-12
33840.1311578 7.97920486067e-13 2.38185429154e-12
33863.3570543 7.82925158804e-13 2.37591127723e-12
33886.5829508 7.5789796351e-13 2.36507549064e-12
33909.8088472 7.30552778979e-13 2.35120796598e-12
33933.0347437 7.00720051592e-13 2.35617404394e-12
33956.2606402 6.85325469241e-13 2.35198764477e-12
33979.4865366 6.71507981422e-13 2.34801514909e-12
34002.7124331 6.6000454549e-13 2.336832856e-12
34025.9383296 6.43481370307e-13 2.32558162015e-12
34049.1642261 6.33657378571e-13 2.32555007164e-12
34072.3901225 6.29994991254e-13 2.32551031712e-12
34095.616019 6.47010580767e-13 2.32636467864e-12
34118.8419155 6.56884812123e-13 2.32370653236e-12
34142.0678119 6.61821230863e-13 2.32420111417e-12
34165.2937084 6.78586687101e-13 2.32946109372e-12
34188.5196049 7.042672033e-13 2.33353116949e-12
34211.7455013 7.18634916289e-13 2.32718828013e-12
34234.9713978 7.26293041602e-13 2.31828429274e-12
34258.1972943 7.28068350921e-13 2.32003130257e-12
34281.4231908 7.31045306569e-13 2.32223624272e-12
34304.6490872 7.32268628678e-13 2.31609787855e-12
34327.8749837 7.39848187156e-13 2.31047612112e-12
34351.1008802 7.28050947203e-13 2.2859988179e-12
34374.3267766 7.06929326653e-13 2.27919130698e-12
34397.5526731 6.88643423571e-13 2.26526630488e-12
34420.7785696 6.69936990284e-13 2.26183742364e-12
34444.0044661 6.56792888162e-13 2.25298548124e-12
34467.2303625 6.44428132943e-13 2.24555333447e-12
34490.456259 6.36810797162e-13 2.2353934557e-12
34513.6821555 6.26542638712e-13 2.22941617324e-12
34536.9080519 6.28865005496e-13 2.22940666525e-12
34560.1339484 6.33649715856e-13 2.21906228977e-12
34583.3598449 6.43318361498e-13 2.22555879063e-12
34606.5857413 6.53868777594e-13 2.22773197208e-12
34629.8116378 6.77624958942e-13 2.23790217143e-12
34653.0375343 6.98999749039e-13 2.2371865362e-12
34676.2634308 7.12457413862e-13 2.23436371984e-12
34699.4893272 7.23876875602e-13 2.24483858787e-12
34722.7152237 7.38673518804e-13 2.24951272753e-12
34745.9411202 7.49689622195e-13 2.24821892986e-12
34769.1670166 7.5299477007e-13 2.24530935119e-12
34792.3929131 7.49758995415e-13 2.2452124098e-12
34815.6188096 7.46551150246e-13 2.24465836808e-12
34838.8447061 7.38505596477e-13 2.23728212832e-12
34862.0706025 7.23358873929e-13 2.22877543218e-12
34885.296499 7.05493509171e-13 2.22212894174e-12
34908.5223955 6.86377917589e-13 2.21342904346e-12
34931.7482919 6.69183631214e-13 2.20459502637e-12
34954.9741884 6.4624429087e-13 2.19557647725e-12
34978.2000849 6.27230174746e-13 2.19023652875e-12
35001.4259814 6.13737593169e-13 2.18780508935e-12
35024.6518778 6.07501010148e-13 2.18299745404e-12
35047.8777743 6.02307249869e-13 2.18060838698e-12
35071.1036708 6.01786148325e-13 2.17715955201e-12
35094.3295672 6.09341205792e-13 2.17985419969e-12
35117.5554637 6.20795479479e-13 2.18215275388e-12
35140.7813602 6.32881712409e-13 2.18368738851e-12
35164.0072566 6.48145434397e-13 2.18713258309e-12
35187.2331531 6.65108444434e-13 2.1897248498e-12
35210.4590496 6.77278663382e-13 2.1895705327e-12
35233.6849461 6.85717460673e-13 2.19139715248e-12
35256.9108425 6.94072357643e-13 2.19175250877e-12
35280.136739 6.96960093293e-13 2.18859505445e-12
35303.3626355 6.92410626745e-13 2.18395479629e-12
35326.5885319 6.86680253131e-13 2.18031153894e-12
35349.8144284 6.74804562903e-13 2.17124985669e-12
35373.0403249 6.62606354054e-13 2.16507080742e-12
35396.2662214 6.46374276903e-13 2.15892085008e-12
35419.4921178 6.29274032025e-13 2.14921790264e-12
35442.7180143 6.11873422678e-13 2.13933639829e-12
35465.9439108 5.96951546023e-13 2.13370066795e-12
35489.1698072 5.84505562976e-13 2.12681117683e-12
35512.3957037 5.77217430742e-13 2.12038989094e-12
35535.6216002 5.74623236783e-13 2.11945426281e-12
35558.8474966 5.79179225786e-13 2.11865098977e-12
35582.0733931 5.84701903653e-13 2.11890542895e-12
35605.2992896 6.01308084852e-13 2.11744299172e-12
35628.5251861 6.15526842251e-13 2.12229867023e-12
35651.7510825 6.32526807397e-13 2.1247653998e-12
35674.976979 6.47771835669e-13 2.12720544159e-12
35698.2028755 6.66603483048e-13 2.12963827953e-12
35721.4287719 6.78853483758e-13 2.13225736906e-12
35744.6546684 6.8950465112e-13 2.13095034912e-12
35767.8805649 6.94551660934e-13 2.13016770081e-12
35791.1064614 6.96722084269e-13 2.12771396654e-12
35814.3323578 6.95263494131e-13 2.12301327432e-12
35837.5582543 6.87904967785e-13 2.11572161062e-12
35860.7841508 6.75935873077e-13 2.10823875084e-12
35884.0100472 6.60859927507e-13 2.10037667852e-12
35907.2359437 6.43582766451e-13 2.09260694884e-12
35930.4618402 6.25597952371e-13 2.08364579695e-12
35953.6877366 6.08522419537e-13 2.07697885672e-12
35976.9136331 5.93459285181e-13 2.07040373573e-12
36000.1395296 5.82064944773e-13 2.0661278402e-12
36023.3654261 5.74646670096e-13 2.05996459219e-12
36046.5913225 5.70207162312e-13 2.05813814091e-12
36069.817219 5.72134274096e-13 2.05785122893e-12
36093.0431155 5.78511474745e-13 2.06009978864e-12
36116.2690119 5.88954158216e-13 2.0606108798e-12
36139.4949084 6.01358313029e-13 2.06555682764e-12
36162.7208049 6.16070582754e-13 2.06983813143e-12
36185.9467014 6.28909539107e-13 2.07387953711e-12
36209.1725978 6.41966507773e-13 2.07637720639e-12
36232.3984943 6.51647296161e-13 2.07980637268e-12
36255.6243908 6.57157876158e-13 2.08086702014e-12
36278.8502872 6.60481481947e-13 2.08122712226e-12
36302.0761837 6.57596737494e-13 2.07846597989e-12
36325.3020802 6.51449227863e-13 2.07568523999e-12
36348.5279767 6.40392977651e-13 2.07118536269e-12
36371.7538731 6.26732438849e-13 2.06502827843e-12
36394.9797696 6.10857151316e-13 2.05885913277e-12
36418.2056661 5.93218173409e-13 2.05234816058e-12
36441.4315625 5.75776247519e-13 2.04535458556e-12
36464.657459 5.59847260731e-13 2.03939730206e-12
36487.8833555 5.46627591179e-13 2.03419343574e-12
36511.1092519 5.37698558259e-13 2.03006534938e-12
36534.3351484 5.33693826757e-13 2.02689278291e-12
36557.5610449 5.34535237033e-13 2.02525587279e-12
36580.7869414 5.41141701728e-13 2.02566529138e-12
36604.0128378 5.52478995776e-13 2.02621083756e-12
36627.2387343 5.67428617187e-13 2.02826543843e-12
36650.4646308 5.83604670201e-13 2.03012770739e-12
36673.6905272 6.0059213228e-13 2.03280868969e-12
36696.9164237 6.16984931826e-13 2.03431428234e-12
36720.1423202 6.30437510495e-13 2.03538852292e-12
36743.3682167 6.41488586467e-13 2.0347861818e-12
36766.5941131 6.48344494054e-13 2.03336278388e-12
36789.8200096 6.51509201606e-13 2.03010836645e-12
36813.0459061 6.5003244364e-13 2.02543142355e-12
36836.2718025 6.44422452555e-13 2.01940166203e-12
36859.497699 6.34872930747e-13 2.01220566372e-12
36882.7235955 6.22522752285e-13 2.00402003173e-12
36905.9494919 6.07974337444e-13 1.99557696314e-12
36929.1753884 5.92099968035e-13 1.98735949798e-12
36952.4012849 5.76612146325e-13 1.97963124071e-12
36975.6271814 5.62763732814e-13 1.97261705499e-12
36998.8530778 5.51709159626e-13 1.96757104494e-12
37022.0789743 5.44339744182e-13 1.96364375919e-12
37045.3048708 5.41555751872e-13 1.96207724679e-12
37068.5307672 5.43713065304e-13 1.96161300443e-12
37091.7566637 5.50112189016e-13 1.96332494893e-12
37114.9825602 5.60096459026e-13 1.96621573819e-12
37138.2084567 5.72413638557e-13 1.97028933983e-12
37161.4343531 5.85838385112e-13 1.97502570245e-12
37184.6602496 5.99548267668e-13 1.97955445627e-12
37207.8861461 6.11037424625e-13 1.98410396407e-12
37231.1120425 6.20722594367e-13 1.98769774388e-12
37254.337939 6.26757117901e-13 1.99008399439e-12
37277.5638355 6.29024533359e-13 1.99120622936e-12
37300.789732 6.27309531332e-13 1.99096032169e-12
37324.0156284 6.21181830911e-13 1.98915827416e-12
37347.2415249 6.11495411378e-13 1.98603956377e-12
37370.4674214 5.98071083985e-13 1.98140869204e-12
37393.6933178 5.82601077525e-13 1.97649528073e-12
37416.9192143 5.65055387084e-13 1.97073126119e-12
37440.1451108 5.47658370022e-13 1.96493645157e-12
37463.3710072 5.31077054892e-13 1.95960680517e-12
37486.5969037 5.17253838366e-13 1.95478262184e-12
37509.8228002 5.07302093602e-13 1.95114453745e-12
37533.0486967 5.01859125805e-13 1.9483268402e-12
37556.2745931 5.02081911368e-13 1.94719032768e-12
37579.5004896 5.07376875781e-13 1.94703982428e-12
37602.7263861 5.17412561228e-13 1.94791491954e-12
37625.9522825 5.30849040265e-13 1.9495980491e-12
37649.178179 5.46681215224e-13 1.95164362311e-12
37672.4040755 5.62864678299e-13 1.95375922136e-12
37695.629972 5.78593955835e-13 1.95547065276e-12
37718.8558684 5.92410950073e-13 1.95649861328e-12
37742.0817649 6.03534716988e-13 1.95613115395e-12
37765.3076614 6.11108044787e-13 1.95485025638e-12
37788.5335578 6.14703306678e-13 1.95179911559e-12
37811.7594543 6.14261799267e-13 1.94754669449e-12
37834.9853508 6.09608208526e-13 1.94165265254e-12
37858.2112472 6.01646653945e-13 1.93502425634e-12
37881.4371437 5.90372266549e-13 1.92722893708e-12
37904.6630402 5.77264150601e-13 1.91931293332e-12
37927.8889367 5.62784008565e-13 1.91126211912e-12
37951.1148331 5.48529704943e-13 1.90389970308e-12
37974.3407296 5.35498394899e-13 1.89736851408e-12
37997.5666261 5.2521531843e-13 1.89218933475e-12
38020.7925225 5.18487762965e-13 1.88870886097e-12
38044.018419 5.16093956421e-13 1.88685441212e-12
38067.2443155 5.18251932129e-13 1.88684920005e-12
38090.470212 5.2460460699e-13 1.88852650601e-12
38113.6961084 5.34302256159e-13 1.89164631191e-12
38136.9220049 5.46636047382e-13 1.89581262431e-12
38160.1479014 5.59831420959e-13 1.90058911491e-12
38183.3737978 5.73075419926e-13 1.90570935111e-12
38206.5996943 5.84884110704e-13 1.91044499066e-12
38229.8255908 5.94485556328e-13 1.91469341047e-12
38253.0514872 6.00844792528e-13 1.91779195199e-12
38276.2773837 6.03567449659e-13 1.91969814806e-12
38299.5032802 6.02303282908e-13 1.92020538746e-12
38322.7291767 5.96998296837e-13 1.91911817969e-12
38345.9550731 5.87844989656e-13 1.91677308799e-12
38369.1809696 5.75373710193e-13 1.91328007522e-12
38392.4068661 5.60252307141e-13 1.90884739091e-12
38415.6327625 5.43470380644e-13 1.90389632057e-12
38438.858659 5.2626897121e-13 1.89878697735e-12
38462.0845555 5.09921868207e-13 1.89398126684e-12
38485.310452 4.95791141355e-13 1.88960390732e-12
38508.5363484 4.85302312065e-13 1.88631094589e-12
38531.7622449 4.79309857846e-13 1.8839748233e-12
38554.9881414 4.78551772034e-13 1.88286631513e-12
38578.2140378 4.82846754719e-13 1.88287250667e-12
38601.4399343 4.91823768096e-13 1.88394707697e-12
38624.6658308 5.0434344199e-13 1.88571921043e-12
38647.8917273 5.19089594203e-13 1.88799529361e-12
38671.1176237 5.34806938661e-13 1.89029035728e-12
38694.3435202 5.49989676874e-13 1.8922626972e-12
38717.5694167 5.63594526127e-13 1.89360536681e-12
38740.7953131 5.74592953914e-13 1.8939018396e-12
38764.0212096 5.82295335802e-13 1.89295732868e-12
38787.2471061 5.86266370315e-13 1.89070772928e-12
38810.4730025 5.86320133168e-13 1.88700509141e-12
38833.698899 5.82486168737e-13 1.88196434284e-12
38856.9247955 5.75120073572e-13 1.87584886714e-12
38880.150692 5.6479635272e-13 1.86891528073e-12
38903.3765884 5.52275666285e-13 1.8615022856e-12
38926.6024849 5.38640316687e-13 1.85413829529e-12
38949.8283814 5.25014553619e-13 1.84718489838e-12
38973.0542778 5.12639219746e-13 1.84108873735e-12
38996.2801743 5.02737748516e-13 1.83623173833e-12
39019.5060708 4.96331101933e-13 1.83288961938e-12
39042.7319673 4.94112189717e-13 1.83119870959e-12
39065.9578637 4.9626777301e-13 1.83125408915e-12
39089.1837602 5.02625232033e-13 1.83289481959e-12
39112.4096567 5.12358753003e-13 1.83598245888e-12
39135.6355531 5.24524285582e-13 1.84013860966e-12
39158.8614496 5.37889689528e-13 1.84501238334e-12
39182.0873461 5.51177340267e-13 1.85013260862e-12
39205.3132425 5.63268167422e-13 1.85508030258e-12
39228.539139 5.73143527402e-13 1.85942030374e-12
39251.7650355 5.80005719302e-13 1.86282032046e-12
39274.990932 5.83307643375e-13 1.86500607422e-12
39298.2168284 5.8273260613e-13 1.86584711153e-12
39321.4427249 5.78199138402e-13 1.86525139431e-12
39344.6686214 5.69887002676e-13 1.86332069991e-12
39367.8945178 5.58233595366e-13 1.86023458537e-12
39391.1204143 5.43938674945e-13 1.85624998097e-12
39414.3463108 5.27884050199e-13 1.85169399075e-12
39437.5722073 5.11229639321e-13 1.84697233897e-12
39460.7981037 4.95235188824e-13 1.84243938505e-12
39484.0240002 4.81261532731e-13 1.8384673284e-12
39507.2498967 4.70578688226e-13 1.83533849615e-12
39530.4757931 4.64217692494e-13 1.83327107851e-12
39553.7016896 4.62802310795e-13 1.83239119976e-12
39576.9275861 4.66388284462e-13 1.83265761329e-12
39600.1534826 4.74489497018e-13 1.83395358188e-12
39623.379379 4.86173574852e-13 1.83609007452e-12
39646.6052755 5.00176001136e-13 1.83871279497e-12
39669.831172 5.1516716366e-13 1.84149695766e-12
39693.0570684 5.29863030632e-13 1.8440550725e-12
39716.2829649 5.43069040517e-13 1.84601466964e-12
39739.5088614 5.53860127353e-13 1.84706376624e-12
39762.7347578 5.61511694122e-13 1.84695439267e-12
39785.9606543 5.65554559093e-13 1.84552741908e-12
39809.1865508 5.657863715e-13 1.84273355896e-12
39832.4124473 5.62248640796e-13 1.83863974168e-12
39855.6383437 5.55235445929e-13 1.83342066245e-12
39878.8642402 5.45301083304e-13 1.82735947554e-12
39902.0901367 5.33193972333e-13 1.8207882299e-12
39925.3160331 5.19920242742e-13 1.81412911131e-12
39948.5419296 5.0660818213e-13 1.80779156611e-12
39971.7678261 4.94469205317e-13 1.80220863643e-12
39994.9937226 4.84728184065e-13 1.79773523387e-12
40018.219619 4.78409174917e-13 1.79463955535e-12
40041.4455155 4.76208573978e-13 1.79311937799e-12
40064.671412 4.78411367423e-13 1.79321673609e-12
40087.8973084 4.8475795543e-13 1.7948507576e-12
40111.1232049 4.94611419303e-13 1.79786234844e-12
40134.3491014 5.06893792695e-13 1.80192359953e-12
40157.5749978 5.20461830439e-13 1.80667201857e-12
40180.8008943 5.34062874302e-13 1.81170744227e-12
40204.0267908 5.4654599025e-13 1.81655814585e-12
40227.2526873 5.56921423711e-13 1.82087311966e-12
40250.4785837 5.64409845017e-13 1.82428486003e-12
40273.7044802 5.68406027176e-13 1.82651851989e-12
40296.9303767 5.68622389855e-13 1.8274402262e-12
40320.1562731 5.64929654953e-13 1.82697599562e-12
40343.3821696 5.57513157788e-13 1.82518255177e-12
40366.6080661 5.46757165438e-13 1.8222593516e-12
40389.8339626 5.33315094965e-13 1.81843558038e-12
40413.059859 5.18063456354e-13 1.81405088558e-12
40436.2857555 5.02080612162e-13 1.80948061301e-12
40459.511652 4.86597684321e-13 1.80510879956e-12
40482.7375484 4.72931360499e-13 1.80127830733e-12
40505.9634449 4.62310227885e-13 1.79832497209e-12
40529.1893414 4.55785644177e-13 1.79644578675e-12
40552.4152378 4.53978608773e-13 1.79578145649e-12
40575.6411343 4.57011130627e-13 1.79632969064e-12
40598.8670308 4.64463854129e-13 1.79798701381e-12
40622.0929273 4.75450801329e-13 1.80052806103e-12
40645.3188237 4.88790674742e-13 1.8036919236e-12
40668.5447202 5.03182986876e-13 1.80709254421e-12
40691.7706167 5.17347450196e-13 1.81037125682e-12
40714.9965131 5.30147125479e-13 1.81315235414e-12
40738.2224096 5.40639232574e-13 1.81511175828e-12
40761.4483061 5.48092515807e-13 1.81597685184e-12
40784.6742026 5.52047841731e-13 1.81558438609e-12
40807.900099 5.52270365449e-13 1.81384964713e-12
40831.1259955 5.48772840223e-13 1.81082872536e-12
40854.351892 5.41848415523e-13 1.80665318119e-12
40877.5777884 5.32004705404e-13 1.80157811224e-12
40900.8036849 5.19997763894e-13 1.7959218647e-12
40924.0295814 5.06779927816e-13 1.79008472173e-12
40947.2554779 4.93480365984e-13 1.78445707726e-12
40970.4813743 4.81328860788e-13 1.77945572618e-12
40993.7072708 4.71522275568e-13 1.77542647883e-12
41016.9331673 4.65124980133e-13 1.77265389194e-12
41040.1590637 4.62874736157e-13 1.77132320015e-12
41063.3849602 4.65057875203e-13 1.77150092299e-12
41086.6108567 4.71483004158e-13 1.77313839495e-12
41109.8367531 4.81470412826e-13 1.77605691758e-12
41133.0626496 4.94022180618e-13 1.77999513235e-12
41156.2885461 5.07934437405e-13 1.78458499392e-12
41179.5144426 5.21988633171e-13 1.78943958758e-12
41202.740339 5.35025247127e-13 1.79414146463e-12
41225.9662355 5.46038669811e-13 1.79829530271e-12
41249.192132 5.54235400311e-13 1.80156792265e-12
41272.4180284 5.59030038166e-13 1.80371093988e-12
41295.6439249 5.60068795515e-13 1.80453550901e-12
41318.8698214 5.57269315911e-13 1.80401890122e-12
41342.0957179 5.5074517084e-13 1.80219178817e-12
41365.3216143 5.40894688803e-13 1.79922965713e-12
41388.5475108 5.28310672212e-13 1.79538142257e-12
41411.7734073 5.13862423774e-13 1.79099203717e-12
41434.9993037 4.98579109615e-13 1.78640535524e-12
41458.2252002 4.83656155387e-13 1.78205260215e-12
41481.4510967 4.70367736971e-13 1.77827003564e-12
41504.6769931 4.59944688813e-13 1.77539316874e-12
41527.9028896 4.53388471671e-13 1.77364678063e-12
41551.1287861 4.51363674659e-13 1.77318895073e-12
41574.3546826 4.54019217899e-13 1.77400761951e-12
41597.580579 4.60980784564e-13 1.77604651974e-12
41620.8064755 4.71420136145e-13 1.77907808657e-12
41644.032372 4.84214505933e-13 1.78283160694e-12
41667.2582684 4.98090767967e-13 1.78694365943e-12
41690.4841649 5.11811672248e-13 1.79105499131e-12
41713.7100614 5.24230637255e-13 1.794750431e-12
41736.9359579 5.3442305717e-13 1.7977238574e-12
41760.1618543 5.41645336361e-13 1.79966660294e-12
41783.3877508 5.4541538298e-13 1.80039400784e-12
41806.6136473 5.45504336134e-13 1.79980626195e-12
41829.8395437 5.41909038277e-13 1.79792551386e-12
41853.0654402 5.34883555607e-13 1.79485170723e-12
41876.2913367 5.24935454241e-13 1.79083394926e-12
41899.5172332 5.1279071254e-13 1.78615334709e-12
41922.7431296 4.99415936787e-13 1.78117827715e-12
41945.9690261 4.85903398638e-13 1.77630922525e-12
41969.1949226 4.73521512677e-13 1.77192271689e-12
41992.420819 4.63479187098e-13 1.7683733299e-12
42015.6467155 4.56858786481e-13 1.76596824201e-12
42038.872612 4.54460406254e-13 1.76486597071e-12
42062.0985084 4.56599710381e-13 1.7651719763e-12
42085.3244049 4.63087337801e-13 1.76683925017e-12
42108.5503014 4.73297544985e-13 1.76970816167e-12
42131.7761979 4.8618358247e-13 1.77353431073e-12
42155.0020943 5.00573572216e-13 1.77798110173e-12
42178.2279908 5.15198013948e-13 1.78266041985e-12
42201.4538873 5.28893086718e-13 1.78718509293e-12
42224.6797837 5.40650356823e-13 1.79115802392e-12
42247.9056802 5.49647203161e-13 1.79426269722e-12
42271.1315767 5.55276428464e-13 1.7962318004e-12
