# 1:freq 2:Re 3:Im
23.2258964707 3.90993682897e-08 3.63974666317e-09
46.4517929414 3.8678721109e-08 7.51302582663e-09
69.6776894121 2.77972024669e-08 8.77992211971e-09
92.9035858828 3.91019892159e-08 1.01121521114e-08
116.129482354 4.83222572856e-08 1.46774188914e-08
139.355378824 4.35543670719e-08 2.33468184856e-08
162.581275295 4.87281815541e-08 3.98484589712e-08
185.807171766 5.14952702127e-08 6.4714005598e-08
209.033068236 5.54552945188e-08 9.33711464727e-08
232.258964707 6.30517061874e-08 1.28131258557e-07
255.484861178 6.72175372856e-08 1.67468489388e-07
278.710757648 5.4254126397e-08 2.09679015738e-07
301.936654119 1.98708510506e-08 2.29272844474e-07
325.16255059 1.30692213548e-08 2.45992204855e-07
348.388447061 1.07615820976e-08 2.6310714721e-07
371.614343531 2.11769825522e-08 2.87788340799e-07
394.840240002 5.61441274474e-08 3.14096567567e-07
418.066136473 7.60924156382e-08 3.39178853151e-07
441.292032943 7.30886937792e-08 3.80718643145e-07
464.517929414 6.48551610856e-08 4.2471502401e-07
487.743825885 7.77797232608e-08 4.63830489006e-07
510.969722355 9.8646629223e-08 4.77181367425e-07
534.195618826 1.12557503403e-07 5.01772765202e-07
557.421515297 1.04497479169e-07 5.48764238494e-07
580.647411768 1.00940040621e-07 6.35589569579e-07
603.873308238 1.42288732255e-07 7.87581208451e-07
627.099204709 2.23532215828e-07 1.03739190173e-06
650.32510118 3.34442105658e-07 1.34582226977e-06
673.55099765 3.85908374156e-07 1.67424597471e-06
696.776894121 4.5171973901e-07 2.00149152987e-06
720.002790592 5.37537223981e-07 2.33276137732e-06
743.228687063 6.55511912955e-07 2.61403977006e-06
766.454583533 6.72148392311e-07 2.78600218533e-06
789.680480004 6.2776664803e-07 2.82852298805e-06
812.906376475 6.06201109702e-07 2.64085760251e-06
836.132272945 5.50789017405e-07 2.3334002087e-06
859.358169416 4.61716402022e-07 1.91185406729e-06
882.584065887 3.61983694387e-07 1.55722731398e-06
905.809962357 3.24714357324e-07 1.45267554227e-06
929.035858828 3.71252990075e-07 1.56972197093e-06
952.261755299 3.9050511402e-07 1.62036260309e-06
975.48765177 3.65960275931e-07 1.55093787407e-06
998.71354824 3.2067818504e-07 1.45552720479e-06
1021.93944471 3.1275630694e-07 1.39029703691e-06
1045.16534118 2.53840785196e-07 1.30569798493e-06
1068.39123765 2.92206277858e-07 1.41608483574e-06
1091.61713412 1.75747106414e-07 1.27034277325e-06
1114.84303059 3.6453138074e-07 1.2951693354e-06
1138.06892706 2.62173041077e-07 1.07815902155e-06
1161.29482354 1.18079507667e-07 9.29394126604e-07
1184.52072001 6.1381032467e-07 1.10529760603e-06
1207.74661648 8.13449524936e-07 1.15107237049e-06
1230.97251295 3.10125249969e-07 1.04721905853e-06
1254.19840942 2.94518011786e-07 9.22926627958e-07
1277.42430589 2.7346935044e-07 8.2197778595e-07
1300.65020236 2.10205261104e-07 7.92167505076e-07
1323.87609883 1.90977288276e-07 7.49983513848e-07
1347.1019953 2.58953363712e-07 8.16264797424e-07
1370.32789177 1.71909999315e-07 7.18588204143e-07
1393.55378824 1.31431403509e-07 6.01164283072e-07
1416.77968471 1.00761556885e-07 6.41586139989e-07
1440.00558118 1.32256905458e-07 6.44301462645e-07
1463.23147765 1.36378709786e-07 7.05963048884e-07
1486.45737413 1.53055879648e-07 6.81349014663e-07
1509.6832706 1.73772422897e-07 6.33942930608e-07
1532.90916707 2.14222305152e-07 6.89903545489e-07
1556.13506354 2.09724578226e-07 7.7242033854e-07
1579.36096001 1.517823156e-07 7.56746373331e-07
1602.58685648 1.44524267573e-07 7.86702729995e-07
1625.81275295 1.39321138111e-07 7.4537936894e-07
1649.03864942 1.04315811943e-07 7.44773860559e-07
1672.26454589 1.16154515192e-07 7.98016223681e-07
1695.49044236 1.56713635255e-07 8.28614823385e-07
1718.71633883 1.40926799524e-07 8.06239335562e-07
1741.9422353 1.31764911971e-07 8.20272238613e-07
1765.16813177 1.53947139207e-07 9.07549439137e-07
1788.39402824 1.84214033598e-07 9.26633960906e-07
1811.61992471 1.88253215452e-07 9.44851625695e-07
1834.84582119 1.94927241486e-07 9.50932810397e-07
1858.07171766 1.70182702309e-07 8.8997541753e-07
1881.29761413 1.833391876e-07 9.13474987967e-07
1904.5235106 1.68094189474e-07 8.41955065144e-07
1927.74940707 1.42746929308e-07 6.31569524919e-07
1950.97530354 1.11273870511e-07 5.69236621053e-07
1974.20120001 7.8677318445e-08 5.16858326206e-07
1997.42709648 8.62943104098e-08 4.42892907361e-07
2020.65299295 5.89799140661e-08 4.52338590193e-07
2043.87888942 3.33467235933e-08 2.8814118446e-07
2067.10478589 6.4277737194e-08 5.52928046031e-07
2090.33068236 6.22551925051e-08 5.69571852234e-07
2113.55657883 7.09374517439e-08 5.56805481045e-07
2136.7824753 6.52211640525e-08 6.35722133818e-07
2160.00837178 4.95891236121e-08 4.33241851037e-07
2183.23426825 6.59373664838e-08 5.24357750286e-07
2206.46016472 3.22012273441e-08 4.00969657808e-07
2229.68606119 1.29354848659e-07 5.03420750381e-07
2252.91195766 8.56226500462e-08 5.16185987911e-07
2276.13785413 4.84876604034e-08 3.81166568252e-07
2299.3637506 1.60922591928e-07 4.28851943152e-07
2322.58964707 3.50099019206e-07 1.07514228896e-06
2345.81554354 5.68113018939e-07 2.08449858382e-06
2369.04144001 4.4736829336e-07 1.51905912029e-06
2392.26733648 3.78498721635e-07 1.1788391479e-06
2415.49323295 4.24554508672e-07 1.06751003475e-06
2438.71912942 3.26555952076e-07 1.33025451667e-06
2461.94502589 3.01871769298e-07 1.00070492389e-06
2485.17092237 3.95891134368e-07 1.08278506605e-06
2508.39681884 3.32271033386e-07 9.69249887381e-07
2531.62271531 2.55059875551e-07 7.62526869424e-07
2554.84861178 1.17026371252e-07 8.96513220394e-07
2578.07450825 1.58541256612e-07 8.21140176236e-07
2601.30040472 2.66434410422e-07 5.09474790354e-07
2624.52630119 2.17913760915e-07 4.27220021968e-07
2647.75219766 2.09018451847e-07 3.01291551439e-07
2670.97809413 1.39910458135e-07 7.35613018975e-08
2694.2039906 4.33003632246e-08 8.57322393774e-08
2717.42988707 1.46914526284e-07 1.67866537297e-07
2740.65578354 2.33722604955e-07 3.06179105666e-07
2763.88168001 2.90336474392e-07 3.86952943611e-07
2787.10757648 2.95033052257e-07 5.88980364378e-07
2810.33347296 1.9146125551e-07 4.75573470697e-07
2833.55936943 2.57553726157e-07 5.68762598089e-07
2856.7852659 3.24384010092e-07 5.18540621067e-07
2880.01116237 3.04262695169e-07 2.22160923067e-07
2903.23705884 3.48395883369e-07 1.74352954408e-07
2926.46295531 4.22130936271e-07 3.89806511466e-07
2949.68885178 3.44249913092e-07 3.72132069831e-07
2972.91474825 3.66153350506e-07 5.12644460886e-07
2996.14064472 2.51063171252e-07 4.36941303424e-07
3019.36654119 6.84299006464e-08 6.51494014973e-08
3042.59243766 3.5359883656e-07 3.67368325145e-07
3065.81833413 5.65938380003e-07 7.14877855813e-07
3089.0442306 6.9084906052e-07 8.86154487937e-07
3112.27012707 6.44020402414e-07 7.48685667032e-07
3135.49602355 2.79085540835e-07 3.34213426793e-07
3158.72192002 2.94259027576e-07 3.83603065893e-07
3181.94781649 2.88576874887e-07 3.36635026219e-07
3205.17371296 1.42451766478e-07 1.53769923223e-07
3228.39960943 5.17217695503e-07 5.20708859126e-07
3251.6255059 6.66016017417e-07 7.1068815655e-07
3274.85140237 5.96193061014e-07 6.60501915539e-07
3298.07729884 8.56714674483e-07 9.74068288982e-07
3321.30319531 1.35140924153e-06 1.46739495205e-06
3344.52909178 1.54901999508e-06 1.6647081557e-06
3367.75498825 1.81294159146e-06 2.0103600613e-06
3390.98088472 1.44546628772e-06 1.66007182296e-06
3414.20678119 1.78866957728e-06 2.04441043977e-06
3437.43267766 2.16650747264e-06 2.43844960018e-06
3460.65857413 2.37048125312e-06 2.60681991289e-06
3483.88447061 2.62778024574e-06 2.96675568162e-06
3507.11036708 2.23586373766e-06 2.57432251999e-06
3530.33626355 1.08214009052e-06 1.28323417669e-06
3553.56216002 7.97945447334e-07 8.52387264301e-07
3576.78805649 3.11492188879e-07 4.73384469556e-07
3600.01395296 1.4082322519e-06 1.60713682764e-06
3623.23984943 1.33921881788e-06 1.50230822627e-06
3646.4657459 9.71142847134e-07 1.0561104022e-06
3669.69164237 5.24324888689e-07 5.32303353955e-07
3692.91753884 7.8894845294e-07 8.50428889334e-07
3716.14343531 3.70975317579e-07 3.86368984325e-07
3739.36933178 2.9715178928e-07 2.93387263981e-07
3762.59522825 2.62893389496e-07 2.23758822038e-07
3785.82112472 3.06512321729e-07 2.99364978847e-07
3809.0470212 1.90972927558e-07 2.12151961651e-07
3832.27291767 2.32425853203e-07 2.34440773597e-07
3855.49881414 2.69147946762e-07 2.46557590206e-07
3878.72471061 9.92036013347e-08 7.6400676615e-08
3901.95060708 1.28348548371e-07 1.28694661743e-07
3925.17650355 2.33991096261e-07 2.32906229793e-07
3948.40240002 1.67505438901e-07 1.43358324121e-07
3971.62829649 1.66410522509e-07 1.46347780802e-07
3994.85419296 2.58002659083e-07 2.90610953804e-07
4018.08008943 2.52000989345e-07 2.71474461177e-07
4041.3059859 2.0114668076e-07 1.85723576315e-07
4064.53188237 1.59618075949e-07 1.71899926118e-07
4087.75777884 1.15653701319e-07 1.27136572445e-07
4110.98367531 9.16564948448e-08 9.05890141899e-08
4134.20957179 1.83946146629e-07 1.48104444272e-07
4157.43546826 1.86448703816e-07 1.62305379101e-07
4180.66136473 8.47126050519e-08 8.84607827326e-08
4203.8872612 8.72904055347e-08 8.31391768858e-08
4227.11315767 1.46488793795e-07 1.19538802283e-07
4250.33905414 1.23428657193e-07 8.82479962055e-08
4273.56495061 5.96907129877e-08 8.99126738833e-08
4296.79084708 1.02540813309e-07 1.21838494653e-07
4320.01674355 4.35097571499e-08 7.00204377034e-08
4343.24264002 5.69080300626e-08 2.25215547834e-08
4366.46853649 5.55468273197e-08 3.29812171256e-08
4389.69443296 3.30542894155e-08 3.97081505791e-08
4412.92032943 6.45561002393e-08 3.42080776307e-08
4436.1462259 6.04628059071e-08 4.47448585523e-08
4459.37212238 2.38378388617e-08 6.71856985274e-08
4482.59801885 8.3954983975e-09 5.53864420259e-08
4505.82391532 5.95234982979e-08 7.22668557507e-08
4529.04981179 6.37106200037e-08 7.37923759044e-08
4552.27570826 6.02651255636e-08 5.10525765435e-08
4575.50160473 5.99176931985e-08 5.86922460306e-08
4598.7275012 1.02556583408e-07 4.23646980164e-08
4621.95339767 8.36886630395e-08 8.43725442349e-08
4645.17929414 4.62199268044e-08 1.02166830064e-07
4668.40519061 5.31223901109e-08 7.3735071761e-08
4691.63108708 1.23716655258e-07 5.78211952235e-08
4714.85698355 6.30256342691e-08 4.69519264431e-08
4738.08288002 2.19634978282e-08 5.5486647933e-08
4761.30877649 1.01881513255e-08 4.59321728537e-08
4784.53467297 5.82519008145e-08 7.3275291073e-08
4807.76056944 6.6605027021e-08 8.94530194264e-08
4830.98646591 3.64904622206e-08 6.82448295522e-08
4854.21236238 1.97713244487e-08 6.8563869585e-08
4877.43825885 5.38271078491e-08 7.74984472265e-08
4900.66415532 4.80228925366e-08 6.31580340504e-08
4923.89005179 2.19470072122e-08 5.51184502442e-08
4947.11594826 2.76708071936e-08 3.64806235242e-08
4970.34184473 3.86924532043e-08 3.52833203328e-08
4993.5677412 1.73925574873e-08 1.37302438179e-08
5016.79363767 4.66504844779e-08 1.19460215047e-08
5040.01953414 3.59032112145e-08 2.06223896259e-09
5063.24543061 4.8488508161e-09 3.47201813686e-09
5086.47132708 4.16868881283e-08 1.36837782558e-08
5109.69722355 3.89474880313e-08 1.12344819263e-08
5132.92312003 1.6441636384e-08 2.52849500984e-08
5156.1490165 5.60932960335e-08 2.65425892182e-08
5179.37491297 6.99704706604e-08 2.4618528312e-08
5202.60080944 2.84703429382e-08 2.85545099645e-08
5225.82670591 2.91481996853e-08 3.60248307758e-08
5249.05260238 5.55977351322e-08 3.01509214341e-08
5272.27849885 5.82715749046e-08 3.23175883806e-08
5295.50439532 5.30065273749e-08 3.81619730801e-08
5318.73029179 3.39925282883e-08 5.02645417515e-08
5341.95618826 6.22318843995e-08 4.69057781816e-08
5365.18208473 7.23308843391e-08 5.20140408155e-08
5388.4079812 6.33515466716e-08 6.00862038916e-08
5411.63387767 3.64862319525e-08 4.53203510549e-08
5434.85977414 5.00282588909e-08 3.67625864907e-08
5458.08567062 7.22087981709e-08 3.39542098272e-08
5481.31156709 4.69751369506e-08 3.86945662569e-08
5504.53746356 1.79696572296e-08 4.32956434656e-08
5527.76336003 4.85000717986e-09 4.34221170908e-08
5550.9892565 3.4821453011e-08 2.53932607485e-08
5574.21515297 5.4199831992e-08 1.18234190818e-08
5597.44104944 3.73073167916e-08 1.56129141371e-08
5620.66694591 1.67992206489e-08 1.98913348477e-08
5643.89284238 2.52659744849e-09 2.8610612499e-08
5667.11873885 3.25651248666e-08 1.15577067009e-08
5690.34463532 4.98955902018e-08 2.82324118775e-08
5713.57053179 4.6485315993e-08 4.23508036449e-08
5736.79642826 2.30580419842e-08 2.81599984582e-08
5760.02232473 2.69300340364e-08 4.24125967648e-08
5783.24822121 2.03336022713e-08 2.4964144897e-08
5806.47411768 5.17755887479e-08 1.41654814226e-08
5829.70001415 4.00895668916e-08 2.75402586085e-08
5852.92591062 1.95149740627e-08 3.67271749029e-08
5876.15180709 2.1240923052e-08 4.17060475454e-08
5899.37770356 5.60406651516e-08 3.67031797869e-08
5922.60360003 4.21905436265e-08 6.02670073988e-08
5945.8294965 6.05972435973e-08 5.86819799572e-08
5969.05539297 4.87895313461e-08 4.69764807358e-08
5992.28128944 6.23708841083e-08 3.75753193596e-08
6015.50718591 6.6834097455e-08 5.05810224757e-08
6038.73308238 4.85684537525e-08 4.01662547508e-08
6061.95897885 1.44413962003e-08 2.89187134611e-08
6085.18487532 2.7238476669e-08 2.53237297022e-08
6108.4107718 3.53577658313e-08 1.37089668144e-08
6131.63666827 1.0682941529e-08 1.81481730976e-08
6154.86256474 1.28353408919e-08 8.83102769603e-09
6178.08846121 2.72262041883e-08 5.09601614505e-09
6201.31435768 2.32600854476e-08 1.44389047485e-08
6224.54025415 1.8091608595e-08 2.48266184032e-08
6247.76615062 3.89979964045e-08 1.80776219554e-08
6270.99204709 3.72051799637e-08 2.24086651495e-08
6294.21794356 2.98279703545e-08 2.04077601142e-08
6317.44384003 1.81186354771e-08 2.71414444809e-08
6340.6697365 3.54198311567e-08 3.2979033708e-08
6363.89563297 5.20347290876e-08 3.28012072868e-08
6387.12152944 3.99398755825e-08 3.66418846659e-08
6410.34742591 2.61790804554e-08 3.03016926445e-08
6433.57332239 2.81221915831e-08 3.23268629906e-08
6456.79921886 4.29918663393e-08 3.35445344e-08
6480.02511533 4.03421699407e-08 2.84803114301e-08
6503.2510118 2.77419034446e-08 2.88969847574e-08
6526.47690827 1.51903896196e-08 2.61232474456e-08
6549.70280474 2.02534920562e-08 2.40909267501e-08
6572.92870121 3.40717108814e-08 2.73265214941e-08
6596.15459768 3.60289203099e-08 2.64333466819e-08
6619.38049415 2.57982351916e-08 3.02136520247e-08
6642.60639062 1.83917744617e-08 3.12315510118e-08
6665.83228709 2.28484192265e-08 2.75977723756e-08
6689.05818356 2.68247443055e-08 2.61928387912e-08
6712.28408003 2.61556856985e-08 2.3489776451e-08
6735.5099765 1.26840927541e-08 2.0732904029e-08
6758.73587297 5.34449584128e-09 1.98452466801e-08
6781.96176945 1.09526387346e-08 1.66780398371e-08
6805.18766592 2.11384652772e-08 1.7551652523e-08
6828.41356239 3.15561783718e-08 2.14456204059e-08
6851.63945886 2.42175182947e-08 2.65573519652e-08
6874.86535533 1.82934200116e-08 2.88120886213e-08
6898.0912518 2.41755275028e-08 3.15275590706e-08
6921.31714827 3.95425919525e-08 3.51504136257e-08
6944.54304474 3.39450876461e-08 3.7696802124e-08
6967.76894121 2.39987656843e-08 3.45368231678e-08
6990.99483768 2.06281618583e-08 3.43244597937e-08
7014.22073415 2.84723533325e-08 3.05684581792e-08
7037.44663062 3.09264276709e-08 3.23961770971e-08
7060.67252709 2.38734585787e-08 2.85768468596e-08
7083.89842356 1.51280374981e-08 2.28547663124e-08
7107.12432004 1.14524045877e-08 2.23864078538e-08
7130.35021651 1.58059811062e-08 2.26055054091e-08
7153.57611298 2.04168872931e-08 2.23399752486e-08
7176.80200945 2.09745393644e-08 2.04464514246e-08
7200.02790592 1.41624393022e-08 2.52642859189e-08
7223.25380239 1.23029191419e-08 2.41608044453e-08
7246.47969886 2.94915135025e-08 2.72706780502e-08
7269.70559533 2.53079432477e-08 3.40998156591e-08
7292.9314918 2.56037321509e-08 3.00066807482e-08
7316.15738827 2.56436402731e-08 3.02973559667e-08
7339.38328474 2.10478154551e-08 3.31330554846e-08
7362.60918121 2.75791125519e-08 3.0518846706e-08
7385.83507768 2.58278998685e-08 2.86258199757e-08
7409.06097415 1.88378390461e-08 3.36317503985e-08
7432.28687063 2.61952935664e-08 4.44542181843e-08
7455.5127671 3.21624965897e-08 4.76102002117e-08
7478.73866357 3.56258077382e-08 5.47440473712e-08
7501.96456004 3.80151643789e-08 5.54486390381e-08
7525.19045651 3.73177153819e-08 4.85895440916e-08
7548.41635298 2.69962439867e-08 4.2379311022e-08
7571.64224945 2.97418067563e-08 4.7286431429e-08
7594.86814592 2.9824767679e-08 4.47505960216e-08
7618.09404239 3.35802968409e-08 4.3302973132e-08
7641.31993886 2.26688293036e-08 3.92217082478e-08
7664.54583533 2.23280571523e-08 3.54619307736e-08
7687.7717318 2.11583741969e-08 3.08906358964e-08
7710.99762827 2.05513084741e-08 3.2108239486e-08
7734.22352474 3.23823736176e-08 4.05065705362e-08
7757.44942122 2.85350216928e-08 3.70228396956e-08
7780.67531769 2.79759499789e-08 4.17005038673e-08
7803.90121416 3.48282958276e-08 4.14059832513e-08
7827.12711063 1.97444439856e-08 2.69787862734e-08
7850.3530071 4.69333828982e-09 2.10297937011e-08
7873.57890357 1.41310468023e-08 2.80243414305e-08
7896.80480004 2.91805544079e-08 4.7858517579e-08
7920.03069651 2.93261262124e-08 4.41913946872e-08
7943.25659298 2.20413468669e-08 3.54097283e-08
7966.48248945 1.87073901286e-08 3.4178006005e-08
7989.70838592 2.82639388991e-09 1.92619398163e-08
8012.93428239 7.78287586198e-09 2.09216450814e-08
8036.16017886 1.67745101318e-08 3.28876412739e-08
8059.38607533 2.03088550792e-08 4.12591671474e-08
8082.6119718 3.60056478659e-10 1.82492704226e-08
8105.83786828 1.45804310096e-08 2.56843003924e-08
8129.06376475 2.12298633779e-08 3.18880795289e-08
8152.28966122 3.22286896254e-08 4.91771658468e-08
8175.51555769 1.76353679586e-08 3.65430277607e-08
8198.74145416 1.59998181741e-08 8.50419883955e-09
8221.96735063 2.63787228881e-08 3.54504963864e-08
8245.1932471 2.23347599646e-08 3.91835669273e-08
8268.41914357 9.30620535846e-09 2.6526880011e-08
8291.64504004 1.50372492821e-08 2.48725018954e-08
8314.87093651 8.18182503561e-09 2.0196812466e-08
8338.09683298 1.06962561866e-08 2.63630404748e-08
8361.32272945 4.53708782653e-09 1.01399049105e-08
8384.54862592 1.2760566774e-08 1.72426037848e-08
8407.77452239 1.39622206404e-08 1.02284603068e-08
8431.00041887 1.85366341335e-08 1.50265783718e-08
8454.22631534 2.65728904045e-08 2.49278976245e-08
8477.45221181 2.00317251829e-08 2.52823984297e-08
8500.67810828 1.65463940018e-08 2.64510677253e-08
8523.90400475 2.06269347634e-08 1.96599070758e-08
8547.12990122 6.65266138519e-09 1.5455317339e-08
8570.35579769 8.17743629885e-09 1.2663241119e-08
8593.58169416 5.03782868678e-09 3.67212552079e-09
8616.80759063 8.59505536943e-09 4.13406022654e-09
8640.0334871 1.10494380886e-08 7.53937394772e-09
8663.25938357 1.38121073261e-08 8.50500010362e-09
8686.48528004 7.71497890788e-09 6.89944693351e-10
8709.71117651 1.9244600379e-08 1.14860218378e-08
8732.93707298 2.01300608741e-08 1.31289045407e-08
8756.16296946 2.26046049426e-08 1.47470861282e-08
8779.38886593 1.65498602475e-08 1.13298211108e-08
8802.6147624 1.27342438828e-08 9.61201215926e-09
8825.84065887 1.8546079248e-08 1.35921624615e-08
8849.06655534 1.40702752049e-08 9.30092334708e-09
8872.29245181 8.79807085301e-09 7.55001476814e-09
8895.51834828 1.65714442534e-08 1.5355096706e-08
8918.74424475 1.18555746019e-08 1.61274627419e-08
8941.97014122 1.77833923567e-08 1.87389702527e-08
8965.19603769 1.69494263415e-08 1.93970234987e-08
8988.42193416 1.28137255115e-08 1.20318083319e-08
9011.64783063 1.39188131862e-08 1.6739657709e-08
9034.8737271 1.22619801191e-08 1.82401928863e-08
9058.09962357 1.57732424639e-08 1.55665751092e-08
9081.32552005 1.77888753197e-08 1.62361400154e-08
9104.55141652 8.78848088853e-09 9.78912371146e-09
9127.77731299 6.12173698385e-09 6.37783302464e-09
9151.00320946 9.23975519248e-09 8.63976111617e-09
9174.22910593 9.79637764549e-09 3.60723385583e-09
9197.4550024 1.28342863332e-08 7.36095318766e-09
9220.68089887 7.48446734131e-09 9.79351344421e-09
9243.90679534 8.78732612781e-09 8.49411643087e-09
9267.13269181 1.47165464178e-08 3.74583457627e-09
9290.35858828 1.46264881852e-08 7.17288284521e-09
9313.58448475 1.22524403215e-08 9.37375549598e-09
9336.81038122 8.84595067066e-09 8.32950347661e-09
9360.03627769 1.56496735936e-08 1.05854486902e-08
9383.26217416 1.02136066492e-08 7.26459090052e-09
9406.48807064 9.76304480719e-09 1.06461935587e-08
9429.71396711 8.79538508407e-09 7.93049734761e-09
9452.93986358 8.75391139276e-09 8.30507991295e-09
9476.16576005 8.72472646906e-09 4.74370525099e-09
9499.39165652 8.20728387921e-09 8.04203479562e-09
9522.61755299 5.74195659612e-09 6.83160695745e-09
9545.84344946 4.87690434436e-09 9.51946689678e-09
9569.06934593 9.22031922012e-09 3.82506240008e-09
9592.2952424 3.98723939558e-09 3.19476078357e-09
9615.52113887 4.25801725611e-09 2.23246562376e-09
9638.74703534 4.91372981265e-09 1.06415367838e-09
9661.97293181 1.24877854983e-09 4.60215158804e-09
9685.19882828 6.97476334967e-09 4.15519279252e-09
9708.42472475 4.9524070873e-09 2.43313595802e-09
9731.65062122 5.45950039758e-09 1.49810960918e-09
9754.8765177 1.05538293404e-08 6.3594319027e-09
9778.10241417 6.29580309358e-09 3.35466140992e-09
9801.32831064 5.64541342213e-09 2.36540831428e-09
9824.55420711 8.35881048148e-09 3.3474739481e-09
9847.78010358 9.1823547444e-09 2.40772187671e-09
9871.00600005 1.60085248234e-09 8.69947898318e-09
9894.23189652 5.57306244809e-09 5.06912557796e-09
9917.45779299 4.64615892525e-09 3.09860634548e-09
9940.68368946 4.46246293839e-09 2.44762710773e-09
9963.90958593 5.62752205296e-09 4.59229806439e-09
9987.1354824 2.98285648569e-09 7.27657610679e-09
10010.3613789 4.60640153968e-09 6.46635628934e-09
10033.5872753 2.38977909059e-09 6.90944411575e-09
10056.8131718 3.30141006441e-09 4.21506348205e-09
10080.0390683 7.34141925597e-10 7.08760896148e-09
10103.2649648 5.49619555682e-09 3.37416644505e-09
10126.4908612 1.03926404638e-09 5.58113921313e-09
10149.7167577 1.56181575316e-09 7.834737587e-09
10172.9426542 3.4381205994e-09 7.53222272008e-09
10196.1685506 7.69915680778e-09 6.54855019049e-09
10219.3944471 1.24790026559e-08 8.16843575812e-09
10242.6203436 7.16041816337e-09 8.42139711853e-09
10265.8462401 5.15656577402e-09 8.15289220758e-09
10289.0721365 7.69965137401e-09 9.63874558681e-09
10312.298033 9.7542164289e-09 6.37216086601e-09
10335.5239295 7.57694279656e-09 3.91888762685e-09
10358.7498259 7.32089207816e-09 5.81450014931e-09
10381.9757224 4.0498416263e-09 1.01163191562e-08
10405.2016189 4.5841850281e-09 7.87095606838e-09
10428.4275153 7.04252660574e-09 3.29535157197e-09
10451.6534118 4.49927699972e-09 2.6482963557e-09
10474.8793083 3.9095987351e-09 4.2679942345e-09
10498.1052048 4.34445816476e-09 5.01175475702e-09
10521.3311012 3.3746200613e-09 1.9574128405e-09
10544.5569977 6.7215319368e-09 6.96588611951e-09
10567.7828942 6.21725229901e-09 8.99478570674e-09
10591.0087906 2.49829996271e-09 2.00313143142e-09
10614.2346871 3.0442120131e-09 2.29279352201e-09
10637.4605836 4.51148868014e-09 5.04675770476e-09
10660.6864801 3.73696514592e-09 3.27505137922e-09
10683.9123765 5.5342784705e-09 3.67860170185e-10
10707.138273 1.92295724441e-09 1.85522176485e-09
10730.3641695 3.97236488277e-09 1.79092293449e-09
10753.5900659 2.47039279775e-09 1.19289082297e-09
10776.8159624 4.35270942396e-09 2.02004604242e-09
10800.0418589 1.39095925184e-09 2.82856893975e-09
10823.2677553 1.54452344925e-09 4.3612344829e-09
10846.4936518 3.05196937176e-09 1.07247860349e-09
10869.7195483 2.38584195062e-09 4.30544995973e-09
10892.9454448 3.81360010816e-10 3.84178567606e-09
10916.1713412 2.25862140207e-09 2.30270224501e-09
10939.3972377 9.27992099512e-10 4.12845492523e-09
10962.6231342 5.95994897442e-09 1.86396129884e-09
10985.8490306 5.48438701344e-10 5.491036181e-09
11009.0749271 2.58657463733e-09 3.75684612084e-09
11032.3008236 4.3088766117e-09 3.7780569484e-09
11055.5267201 2.78002930839e-09 1.44151755746e-09
11078.7526165 6.54680884042e-09 1.34037208683e-09
11101.978513 3.40579846037e-09 1.58257081616e-09
11125.2044095 5.30130713318e-09 1.11588464479e-09
11148.4303059 5.34710060621e-09 1.32509965151e-09
11171.6562024 3.79600720544e-09 7.15501820617e-10
11194.8820989 4.19284204435e-09 1.65992097715e-09
11218.1079954 2.21815092701e-09 7.5197981037e-10
11241.3338918 2.69467209648e-09 1.07825486745e-09
11264.5597883 3.16082529432e-09 1.27095386308e-09
11287.7856848 4.37394063338e-09 1.10671309792e-09
11311.0115812 2.57831975828e-09 1.24601147689e-09
11334.2374777 2.63008880173e-09 2.2813930758e-09
11357.4633742 1.58129131474e-09 1.43846530305e-09
11380.6892706 2.47489103028e-09 2.51393961236e-09
11403.9151671 1.57422634934e-09 4.41845758929e-10
11427.1410636 1.68012796896e-09 1.82880748789e-09
11450.3669601 9.20467275227e-10 3.80874607107e-09
11473.5928565 4.50989741054e-09 3.95854007858e-09
11496.818753 4.65007378517e-09 2.63599271617e-09
11520.0446495 3.54276043955e-09 2.39617023308e-09
11543.2705459 1.78502865091e-09 3.61713358231e-09
11566.4964424 7.8581762803e-10 4.01736850946e-09
11589.7223389 2.38097023946e-09 5.03970930089e-09
11612.9482354 4.34041735904e-09 2.44930636577e-09
11636.1741318 3.77093769835e-09 3.59720964092e-09
11659.4000283 1.92014387356e-09 4.60031731714e-09
11682.6259248 1.38689290371e-09 6.61581468362e-09
11705.8518212 1.34153856306e-09 2.36079807917e-09
11729.0777177 1.67087328599e-09 3.44790399616e-09
11752.3036142 8.01949555215e-10 3.57811159296e-09
11775.5295106 2.40409991753e-09 2.93576168195e-09
11798.7554071 1.3636216593e-09 2.82912965805e-09
11821.9813036 2.68782806859e-09 1.60500421058e-09
11845.2072001 1.62299909456e-09 7.32553351988e-10
11868.4330965 3.31461107711e-09 2.86676471821e-09
11891.658993 1.34919639037e-09 5.18963400843e-09
11914.8848895 3.81764010685e-10 2.58782343167e-09
11938.1107859 1.72937212438e-09 1.84155508855e-09
11961.3366824 1.8878445575e-09 4.60560684824e-09
11984.5625789 1.01495187086e-09 1.96458209288e-09
12007.7884754 2.25710388339e-09 2.91239749084e-09
12031.0143718 4.37631575071e-09 2.98647442177e-09
12054.2402683 1.46588336719e-09 4.41081278354e-09
12077.4661648 1.56061773963e-09 3.63174959905e-09
12100.6920612 2.7427675285e-09 3.03764981964e-09
12123.9179577 2.42358565605e-09 2.06154388632e-09
12147.1438542 1.32380366076e-09 1.13838756513e-09
12170.3697506 3.67860763593e-09 1.06102018021e-09
12193.5956471 3.77633811777e-09 1.07070198384e-09
12216.8215436 9.13496935899e-10 4.31074905608e-09
12240.0474401 1.3633379918e-09 1.07394068736e-09
12263.2733365 5.06552274193e-09 5.99959687425e-09
12286.499233 3.22027802957e-09 5.07642468048e-09
12309.7251295 1.36814822241e-09 2.67516913069e-09
12332.9510259 3.40790482422e-09 6.10874708598e-09
12356.1769224 3.60075980986e-09 4.19451179521e-09
12379.4028189 5.30184986082e-09 5.75927143212e-09
12402.6287154 1.29233818576e-09 2.2328581438e-09
12425.8546118 3.94215848416e-09 2.12018879297e-09
12449.0805083 3.88735603562e-09 3.86495777111e-09
12472.3064048 3.45786424604e-09 3.55148960359e-09
12495.5323012 5.49713416613e-10 3.18504232678e-09
12518.7581977 2.34362742582e-09 2.3205685059e-09
12541.9840942 4.71371990797e-09 2.89399620661e-09
12565.2099907 4.18811200986e-10 2.003487178e-09
12588.4358871 3.1228869297e-09 2.45634871356e-09
12611.6617836 3.36009647894e-09 3.83390198386e-09
12634.8876801 9.5246621054e-10 5.27183095289e-09
12658.1135765 3.01290520898e-09 6.31884415813e-09
12681.339473 3.85429394727e-09 2.09090770266e-09
12704.5653695 4.53269025128e-09 7.25623405368e-10
12727.7912659 5.921641016e-09 7.10834842301e-09
12751.0171624 3.15593921161e-09 6.97408333163e-09
12774.2430589 3.15881927234e-09 5.36018260759e-09
12797.4689554 1.73169184408e-09 2.14541871067e-09
12820.6948518 1.30107033386e-09 3.41733744186e-09
12843.9207483 2.37198646862e-09 4.9741259723e-09
12867.1466448 2.84389038742e-09 3.73947643109e-09
12890.3725412 5.03310452064e-10 2.7374024413e-09
12913.5984377 3.46252486368e-09 2.13664249791e-09
12936.8243342 2.67645355331e-09 4.04753017774e-09
12960.0502307 3.31655992637e-09 2.16485260807e-09
12983.2761271 2.58575344425e-09 2.32096149066e-09
13006.5020236 3.77136631943e-09 5.06040857686e-09
13029.7279201 1.19039062205e-09 3.49654735879e-09
13052.9538165 3.27737133217e-09 1.02304033937e-09
13076.179713 2.48638498759e-09 2.33873888772e-09
13099.4056095 3.3401060684e-09 1.87983727173e-09
13122.6315059 1.46640170129e-09 1.47246652044e-09
13145.8574024 2.87063725689e-09 1.4572006947e-09
13169.0832989 1.89883036155e-09 2.8770231117e-09
13192.3091954 1.21474645144e-09 2.17827844491e-09
13215.5350918 1.36212527264e-09 2.04778089759e-09
13238.7609883 2.14776391404e-09 2.79547440988e-09
13261.9868848 8.16220544468e-10 2.72725994599e-09
13285.2127812 1.29947500228e-09 3.40984662758e-09
13308.4386777 3.24962652871e-09 2.96701044002e-09
13331.6645742 3.76522132754e-09 3.51885425643e-09
13354.8904707 3.00431602507e-09 2.69360355801e-09
13378.1163671 3.3271293688e-09 1.28421998719e-09
13401.3422636 3.96110868742e-10 3.1665994989e-09
13424.5681601 3.45916075677e-09 5.59606423197e-10
13447.7940565 2.03840862338e-09 4.78996155196e-10
13471.019953 2.51430452544e-09 2.36960565575e-09
13494.2458495 3.07719729107e-09 9.05339684778e-10
13517.4717459 1.31258503801e-09 1.47961697235e-09
13540.6976424 2.91183686924e-09 7.74837163682e-10
13563.9235389 1.12499912092e-09 1.70691743537e-09
13587.1494354 1.9236580165e-09 9.60164238281e-10
13610.3753318 2.31411922986e-09 2.32264027049e-09
13633.6012283 2.72705940561e-09 2.07506977674e-09
13656.8271248 1.85359294588e-09 2.27614739177e-09
13680.0530212 1.50381120757e-09 2.11438095697e-09
13703.2789177 1.2110686976e-09 1.773035729e-09
13726.5048142 1.44985484527e-09 2.57517289115e-09
13749.7307107 2.0613900578e-09 6.5754938922e-10
13772.9566071 1.42072411257e-09 1.48383851068e-09
13796.1825036 1.54401085581e-09 1.9065962788e-09
13819.4084001 1.97312761293e-09 1.21783045598e-09
13842.6342965 1.54437599891e-09 4.67192630272e-10
13865.860193 1.0238516692e-09 8.31395601502e-10
13889.0860895 2.84290377325e-09 1.97828256378e-09
13912.311986 1.25513316597e-09 1.85509309225e-09
13935.5378824 2.35113190351e-09 1.09613270369e-09
13958.7637789 1.87870590479e-09 3.02939946398e-09
13981.9896754 1.94553167737e-09 2.43998208118e-09
14005.2155718 1.44161608028e-09 1.86330934139e-09
14028.4414683 2.34197788297e-09 1.12253260411e-09
14051.6673648 1.28751242428e-09 1.48841690716e-09
14074.8932612 7.56045961875e-10 1.16640299376e-09
14098.1191577 1.83409983822e-09 3.15355971637e-09
14121.3450542 1.48419060462e-09 1.89062003436e-09
14144.5709507 2.26730687279e-09 7.47992899049e-10
14167.7968471 5.63738844215e-10 7.63846759163e-10
14191.0227436 7.00159575977e-10 4.63970205268e-09
14214.2486401 1.28130695635e-09 1.74950872439e-09
14237.4745365 1.65275814267e-09 3.86577275927e-09
14260.700433 2.19503975943e-10 3.14854155815e-09
14283.9263295 5.81611467691e-10 1.98930580516e-09
14307.152226 6.97695482203e-10 2.30442043649e-09
14330.3781224 8.30475694989e-10 2.48915445603e-09
14353.6040189 1.40695342186e-09 2.8351140389e-09
14376.8299154 2.83904640341e-09 2.77553211562e-09
14400.0558118 1.33563314768e-09 3.05758230126e-09
14423.2817083 2.50716371288e-09 8.63996823298e-10
14446.5076048 2.18735268076e-09 5.13577300543e-10
14469.7335012 2.0218422809e-09 2.16855191288e-10
14492.9593977 1.18677186855e-09 2.43747204095e-09
14516.1852942 3.98696501825e-10 1.87415587188e-09
14539.4111907 1.77696151963e-09 1.5933383076e-09
14562.6370871 3.39044596492e-10 1.24533170137e-09
14585.8629836 3.73345257591e-10 2.23769615081e-09
14609.0888801 4.9424678218e-10 1.6067380472e-09
14632.3147765 1.31472554241e-09 1.22044977394e-09
14655.540673 9.80074866446e-10 3.22823585476e-09
14678.7665695 1.67027170747e-09 2.12332533559e-09
14701.992466 1.35944873767e-09 1.34318010092e-09
14725.2183624 1.00793707558e-09 3.12160277762e-09
14748.4442589 5.62090714793e-10 1.7753689028e-09
14771.6701554 2.34204156414e-09 2.48815447956e-09
14794.8960518 1.95756131515e-09 1.75841450505e-09
14818.1219483 8.05250696955e-10 1.49758383754e-09
14841.3478448 4.02660637704e-10 1.71479392578e-09
14864.5737413 7.86865725946e-10 2.29788006239e-09
14887.7996377 1.8342097319e-09 2.86273970088e-09
14911.0255342 8.36732683009e-10 8.21012677819e-10
14934.2514307 1.61388384873e-09 1.19939699542e-09
14957.4773271 1.96411286288e-10 2.23466361709e-09
14980.7032236 1.4746470417e-09 1.864660341e-09
15003.9291201 2.50643889646e-09 1.57479203212e-09
15027.1550165 1.15214522411e-09 1.57950110943e-09
15050.380913 1.82111194272e-09 7.55910220364e-10
15073.6068095 1.09476618917e-09 2.28383811704e-09
15096.832706 1.41371091489e-09 2.60280448469e-09
15120.0586024 1.2900777704e-09 1.10915345013e-09
15143.2844989 1.10087579429e-10 1.7557812182e-09
15166.5103954 7.71097834946e-10 1.91545288746e-09
15189.7362918 1.24051686787e-09 1.40247868309e-09
15212.9621883 8.34917975321e-10 8.36101646021e-10
15236.1880848 3.13920446258e-10 1.53268262488e-09
15259.4139813 7.28165282937e-10 1.46108773386e-09
15282.6398777 1.69473805972e-09 2.05596989603e-09
15305.8657742 7.52124520971e-10 8.75900493756e-10
15329.0916707 1.65809531493e-09 1.11280134137e-09
15352.3175671 2.59355461405e-09 2.94533143172e-09
15375.5434636 1.90640627159e-09 2.4434452352e-09
15398.7693601 2.98712782308e-09 2.26937001508e-09
15421.9952565 1.7485522009e-09 3.23994960734e-09
15445.221153 2.64047084721e-09 1.71873548088e-09
15468.4470495 1.71593177474e-09 2.68918361553e-09
15491.672946 1.50413168366e-09 1.10321239734e-09
15514.8988424 7.01203258412e-10 2.17898869558e-09
15538.1247389 1.03756967676e-09 1.40164152363e-09
15561.3506354 1.09014636977e-09 9.99227471002e-10
15584.5765318 1.60489254579e-09 1.53677979355e-09
15607.8024283 1.41204111661e-09 2.57186464055e-10
15631.0283248 7.49134589154e-10 1.474381307e-09
15654.2542213 7.80260761202e-10 1.34850746932e-09
15677.4801177 1.59306477568e-09 1.51811266095e-09
15700.7060142 2.79732493e-10 1.14005157436e-09
15723.9319107 1.14061129686e-09 6.42165214242e-10
15747.1578071 5.67809368585e-10 6.2655205486e-10
15770.3837036 4.65418506305e-10 2.89997959529e-10
15793.6096001 8.12700705045e-10 2.74532480354e-10
15816.8354965 6.51804174536e-10 1.10353398668e-09
15840.061393 8.65480391339e-10 5.58799642919e-10
15863.2872895 6.37687723576e-10 4.38865555795e-10
15886.513186 6.45636128591e-10 1.15429473237e-09
15909.7390824 2.05036698249e-10 5.28078720421e-10
15932.9649789 6.56223926318e-10 8.2054366496e-10
15956.1908754 8.8739468875e-10 1.13500741025e-09
15979.4167718 8.57847750735e-10 7.3858832802e-10
16002.6426683 8.88657388495e-10 4.2289387888e-10
16025.8685648 2.9259991879e-10 5.55073385187e-10
16049.0944613 5.14044921702e-10 6.05662363766e-10
16072.3203577 6.4125958972e-10 3.4274986081e-10
16095.5462542 5.67135698779e-10 3.86819978299e-10
16118.7721507 5.16631258611e-10 7.04900200083e-10
16141.9980471 3.20066239433e-10 6.6231772685e-10
16165.2239436 7.07071488635e-10 3.00077536049e-10
16188.4498401 7.7807727228e-10 4.42137331481e-10
16211.6757366 3.98344486464e-10 4.80121692734e-10
16234.901633 5.08338004155e-10 1.21269896456e-10
16258.1275295 3.37697812961e-10 6.97493505272e-10
16281.353426 4.58169322028e-10 4.39639199096e-10
16304.5793224 7.07678831634e-10 2.13993790207e-10
16327.8052189 1.75574618516e-10 6.04284161894e-10
16351.0311154 6.46975676157e-10 2.33041609376e-10
16374.2570118 5.60256160568e-10 4.72101381204e-10
16397.4829083 2.84281704856e-10 3.79467188218e-10
16420.7088048 7.45431452678e-10 2.81753556671e-10
16443.9347013 3.54144547535e-10 1.30881242632e-10
16467.1605977 3.76931641982e-10 6.90800005771e-10
16490.3864942 3.75058445022e-10 4.10084361077e-10
16513.6123907 5.5094936215e-10 4.87304868325e-10
16536.8382871 1.18626076929e-10 4.40331609654e-10
16560.0641836 4.3793006005e-10 3.71052267703e-10
16583.2900801 4.0276760685e-10 8.58100446109e-10
16606.5159766 2.64634474638e-10 3.29604523367e-10
16629.741873 7.77248907976e-10 8.19296623702e-10
16652.9677695 1.9431787459e-10 2.98848520496e-10
16676.193666 6.91641241816e-10 2.2098080076e-10
16699.4195624 3.61989925662e-11 5.33526978367e-10
16722.6454589 1.53943882763e-10 3.61263479473e-10
16745.8713554 4.11696586644e-10 2.69476227773e-10
16769.0972518 8.50414163604e-11 3.08549880027e-10
16792.3231483 3.26338036242e-10 2.71417677073e-10
16815.5490448 2.0453791479e-10 9.44196636338e-11
16838.7749413 3.58474751849e-10 9.39801342014e-11
16862.0008377 2.95919733001e-10 3.83784168423e-10
16885.2267342 3.30800997471e-10 2.22652821067e-10
16908.4526307 3.37680958271e-10 5.1900753431e-10
16931.6785271 1.17621747429e-10 1.22530897053e-10
16954.9044236 4.42384249422e-10 2.76523254714e-10
16978.1303201 5.07091802259e-10 2.44687227557e-10
17001.3562166 5.97572235032e-10 2.70644282358e-10
17024.582113 5.2396513794e-11 3.28785862655e-11
17047.8080095 2.06533798891e-10 2.65579371758e-10
17071.033906 1.17101912454e-10 2.25450132499e-10
17094.2598024 5.67106598909e-10 2.58107253326e-10
17117.4856989 1.98275751762e-10 3.43379807043e-10
17140.7115954 7.85161920721e-10 4.49084957556e-10
17163.9374919 3.08145564234e-10 6.4303445404e-10
17187.1633883 2.41871002673e-10 5.75765179921e-10
17210.3892848 2.75900809079e-10 2.33257730555e-10
17233.6151813 3.7431785545e-10 2.91871415854e-10
17256.8410777 2.20706042171e-10 1.58353501898e-10
17280.0669742 1.91262135756e-10 1.11907992617e-10
17303.2928707 2.91245521698e-10 9.02205031642e-11
17326.5187671 9.77919052952e-11 3.37562114374e-10
17349.7446636 3.0930649032e-10 3.92974937956e-10
17372.9705601 4.74795180755e-10 4.05012236876e-10
17396.1964566 2.19230133315e-10 1.85566448842e-10
17419.422353 2.17684938571e-10 2.04929511617e-10
17442.6482495 2.96350366742e-10 5.20857041967e-10
17465.874146 2.98501043404e-10 1.08648364043e-10
17489.1000424 2.04391920255e-10 2.61917252112e-10
17512.3259389 3.04424249671e-11 2.79319756196e-10
17535.5518354 2.21076778317e-10 4.41290618083e-10
17558.7777319 9.59757319477e-11 2.00464812821e-10
17582.0036283 1.38719515467e-10 1.8944741472e-10
17605.2295248 2.36511090092e-10 3.95135322406e-10
17628.4554213 2.1225559164e-10 3.60200247764e-10
17651.6813177 5.92146491172e-11 1.70682883366e-10
17674.9072142 2.29592945793e-10 3.44386255461e-10
17698.1331107 1.01931818677e-10 2.38051374166e-10
17721.3590071 2.59218019177e-10 3.75583100418e-10
17744.5849036 1.9236048017e-10 2.35032356601e-10
17767.8108001 3.74703320825e-10 2.21258114299e-10
17791.0366966 3.7647654934e-10 4.28597869985e-10
17814.262593 1.32202821403e-10 1.28689866082e-10
17837.4884895 2.68223813498e-10 4.09894897268e-10
17860.714386 1.25768887073e-10 2.50826636029e-10
17883.9402824 2.05038462748e-10 2.04284744256e-10
17907.1661789 1.84937896275e-10 5.08720447315e-11
17930.3920754 3.28098169271e-10 1.34305502852e-10
17953.6179719 3.40501719604e-10 4.09569343141e-11
17976.8438683 2.22330824458e-10 2.51668389151e-10
18000.0697648 1.23539746433e-10 1.37308234191e-10
18023.2956613 9.78468431685e-11 1.11850140534e-10
18046.5215577 5.70386570624e-11 1.81945307323e-10
18069.7474542 2.49717095712e-10 1.64394025514e-10
18092.9733507 4.43155737637e-11 1.51553892674e-10
18116.1992471 5.35471361895e-11 1.19264450233e-10
18139.4251436 1.80009458147e-10 5.64386540691e-11
18162.6510401 1.55259829064e-10 1.54830455515e-10
18185.8769366 1.26002765481e-10 1.52837604965e-10
18209.102833 7.30046727229e-11 1.85289143334e-10
18232.3287295 1.00215092614e-10 1.12042786732e-10
18255.554626 9.32593948005e-11 3.84098479911e-11
18278.7805224 9.94846822153e-11 9.80107536476e-11
18302.0064189 1.040561325e-10 2.11798338572e-10
18325.2323154 2.00115029316e-10 7.66397571204e-11
18348.4582119 1.42337967798e-10 4.02468988809e-11
18371.6841083 1.1223580149e-10 1.98150908599e-10
18394.9100048 2.41794506188e-10 1.0244271254e-10
18418.1359013 7.10325423336e-11 1.6700362618e-10
18441.3617977 2.23659493212e-10 8.40533310467e-11
18464.5876942 7.01335330782e-11 8.42922857188e-11
18487.8135907 5.60139949043e-11 9.00032689163e-11
18511.0394872 1.59782767926e-10 1.49755497633e-10
18534.2653836 5.18025997752e-11 1.49354347889e-10
18557.4912801 6.74920859081e-11 1.96224363792e-10
18580.7171766 1.02503099348e-10 1.60187752522e-10
18603.943073 1.00748505406e-10 1.48548291257e-10
18627.1689695 9.51213863661e-11 8.70096087552e-11
18650.394866 1.56257220662e-10 1.52837847743e-10
18673.6207624 1.05662234551e-10 2.01923736935e-10
18696.8466589 4.86589136727e-11 1.96153248716e-10
18720.0725554 7.22530166372e-11 1.54225083236e-10
18743.2984519 1.26433880966e-10 5.70419600852e-11
18766.5243483 1.15477464777e-10 9.46659489092e-11
18789.7502448 3.85764896427e-11 1.17278966239e-10
18812.9761413 7.36434936269e-11 1.40208121469e-10
18836.2020377 1.47073367289e-11 4.30315052785e-11
18859.4279342 2.48342588427e-11 4.65645470518e-11
18882.6538307 4.52721384998e-11 6.73886518048e-11
18905.8797272 5.63434974435e-11 2.65739831127e-11
18929.1056236 1.41279444814e-10 3.71477290171e-11
18952.3315201 5.42573542678e-11 1.3554538517e-10
18975.5574166 2.33371361448e-10 1.37957472224e-10
18998.783313 2.06502902518e-10 5.23554173567e-11
19022.0092095 5.31975017883e-11 1.03984908475e-10
19045.235106 8.7390556406e-11 1.05781548038e-10
19068.4610024 2.87354706636e-11 1.43479749833e-10
19091.6868989 1.17135725905e-11 1.19758629205e-10
19114.9127954 5.80162488923e-11 3.84374034741e-11
19138.1386919 2.64459484652e-11 9.00210596095e-11
19161.3645883 1.21948848281e-10 1.16919338265e-10
19184.5904848 5.11367994132e-11 9.05011074403e-11
19207.8163813 9.33846629071e-11 1.24940172172e-10
19231.0422777 5.27990434239e-11 1.25243714261e-10
19254.2681742 1.6997349163e-11 7.51381250271e-11
19277.4940707 1.64009173806e-11 7.86138250641e-11
19300.7199672 2.11182684429e-11 3.23858481145e-11
19323.9458636 1.91031081987e-11 8.58811411634e-11
19347.1717601 5.3743811857e-11 6.02722734383e-11
19370.3976566 8.27750049394e-11 7.41114082996e-11
19393.623553 7.48886572552e-11 9.28350955725e-11
19416.8494495 4.08324867786e-11 1.18832217859e-10
19440.075346 3.82882567049e-11 4.42484511402e-11
19463.3012424 5.53796545842e-11 3.89400677674e-11
19486.5271389 1.23322681357e-10 8.72750454154e-11
19509.7530354 1.52943703135e-10 2.28944683149e-10
19532.9789319 1.14889584082e-10 1.46579800772e-10
19556.2048283 7.23113275867e-11 3.63098870251e-11
19579.4307248 9.13103279805e-11 8.53606080971e-11
19602.6566213 9.35178830791e-11 9.03073828831e-11
19625.8825177 3.52691988217e-11 2.50656306092e-11
19649.1084142 3.97390192001e-11 4.83678825315e-11
19672.3343107 4.55890959455e-11 4.88576047697e-11
19695.5602072 5.28343676685e-11 3.08085454464e-11
19718.7861036 4.05770769759e-11 8.22641733321e-11
19742.0120001 7.46479544924e-11 6.28521864211e-11
19765.2378966 6.96929476073e-11 2.62057008216e-11
19788.463793 9.81259861136e-11 1.0787120643e-10
19811.6896895 7.1141009642e-11 9.85638289957e-11
19834.915586 2.61381138766e-11 2.44992160549e-11
19858.1414825 1.12679819792e-10 6.55401425266e-11
19881.3673789 1.06552248632e-10 1.07241639269e-10
19904.5932754 7.69075007585e-11 8.37296628245e-11
19927.8191719 4.5449263951e-11 6.38427358677e-11
19951.0450683 5.32862356137e-11 4.88427512503e-11
19974.2709648 6.18905384776e-11 2.79478474578e-11
19997.4968613 5.07096353986e-11 6.69021478337e-11
20020.7227577 5.806597006e-11 5.38444379504e-11
20043.9486542 7.53358296918e-11 4.41978252725e-11
20067.1745507 8.50979201116e-11 1.07642168285e-10
20090.4004472 4.05204665053e-11 6.05979515144e-11
20113.6263436 3.98518697681e-11 3.99901772649e-11
20136.8522401 3.73135862976e-11 1.85849190924e-11
20160.0781366 6.92673750914e-11 6.49870264483e-11
20183.304033 8.01326898571e-11 7.22927017907e-11
20206.5299295 5.07232686785e-11 4.88728728571e-11
20229.755826 5.47499768953e-11 8.09647484677e-11
20252.9817225 1.12925730389e-12 3.50698243587e-11
20276.2076189 2.33201312608e-11 2.51224729882e-11
20299.4335154 3.12495585815e-12 1.67848681688e-11
20322.6594119 3.99930300079e-11 3.87352216022e-11
20345.8853083 5.01162950043e-11 5.74596980557e-11
20369.1112048 4.50082670834e-11 3.68342961445e-11
20392.3371013 1.99617358218e-11 4.05458111372e-12
20415.5629977 2.82555389614e-11 4.65533338283e-11
20438.7888942 1.10933000035e-11 3.80628825916e-11
20462.0147907 4.14552477521e-11 2.01790057573e-11
20485.2406872 6.51497511051e-12 1.26547832456e-11
20508.4665836 1.96775496304e-11 6.57262606616e-11
20531.6924801 1.26076983529e-11 1.9515180061e-11
20554.9183766 1.88073716766e-11 2.81683522134e-11
20578.144273 9.11575614453e-12 3.04211313549e-11
20601.3701695 3.65700391559e-11 1.41979640183e-11
20624.596066 3.35868434315e-11 3.29426507436e-11
20647.8219625 4.12659262347e-11 9.25659911831e-12
20671.0478589 1.04142944006e-11 3.38540035996e-11
20694.2737554 1.44564130765e-11 2.07082686656e-11
20717.4996519 1.1366621574e-11 2.15098534878e-11
20740.7255483 1.75065502749e-11 9.93876342272e-12
20763.9514448 1.54289151915e-11 7.07185902548e-12
20787.1773413 1.94904051079e-11 1.67074232055e-11
20810.4032378 2.50155922903e-11 3.35456902404e-12
20833.6291342 2.70418971352e-11 2.92736611818e-11
20856.8550307 1.23393528939e-11 2.40006380838e-11
20880.0809272 3.21527551398e-11 1.83779213637e-11
20903.3068236 2.64208451656e-11 2.01839789608e-11
20926.5327201 3.25698860999e-11 1.66900901158e-12
20949.7586166 2.54348536392e-11 1.5737632926e-11
20972.984513 4.76742013282e-12 1.72616362426e-11
20996.2104095 2.0336501866e-11 8.22316135727e-12
21019.436306 1.82915105185e-11 1.27797674987e-11
21042.6622025 2.62832181946e-11 1.61563456977e-11
21065.8880989 1.49958717949e-11 1.1282783556e-11
21089.1139954 1.2289349187e-11 1.31196074727e-11
21112.3398919 6.16738315696e-12 9.3901112177e-12
21135.5657883 1.01116811666e-11 1.37523004296e-11
21158.7916848 2.27510403097e-11 1.40998719506e-11
21182.0175813 1.68333237896e-11 2.13239745268e-11
21205.2434778 2.29975207525e-11 5.3936962488e-12
21228.4693742 2.32595310782e-11 2.71759299688e-12
21251.6952707 2.89389191072e-11 3.5566537713e-12
21274.9211672 8.23175552452e-12 1.89558434949e-11
21298.1470636 2.44593039267e-11 6.96591605164e-12
21321.3729601 1.07628921084e-11 1.88028302716e-11
21344.5988566 8.10803651123e-12 6.50938758315e-12
21367.824753 1.71685972789e-11 9.03270749545e-12
21391.0506495 2.81964708642e-11 1.16432889827e-11
21414.276546 2.1368083061e-11 1.48854287491e-11
21437.5024425 2.06294514438e-11 5.37407894515e-12
21460.7283389 4.73227343834e-12 1.03314995568e-11
21483.9542354 2.75868981346e-12 2.1044047503e-12
21507.1801319 7.42673876482e-12 1.40788032426e-11
21530.4060283 1.28770095652e-11 1.39023958805e-11
21553.6319248 1.43259813735e-11 1.93976078341e-11
21576.8578213 1.61070169345e-11 2.00578165696e-11
21600.0837178 6.27939788248e-12 1.46227103461e-11
21623.3096142 1.48711920568e-11 1.7414190884e-11
21646.5355107 1.41904067408e-11 3.95644777026e-11
21669.7614072 8.04443210298e-12 1.68089006212e-11
21692.9873036 1.92544632532e-11 1.95984050775e-11
21716.2132001 2.0613890936e-11 2.90742603972e-11
21739.4390966 1.89157386762e-11 2.64880283911e-11
21762.664993 3.2577404419e-11 1.51687927814e-11
21785.8908895 1.40020748574e-11 1.31266271626e-11
21809.116786 1.67761334523e-11 1.09090116789e-11
21832.3426825 1.83044447712e-11 1.76876722836e-11
21855.5685789 2.85171744029e-11 2.85632201992e-11
21878.7944754 2.0948501298e-11 1.63735284205e-11
21902.0203719 1.03107530169e-11 1.14493122219e-11
21925.2462683 7.47621807464e-12 1.86957152329e-12
21948.4721648 1.03037090212e-11 4.39267045289e-12
21971.6980613 1.28783744993e-11 1.01980527618e-11
21994.9239578 6.58553839781e-12 5.81936791743e-12
22018.1498542 1.42244314593e-11 5.9878733602e-12
22041.3757507 1.19468728066e-11 8.42132621336e-12
22064.6016472 8.96773563431e-12 7.59472825619e-12
22087.8275436 9.95029677679e-12 6.39462358493e-12
22111.0534401 4.38786780982e-12 1.69916690284e-12
22134.2793366 6.22083852508e-12 4.33856093465e-12
22157.5052331 2.36005559694e-12 3.33518577427e-12
22180.7311295 3.66823969186e-12 4.31325042857e-12
22203.957026 1.1582051239e-11 6.78894019125e-12
22227.1829225 1.39420661459e-11 6.63740025598e-12
22250.4088189 9.92026106858e-12 7.44915137142e-13
22273.6347154 9.75948504187e-12 5.58845997409e-12
22296.8606119 8.9493439192e-12 2.00524613868e-12
22320.0865083 9.27668215764e-12 1.30002170518e-11
22343.3124048 9.53227649981e-12 7.55652456597e-12
22366.5383013 5.06473123516e-12 5.84275613509e-12
22389.7641978 9.15465526998e-12 1.3113612048e-11
22412.9900942 1.88654869526e-12 6.78162565558e-12
22436.2159907 1.22998611427e-11 1.27163629939e-11
22459.4418872 1.81564851229e-11 4.25562198519e-12
22482.6677836 4.90761013326e-12 4.48095449277e-12
22505.8936801 1.17783697392e-11 1.83648275119e-11
22529.1195766 1.26158546152e-11 9.52052873944e-12
22552.3454731 2.69232725188e-12 1.03550143645e-11
22575.5713695 2.37491969667e-11 9.65634912205e-12
22598.797266 8.67906264693e-12 3.02604361537e-12
22622.0231625 1.80425354008e-11 1.0483383047e-11
22645.2490589 1.68172644681e-12 9.23681649487e-12
22668.4749554 1.53635580282e-11 1.56983498367e-11
22691.7008519 1.36406525273e-11 1.05691058913e-11
22714.9267483 5.10183950197e-12 2.9647102616e-12
22738.1526448 2.04167107038e-11 6.61797990508e-12
22761.3785413 1.22537666824e-11 1.33480564606e-11
22784.6044378 1.31166770609e-12 9.36041798309e-12
22807.8303342 7.94604034783e-12 1.61595822525e-11
22831.0562307 8.59231944007e-12 6.79626951687e-12
22854.2821272 3.58382351145e-12 4.80760278412e-12
22877.5080236 9.24016242208e-12 8.67085999002e-12
22900.7339201 1.58711980858e-11 2.61690651925e-12
22923.9598166 5.83994194523e-12 8.99973294729e-12
22947.1857131 1.14494401551e-11 3.30276487862e-12
22970.4116095 7.2799793837e-12 1.11971957358e-11
22993.637506 1.9860226593e-12 3.2481530818e-12
23016.8634025 3.38084785311e-12 2.19891084202e-12
23040.0892989 2.59890879897e-12 9.86473405234e-12
23063.3151954 7.88964086708e-12 4.76401720543e-12
23086.5410919 6.32441293971e-12 9.97493248856e-12
23109.7669884 1.11128042108e-11 8.43957353046e-12
23132.9928848 3.41304028213e-12 4.00455251057e-12
23156.2187813 8.95269913306e-12 1.06261624086e-11
23179.4446778 7.32651291603e-12 3.94531158256e-12
23202.6705742 2.75778945853e-12 2.31936763999e-12
23225.8964707 4.88998481196e-12 4.6098894397e-12
23249.1223672 4.53082467047e-12 7.43771021315e-12
23272.3482636 4.32659119452e-12 5.48378488138e-12
23295.5741601 4.02966471917e-12 9.28247868501e-12
23318.8000566 1.01524873732e-12 4.86094360804e-12
23342.0259531 6.12090305243e-12 7.14003664237e-12
23365.2518495 4.98050408777e-12 1.07562164237e-11
23388.477746 5.14519712413e-12 6.35427883135e-12
23411.7036425 3.53042321339e-12 9.79145188966e-12
23434.9295389 4.33217642765e-12 5.84714075167e-12
23458.1554354 4.81924024561e-12 7.11214571455e-12
23481.3813319 3.74175386774e-12 6.60660498894e-12
23504.6072284 6.3895461765e-12 7.3875197405e-12
23527.8331248 2.64864194885e-12 1.42966134943e-11
23551.0590213 2.95861617512e-12 8.11330233304e-12
23574.2849178 5.85311434565e-12 9.23606530356e-12
23597.5108142 7.07520120283e-12 1.13824595248e-11
23620.7367107 9.3891095974e-12 6.84836600369e-12
23643.9626072 5.57142471832e-12 6.38161196214e-12
23667.1885036 7.61492448678e-12 6.98353190032e-12
23690.4144001 8.64997964765e-13 9.59051669043e-12
23713.6402966 7.40516854574e-12 9.30695917817e-12
23736.8661931 5.39559287537e-12 4.56819075372e-12
23760.0920895 4.9402787738e-12 8.94013379517e-12
23783.317986 5.42586119908e-12 1.22279585091e-11
23806.5438825 2.89801979642e-12 7.87589552831e-12
23829.7697789 8.60939901622e-12 8.01636852244e-12
23852.9956754 8.28470446905e-12 6.18733734353e-12
23876.2215719 5.54414391238e-12 7.63911336035e-12
23899.4474684 2.16764240857e-12 5.71541587204e-12
23922.6733648 1.98394578541e-12 5.52203647696e-12
23945.8992613 6.08653333116e-12 9.61475011662e-12
23969.1251578 6.32951606113e-12 6.04945107046e-12
23992.3510542 3.6240425694e-12 4.9382133729e-12
24015.5769507 7.98424977742e-12 6.95838864657e-12
24038.8028472 3.42101460184e-12 1.00064955698e-11
24062.0287436 3.83357472188e-12 6.06345281222e-12
24085.2546401 5.82830117812e-12 6.74521730908e-12
24108.4805366 3.59096865058e-12 9.97032030378e-12
24131.7064331 4.39941103365e-12 9.04442680345e-12
24154.9323295 2.32645084777e-12 8.75882528388e-12
24178.158226 3.64990061019e-12 5.40811195161e-12
24201.3841225 5.50276791486e-12 9.08260329708e-12
24224.6100189 5.57910649131e-12 2.89551279628e-12
24247.8359154 4.07639193643e-12 5.68825328666e-12
24271.0618119 3.54550456922e-12 5.69665608751e-12
24294.2877084 1.20286150926e-12 7.42491879025e-12
24317.5136048 3.13022593769e-13 6.37450104267e-12
24340.7395013 1.88508009763e-12 3.8419079273e-12
24363.9653978 9.99608380322e-13 6.13620298599e-12
24387.1912942 2.00659459133e-12 3.13567742403e-12
24410.4171907 2.98559787085e-12 4.51893798385e-12
24433.6430872 2.49631370057e-12 6.46299763071e-12
24456.8689837 2.83071778608e-12 4.5493880647e-12
24480.0948801 2.57373251086e-12 5.71591189278e-12
24503.3207766 1.13382416454e-12 5.90245379672e-12
24526.5466731 1.51339234853e-12 6.15905071881e-12
24549.7725695 1.20759695702e-12 7.2038032878e-12
24572.998466 3.20465555148e-12 8.20984293496e-12
24596.2243625 3.45895685241e-12 3.56053226652e-12
24619.4502589 9.62607000565e-13 7.21612030678e-12
24642.6761554 3.55447747487e-12 6.63063597047e-12
24665.9020519 3.68690884037e-12 5.63575025227e-12
24689.1279484 2.53513099186e-12 2.68499561811e-12
24712.3538448 1.09789655153e-12 5.94219845137e-12
24735.5797413 2.06460139612e-12 2.20714205663e-12
24758.8056378 2.55039337416e-12 3.85272567157e-12
24782.0315342 1.92450798611e-12 2.64139976123e-12
24805.2574307 3.43118757366e-12 2.6321410643e-12
24828.4833272 2.52232308659e-12 2.43314790782e-12
24851.7092237 2.49038904207e-12 3.29575246634e-12
24874.9351201 2.13851541813e-13 2.08261426236e-12
24898.1610166 1.75903173187e-12 3.24649639774e-12
24921.3869131 2.93148593404e-12 4.60478801817e-12
24944.6128095 5.13772205927e-13 3.45700014518e-12
24967.838706 1.80871290001e-12 1.26502217619e-12
24991.0646025 2.41433303271e-12 5.34206034754e-12
25014.2904989 2.76268832097e-12 1.55801220776e-12
25037.5163954 1.46320088668e-12 2.1144943424e-12
25060.7422919 2.28521182892e-12 5.65648281092e-12
25083.9681884 3.01880157524e-12 3.65521781935e-13
25107.1940848 2.43584339285e-12 4.33014332661e-12
25130.4199813 3.54042151694e-12 2.18865260394e-12
25153.6458778 2.60350155125e-12 2.4530783567e-12
25176.8717742 1.53673284941e-12 2.61862868288e-12
25200.0976707 1.73109895644e-12 1.44231719535e-12
25223.3235672 1.56744110201e-12 1.93878735472e-12
25246.5494637 1.91965120628e-12 4.46903961875e-12
25269.7753601 2.19958685241e-12 2.40349600177e-12
25293.0012566 1.25603633265e-12 2.37961482763e-12
25316.2271531 1.3183636194e-12 8.22130630863e-13
25339.4530495 1.44741649675e-12 2.59884292464e-12
25362.678946 7.16925284312e-13 2.94800918729e-12
25385.9048425 1.36177434339e-12 2.45699861887e-12
25409.130739 7.55621375889e-13 3.07169165851e-12
25432.3566354 3.86201636837e-13 1.68241707843e-12
25455.5825319 1.39702703862e-12 8.77355071851e-13
25478.8084284 9.20791786766e-14 2.32934705393e-12
25502.0343248 1.26898441973e-12 1.7305751175e-12
25525.2602213 1.2186139281e-12 8.23276590813e-13
25548.4861178 8.44979895732e-13 2.38896139069e-12
25571.7120142 3.75625381892e-13 1.62862334595e-12
25594.9379107 1.02654840461e-12 1.64148348697e-12
25618.1638072 1.10598558394e-12 2.00365610705e-12
25641.3897037 1.44991662342e-12 2.49141611256e-12
25664.6156001 1.4771153475e-12 1.31401366655e-12
25687.8414966 1.24768825528e-13 1.95424071178e-12
25711.0673931 1.73166150558e-12 6.82090953239e-13
25734.2932895 1.94323643295e-12 1.41309762083e-12
25757.519186 2.8319062509e-13 2.05107520924e-12
25780.7450825 4.78595972702e-13 1.98433226225e-12
25803.970979 6.53336331493e-13 8.4984854396e-13
25827.1968754 6.70458274883e-13 2.45797102801e-12
25850.4227719 7.08523003718e-13 3.7853955062e-13
25873.6486684 6.03191556766e-13 1.28969615303e-12
25896.8745648 1.30268910751e-12 8.02733081746e-13
25920.1004613 1.28291881063e-12 1.48353525677e-12
25943.3263578 4.66000512214e-13 1.87715862349e-12
25966.5522542 1.29859657746e-12 4.9745524576e-13
25989.7781507 9.99116921331e-13 9.71150953344e-13
26013.0040472 6.95079527895e-13 1.54354255241e-12
26036.2299437 1.29836748357e-12 1.56135904996e-12
26059.4558401 2.64073679036e-12 9.36739713928e-13
26082.6817366 1.45579836893e-12 1.21679799842e-12
26105.9076331 7.49004251892e-13 2.75620497409e-12
26129.1335295 7.97074832468e-13 1.24108365062e-12
26152.359426 1.30200094541e-13 2.24069207609e-12
26175.5853225 3.62016260546e-13 3.14913225109e-12
26198.811219 8.07772484076e-13 1.04609592189e-12
26222.0371154 2.46456295642e-13 2.78021964796e-12
26245.2630119 1.1940986205e-12 1.14567034298e-12
26268.4889084 1.66769037699e-12 1.74648003438e-12
26291.7148048 1.40197419122e-12 2.42264556011e-12
26314.9407013 9.28425710492e-13 2.34693226323e-12
26338.1665978 1.22037287515e-12 2.0360429329e-12
26361.3924942 1.32930212768e-12 7.20734328643e-13
26384.6183907 1.01783139463e-12 7.89619021298e-13
26407.8442872 1.35869766534e-12 1.73150407918e-12
26431.0701837 2.30007592503e-12 2.28732740371e-12
26454.2960801 1.31648778877e-12 8.46035879254e-13
26477.5219766 1.00245317844e-12 5.85449611059e-13
26500.7478731 4.29196379139e-13 6.35801925758e-13
26523.9737695 1.27954202397e-12 1.28477011925e-12
26547.199666 1.91043637191e-13 1.20422773998e-12
26570.4255625 7.01028497471e-13 7.71938545086e-13
26593.651459 4.02397464873e-13 1.53825885783e-12
26616.8773554 8.13387230915e-13 5.09159076724e-13
26640.1032519 1.15040710573e-12 1.56135286331e-12
26663.3291484 4.4447450336e-13 9.56278902e-13
26686.5550448 7.35046985823e-13 1.03753562526e-12
26709.7809413 1.34403187563e-12 1.29825097586e-12
26733.0068378 7.55350931401e-13 1.42280278535e-12
26756.2327343 7.13029509059e-13 1.84142396807e-12
26779.4586307 4.74713298199e-13 2.04948398919e-12
26802.6845272 3.66971759614e-13 9.00743807334e-13
26825.9104237 8.1313771037e-13 1.89604174029e-12
26849.1363201 8.08207116717e-13 1.54826379663e-12
26872.3622166 7.89118839907e-13 1.23774111307e-12
26895.5881131 1.43623741929e-12 1.40697336721e-12
26918.8140095 5.19192244341e-13 1.69763110912e-12
26942.039906 6.0733608727e-13 1.49266472998e-12
26965.2658025 3.45014310262e-13 6.34414853838e-13
26988.491699 5.02995662676e-13 1.05308807257e-12
27011.7175954 8.78943567491e-13 1.73823895447e-12
27034.9434919 2.79298266278e-13 3.93017520617e-13
27058.1693884 9.12120165094e-13 1.67617160941e-12
27081.3952848 6.51751119061e-13 6.65050421717e-13
27104.6211813 3.74673993248e-13 7.03963425254e-13
27127.8470778 7.53293786188e-13 1.16442477568e-12
27151.0729743 5.03428408528e-13 6.77453570305e-13
27174.2988707 2.19874293097e-13 7.22458028371e-13
27197.5247672 1.23004199057e-12 1.22690507653e-12
27220.7506637 4.61948215253e-13 1.01636020875e-12
27243.9765601 6.90893522976e-13 1.18101800005e-12
27267.2024566 8.46889076495e-13 5.34112508904e-13
27290.4283531 7.36153242501e-13 2.00050691873e-12
27313.6542495 5.67358328137e-13 2.24176809443e-13
27336.880146 8.01663042503e-13 1.59170172594e-12
27360.1060425 3.95747440415e-13 1.1500255494e-12
27383.331939 1.14221959298e-13 1.38193327875e-12
27406.5578354 6.87011895006e-13 9.46243007928e-13
27429.7837319 8.05790756323e-13 6.24722240885e-13
27453.0096284 8.79891802682e-13 1.33386277569e-12
27476.2355248 3.27287064996e-13 2.08310583566e-13
27499.4614213 3.73795819606e-13 9.95445767443e-13
27522.6873178 6.68624951284e-13 3.96615657563e-13
27545.9132143 6.77392851145e-13 3.69072794003e-13
27569.1391107 9.21068907795e-13 7.27432822148e-13
27592.3650072 2.81382292924e-13 2.15538470298e-13
27615.5909037 9.46996598833e-13 4.99515087137e-13
27638.8168001 7.93962857345e-13 3.76453488523e-13
27662.0426966 5.3555750025e-13 4.02815422869e-13
27685.2685931 8.00711014305e-13 3.6038661261e-13
27708.4944895 6.41850392256e-13 7.30813232823e-13
27731.720386 4.05191655203e-13 2.86548682363e-13
27754.9462825 7.14642362736e-14 7.09086231298e-13
27778.172179 7.38684284072e-13 6.87477621505e-13
27801.3980754 4.51065486591e-13 7.35290910136e-13
27824.6239719 5.32547154557e-13 9.75316110957e-13
27847.8498684 4.44823298472e-13 9.13656791392e-13
27871.0757648 3.97671282703e-13 4.62562865965e-13
27894.3016613 2.72172050859e-13 9.37773270012e-13
27917.5275578 2.69105674473e-13 1.04472503452e-12
27940.7534543 7.41105323132e-14 9.6279244178e-13
27963.9793507 4.96238933983e-13 6.11385222947e-13
27987.2052472 6.65269814286e-13 4.86276223786e-13
28010.4311437 1.10818946785e-13 3.56353334519e-13
28033.6570401 6.89121150836e-13 3.56556002606e-13
28056.8829366 4.54991710156e-13 3.2444819319e-13
28080.1088331 2.13757655637e-13 2.63018699157e-13
28103.3347296 4.71175926852e-13 2.3487152461e-13
28126.560626 1.25266898795e-13 2.57500428412e-13
28149.7865225 5.21299882855e-13 3.44482895041e-13
28173.012419 2.58866917016e-13 4.83750060801e-13
28196.2383154 2.80090125624e-13 3.88760973949e-13
28219.4642119 2.30075160087e-13 5.7101747749e-13
28242.6901084 1.86519816243e-13 1.53518267587e-13
28265.9160048 1.45733757086e-13 4.50583214138e-13
28289.1419013 2.22621373491e-13 4.66700348473e-13
28312.3677978 2.27980414731e-13 3.83857120505e-13
28335.5936943 4.86018436891e-13 3.406351973e-13
28358.8195907 1.02061221504e-13 5.53937106563e-13
28382.0454872 6.21134449342e-13 4.43679811279e-13
28405.2713837 4.23193322289e-13 3.63090566768e-13
28428.4972801 4.6797756874e-13 2.830449759e-14
28451.7231766 7.18011280086e-13 6.01711468225e-13
28474.9490731 1.60813584663e-13 1.27122256157e-13
28498.1749696 3.09176193292e-13 4.69907868274e-13
28521.400866 1.22663402265e-13 2.82255646308e-13
28544.6267625 5.84338696665e-13 6.26837090034e-14
28567.852659 5.70177742127e-14 5.66466591385e-13
28591.0785554 2.85829389287e-13 4.01568116268e-13
28614.3044519 3.15101477097e-13 2.9675409043e-13
28637.5303484 5.40048246876e-13 3.4716984905e-13
28660.7562448 1.64685772778e-13 3.97624954867e-13
28683.9821413 4.13265377591e-13 2.1943503629e-13
28707.2080378 3.12061380695e-13 4.13433851871e-13
28730.4339343 1.53424348278e-13 3.67401295672e-13
28753.6598307 1.53681312995e-13 2.47511157583e-13
28776.8857272 1.4277941694e-13 1.04338041215e-13
28800.1116237 3.35656733799e-13 2.63204036859e-13
28823.3375201 2.42805995009e-13 7.04511250283e-13
28846.5634166 1.62033174434e-13 9.42540516917e-14
28869.7893131 1.52645834872e-13 2.43196713343e-13
28893.0152096 3.66524859318e-13 1.60539761587e-13
28916.241106 2.03593836497e-13 3.8852003972e-13
28939.4670025 1.31871752226e-13 2.49930138045e-14
28962.692899 1.10390772078e-13 2.0791982722e-13
28985.9187954 3.07375960898e-13 2.31007959065e-13
29009.1446919 2.15901543553e-13 1.70321227893e-13
29032.3705884 1.06628316452e-13 1.45293093649e-13
29055.5964849 9.38049676308e-14 2.90904808967e-13
29078.8223813 1.03063163992e-13 2.121376216e-13
29102.0482778 1.89793773469e-13 8.50781219686e-14
29125.2741743 6.23077935106e-14 1.04430623546e-13
29148.5000707 2.34714430294e-13 1.89090445944e-13
29171.7259672 8.11297566071e-14 1.71059352186e-13
29194.9518637 1.2080178258e-13 1.51569396563e-13
29218.1777601 8.83536002821e-14 1.56960109724e-13
29241.4036566 1.83335463879e-13 8.07080952984e-14
29264.6295531 1.2051123137e-13 1.44372753955e-13
29287.8554496 3.24497436338e-13 1.06516301746e-13
29311.081346 1.2419036301e-13 1.33171712058e-13
29334.3072425 1.44789601509e-13 2.66717306234e-13
29357.533139 1.42294312676e-13 2.54467868244e-14
29380.7590354 3.09807313227e-13 5.89809786399e-14
29403.9849319 4.01749405526e-14 2.36929922238e-13
29427.2108284 1.48086625262e-13 1.54604403781e-13
29450.4367249 1.24143850701e-13 8.42425164674e-14
29473.6626213 1.6431129885e-13 1.34467322823e-13
29496.8885178 1.36857569039e-13 6.71638243932e-14
29520.1144143 2.18666185423e-13 1.77507096131e-13
29543.3403107 1.33331363774e-14 8.6618923275e-14
29566.5662072 1.55097601905e-13 3.99283411166e-14
29589.7921037 1.68509847126e-13 2.65679693577e-13
29613.0180001 1.3829500742e-13 6.79629901479e-14
29636.2438966 1.96144405255e-13 8.82941760593e-14
29659.4697931 6.70860452697e-14 5.83897432228e-14
29682.6956896 1.50344206472e-13 2.45592501022e-13
29705.921586 5.60904455563e-14 8.4976080362e-14
29729.1474825 9.5444148835e-14 3.40231506107e-14
29752.373379 8.27885876194e-14 8.7826852517e-14
29775.5992754 5.82399310563e-14 1.095437243e-13
29798.8251719 1.45082451716e-13 4.3310451115e-14
29822.0510684 1.29351810232e-13 1.1136477019e-13
29845.2769649 1.20885011401e-13 5.54146253423e-14
29868.5028613 1.61876400585e-13 1.25158752179e-13
29891.7287578 4.36107222476e-14 6.99823110608e-14
29914.9546543 2.51747222231e-14 1.19787776697e-13
29938.1805507 1.26002425677e-13 1.06425394956e-13
29961.4064472 8.548232647e-14 9.14527380403e-14
29984.6323437 6.6210236807e-14 9.38440264419e-14
30007.8582401 1.27021120976e-13 1.06313909536e-13
30031.0841366 8.76314044186e-14 1.09765348886e-13
30054.3100331 8.97916756158e-14 3.77481753018e-14
30077.5359296 1.48078890892e-14 7.09454485096e-14
30100.761826 6.37021337445e-14 1.01386881647e-13
30123.9877225 5.14812495241e-14 1.16028477604e-13
30147.213619 6.4970956978e-14 2.82138807278e-14
30170.4395154 4.11369486982e-14 9.0636151562e-14
30193.6654119 1.62729095578e-14 8.08422197383e-14
30216.8913084 3.83074083786e-14 3.64459474301e-14
30240.1172049 7.43203082421e-14 2.46161417571e-14
30263.3431013 7.09910340563e-15 9.51398462915e-14
30286.5689978 4.8948062663e-14 9.3344601751e-14
30309.7948943 8.91236312792e-14 1.00410501051e-14
30333.0207907 9.61858715627e-14 1.19385129205e-13
30356.2466872 5.76922744429e-14 7.7371261426e-14
30379.4725837 6.90924609638e-14 3.86252521407e-14
30402.6984802 1.10313082017e-13 7.01601793125e-14
30425.9243766 3.60415617009e-14 4.23958151947e-14
30449.1502731 6.29829687028e-14 7.79407043519e-14
30472.3761696 8.69649343918e-14 9.45264430868e-14
30495.602066 8.95444766581e-14 3.61009610949e-14
30518.8279625 6.73369634141e-14 1.08177893472e-13
30542.053859 9.01579716592e-14 7.95184143381e-14
30565.2797554 5.12237399783e-14 4.89717276467e-14
30588.5056519 4.35151906524e-14 5.12661451445e-14
30611.7315484 8.16611528371e-14 7.81850648431e-14
30634.9574449 6.0025900735e-14 8.49876683511e-14
30658.1833413 7.04131576253e-14 5.06502177117e-14
30681.4092378 7.39858257428e-14 5.98379585038e-14
30704.6351343 7.48879064371e-14 6.66011228037e-14
30727.8610307 6.31435889332e-14 2.99128744833e-14
30751.0869272 6.68410892562e-14 2.48632615472e-14
30774.3128237 5.18292656765e-14 7.14772106732e-14
30797.5387202 5.12926447047e-14 1.78395091894e-14
30820.7646166 4.68355408301e-14 5.91145700984e-14
30843.9905131 5.83146288386e-14 3.57483173956e-14
30867.2164096 2.6650340199e-14 5.55019051271e-14
30890.442306 3.82781201338e-14 4.24963321771e-14
30913.6682025 3.3343201372e-14 6.36524562516e-14
30936.894099 3.35964392729e-14 4.91984586813e-14
30960.1199954 6.23786083944e-15 5.54548560789e-14
30983.3458919 3.67869344106e-14 9.06001548184e-14
31006.5717884 7.1865400689e-14 8.52472642808e-14
31029.7976849 4.60345000088e-14 9.84183838974e-14
31053.0235813 4.23560665183e-14 9.29817160103e-14
31076.2494778 3.75683254079e-14 7.71497523274e-14
31099.4753743 1.44927869958e-14 2.69694469797e-14
31122.7012707 4.32091474736e-14 5.95422102863e-14
31145.9271672 2.4594117706e-14 3.7819124614e-14
31169.1530637 4.33208348176e-14 4.0654064973e-14
31192.3789602 5.02076685575e-14 3.1463787079e-14
31215.6048566 2.77226488232e-14 2.8216916662e-14
31238.8307531 3.47439975767e-14 5.23626549988e-14
31262.0566496 4.88902556906e-14 5.1450567544e-14
31285.282546 4.60357053349e-14 7.14460984893e-14
31308.5084425 4.42174590514e-14 4.00888821494e-14
31331.734339 5.98894856183e-14 6.04859281487e-14
31354.9602355 3.24231367126e-14 6.38905507174e-14
31378.1861319 6.35251708926e-14 6.99533035329e-14
31401.4120284 8.80789041695e-14 9.17544828882e-14
31424.6379249 7.80673644166e-14 4.16211303942e-14
31447.8638213 6.50354604419e-14 6.80864217954e-14
31471.0897178 6.81925056623e-14 6.7164642047e-14
31494.3156143 5.47502966217e-14 8.38613981185e-14
31517.5415107 5.29394009429e-14 7.03969900419e-14
31540.7674072 8.98010565321e-14 9.08249844065e-14
31563.9933037 7.71765270052e-14 3.82381487828e-14
31587.2192002 4.58733160844e-14 5.32413777501e-14
31610.4450966 6.06063940155e-14 5.57616617291e-14
31633.6709931 4.00399499846e-14 5.56915125678e-14
31656.8968896 7.20128739264e-14 7.08902459896e-14
31680.122786 5.29644792488e-14 4.46428429488e-14
31703.3486825 5.81332122992e-14 2.43409768454e-14
31726.574579 5.95424888671e-14 5.37790539998e-14
31749.8004755 4.70535537256e-14 2.49218153091e-14
31773.0263719 4.99715866203e-14 3.54365222812e-14
31796.2522684 5.04081515987e-14 2.73879710362e-14
31819.4781649 4.24758262696e-14 3.12928910967e-14
31842.7040613 3.42967301478e-14 6.06386845287e-14
31865.9299578 6.42268203178e-14 8.17340399171e-14
31889.1558543 6.21187434503e-14 7.93084578462e-14
31912.3817507 4.1978705295e-14 4.88028326423e-14
31935.6076472 4.24975792644e-14 5.26103365236e-14
31958.8335437 3.36282818568e-14 4.7961222783e-14
31982.0594402 2.90797583944e-14 8.00879893968e-14
32005.2853366 6.01991144092e-14 8.62800041215e-14
32028.5112331 5.40073814489e-14 6.75778527583e-14
32051.7371296 4.46732631573e-14 5.21028513807e-14
32074.963026 4.19523780839e-14 4.89333915754e-14
32098.1889225 2.99994906207e-14 5.77090145288e-14
32121.414819 3.07146621454e-14 4.33211661427e-14
32144.6407155 3.51154197706e-14 3.27557831297e-14
32167.8666119 3.42815816419e-14 5.03791612208e-14
32191.0925084 4.26934297821e-14 3.73911589557e-14
32214.3184049 5.13721086151e-14 3.97885197898e-14
32237.5443013 5.27800363747e-14 5.56824676417e-14
32260.7701978 4.14293845371e-14 4.13458270094e-14
32283.9960943 3.43256661957e-14 5.02213708481e-14
32307.2219907 4.99057922125e-14 5.58944188771e-14
32330.4478872 5.55566228779e-14 6.21926500162e-14
32353.6737837 5.46815891586e-14 3.71907010129e-14
32376.8996802 5.15570541433e-14 5.72090206705e-14
32400.1255766 7.16128321729e-14 6.90046097793e-14
32423.3514731 4.17960770625e-14 6.72220908595e-14
32446.5773696 3.23986420487e-14 5.99324142748e-14
32469.803266 4.08004860029e-14 6.32444299249e-14
32493.0291625 4.53580519525e-14 6.96963329145e-14
32516.255059 5.05577287728e-14 5.98085249488e-14
32539.4809555 4.73380169242e-14 6.69865414188e-14
32562.7068519 5.40532604252e-14 6.99192620654e-14
32585.9327484 5.90719134912e-14 6.78711741396e-14
32609.1586449 6.34992869625e-14 4.75810124588e-14
32632.3845413 5.73387278012e-14 4.58973274708e-14
32655.6104378 4.90231272751e-14 3.94233789492e-14
32678.8363343 5.30686246351e-14 4.87789480455e-14
32702.0622308 4.36277872496e-14 3.34355423063e-14
32725.2881272 4.36703071642e-14 3.22757534497e-14
32748.5140237 4.46744585524e-14 3.27187071302e-14
32771.7399202 5.03384525251e-14 2.70354864453e-14
32794.9658166 4.17063697279e-14 3.09069955052e-14
32818.1917131 4.15594066567e-14 3.74497176627e-14
32841.4176096 4.66776254991e-14 4.16581062189e-14
32864.643506 4.74433487036e-14 4.88806930875e-14
32887.8694025 4.81148226789e-14 4.28226578792e-14
32911.095299 4.51521715391e-14 6.37846587312e-14
32934.3211955 4.05783560227e-14 6.06745548487e-14
32957.5470919 4.77138821959e-14 5.72183830922e-14
32980.7729884 4.63313318607e-14 5.99429638025e-14
33003.9988849 3.34926426483e-14 6.74652467449e-14
33027.2247813 3.99326272664e-14 5.31153421078e-14
33050.4506778 3.68888970372e-14 5.35203015704e-14
33073.6765743 3.25830271927e-14 6.15127351454e-14
33096.9024708 3.9478532459e-14 4.32584551487e-14
33120.1283672 3.5648797066e-14 4.7730819395e-14
33143.3542637 3.96704694796e-14 4.1846371738e-14
33166.5801602 3.80071459995e-14 3.89746101279e-14
33189.8060566 4.10443708056e-14 3.30913085003e-14
33213.0319531 4.71560820482e-14 2.8339032761e-14
33236.2578496 4.49929728968e-14 3.24704865413e-14
33259.483746 4.89101630212e-14 3.00550814982e-14
33282.7096425 5.17547405678e-14 3.19356101269e-14
33305.935539 5.01486425786e-14 3.48095838455e-14
33329.1614355 4.23548166522e-14 4.33703127489e-14
33352.3873319 3.83096330961e-14 4.38422935453e-14
33375.6132284 4.82972210574e-14 4.71924417878e-14
33398.8391249 4.33238148656e-14 4.56785484927e-14
33422.0650213 4.57188982931e-14 5.22252934915e-14
33445.2909178 4.31180419499e-14 6.01603037186e-14
33468.5168143 5.08281905133e-14 7.09685403915e-14
33491.7427108 4.52501953662e-14 7.00090031014e-14
33514.9686072 4.5559444701e-14 6.60474417298e-14
33538.1945037 5.22474730531e-14 5.81574524848e-14
33561.4204002 4.89475980324e-14 6.32931340043e-14
33584.6462966 4.5987911447e-14 5.44598642765e-14
33607.8721931 4.50406257173e-14 4.57829600736e-14
33631.0980896 4.69614557411e-14 4.91542916901e-14
33654.3239861 4.19107295316e-14 4.31695285454e-14
33677.5498825 4.82938025971e-14 3.61480442715e-14
33700.775779 4.7057374528e-14 3.78602858938e-14
33724.0016755 4.50807768095e-14 3.17528842784e-14
33747.2275719 4.29970295132e-14 3.66251026227e-14
33770.4534684 4.76134895737e-14 2.37760116061e-14
33793.6793649 4.92560198944e-14 3.28784617586e-14
33816.9052613 4.25731735988e-14 3.62116535033e-14
33840.1311578 4.53007594659e-14 4.03858622479e-14
33863.3570543 4.02453040702e-14 4.85669664152e-14
33886.5829508 4.11337172706e-14 4.5749744195e-14
33909.8088472 4.0589461859e-14 4.43849581996e-14
33933.0347437 4.5495091074e-14 5.04592380945e-14
33956.2606402 4.1120932177e-14 5.88171359394e-14
33979.4865366 3.58750142788e-14 6.07445613974e-14
34002.7124331 3.21568492516e-14 6.00858434504e-14
34025.9383296 3.26497555768e-14 5.38659900614e-14
34049.1642261 3.73210419808e-14 5.44130801611e-14
34072.3901225 4.04085092367e-14 5.15725388645e-14
34095.616019 3.70593828429e-14 5.00725920012e-14
34118.8419155 3.54785500947e-14 4.51035718317e-14
34142.0678119 4.27604371589e-14 4.00360025739e-14
34165.2937084 4.20960389131e-14 3.67318678028e-14
34188.5196049 3.98756107937e-14 3.74778827089e-14
34211.7455013 3.87081146512e-14 3.02597963137e-14
34234.9713978 3.87211092766e-14 2.27457461416e-14
34258.1972943 4.27016058252e-14 2.37195880532e-14
34281.4231908 4.58204791779e-14 2.88389086386e-14
34304.6490872 4.39938596076e-14 3.46921424396e-14
34327.8749837 3.75062283905e-14 3.94117251707e-14
34351.1008802 3.57758674763e-14 4.29673434615e-14
34374.3267766 3.91807529673e-14 4.31347731603e-14
34397.5526731 4.01162110212e-14 4.25711663302e-14
34420.7785696 4.32543746866e-14 4.94472405871e-14
34444.0044661 4.15588019172e-14 5.41474462629e-14
34467.2303625 4.17920413635e-14 5.66500661918e-14
34490.456259 3.73252022642e-14 5.71641589499e-14
34513.6821555 4.04679101033e-14 5.6276603883e-14
34536.9080519 3.97856597994e-14 5.7420892653e-14
34560.1339484 3.83910068515e-14 5.0583057576e-14
34583.3598449 4.04882186119e-14 4.99408941089e-14
34606.5857413 4.17644970306e-14 4.56224787722e-14
34629.8116378 3.99415039961e-14 4.65742646424e-14
34653.0375343 3.74121030451e-14 4.04280762413e-14
34676.2634308 3.78873951505e-14 3.19286664269e-14
34699.4893272 4.11512740389e-14 3.15228802813e-14
34722.7152237 4.12139984957e-14 2.94967456626e-14
34745.9411202 4.04998754242e-14 2.68591812998e-14
34769.1670166 4.05213639103e-14 2.62478750796e-14
34792.3929131 4.18462443049e-14 2.71832303774e-14
34815.6188096 4.19155893515e-14 3.20218577703e-14
34838.8447061 3.97237640284e-14 3.51104930659e-14
34862.0706025 3.96744855329e-14 3.9648048328e-14
34885.296499 3.94619017023e-14 4.27882526728e-14
34908.5223955 3.88864204763e-14 4.6441622288e-14
34931.7482919 3.63138840292e-14 4.95434087044e-14
34954.9741884 3.7428023976e-14 5.08519318325e-14
34978.2000849 3.78481328686e-14 5.20536924332e-14
35001.4259814 3.73993550787e-14 5.48925779999e-14
35024.6518778 3.54926973673e-14 5.44815198272e-14
35047.8777743 3.61780680393e-14 5.30626695749e-14
35071.1036708 3.74213919014e-14 4.97732479109e-14
35094.3295672 3.66898822268e-14 4.81863363132e-14
35117.5554637 3.71435879005e-14 4.51592259401e-14
35140.7813602 3.80134577242e-14 4.03812550982e-14
35164.0072566 3.78934082392e-14 3.67409588753e-14
35187.2331531 3.70369490275e-14 3.27839367027e-14
35210.4590496 3.77891838122e-14 2.80976159391e-14
35233.6849461 3.90459906369e-14 2.61037357627e-14
35256.9108425 3.78590475957e-14 2.52867682345e-14
35280.136739 3.77476567752e-14 2.56413595305e-14
35303.3626355 3.91874027164e-14 2.80170938058e-14
35326.5885319 3.84645454388e-14 3.19201348423e-14
35349.8144284 3.93431160246e-14 3.40932708704e-14
35373.0403249 3.79831332611e-14 3.88664032472e-14
35396.2662214 3.76163436442e-14 4.3987237497e-14
35419.4921178 3.71643681457e-14 4.70833402893e-14
35442.7180143 3.68790635208e-14 4.81428678373e-14
35465.9439108 3.6044484738e-14 5.12799297206e-14
35489.1698072 3.60431267097e-14 5.20553385188e-14
35512.3957037 3.55450434652e-14 5.08653683963e-14
35535.6216002 3.53110205076e-14 5.17252692972e-14
35558.8474966 3.44835819625e-14 5.08775339136e-14
35582.0733931 3.69212202617e-14 4.8870475629e-14
35605.2992896 3.40554025631e-14 4.35273943573e-14
35628.5251861 3.50552872467e-14 4.24302841179e-14
35651.7510825 3.60874778751e-14 3.81865299022e-14
35674.976979 3.78554044243e-14 3.40106147236e-14
35698.2028755 3.63355759944e-14 2.99932660316e-14
35721.4287719 3.736179695e-14 2.78381018596e-14
35744.6546684 3.72378544818e-14 2.45601068547e-14
35767.8805649 3.85015269092e-14 2.47705679991e-14
35791.1064614 3.82404344886e-14 2.6352160703e-14
35814.3323578 3.66804962813e-14 2.8804984289e-14
35837.5582543 3.7106028243e-14 3.25973705771e-14
35860.7841508 3.67989759331e-14 3.4794614611e-14
35884.0100472 3.70159328488e-14 3.88764562003e-14
35907.2359437 3.69845149023e-14 4.34120789054e-14
35930.4618402 3.75451710119e-14 4.55448177962e-14
35953.6877366 3.67693825784e-14 4.86819043336e-14
35976.9136331 3.61659022122e-14 5.07693778974e-14
36000.1395296 3.56835663303e-14 5.32496321988e-14
36023.3654261 3.41978615981e-14 5.10824312605e-14
36046.5913225 3.50576604667e-14 5.03292983668e-14
36069.817219 3.52506535522e-14 4.88410509787e-14
36093.0431155 3.53020056981e-14 4.71298179478e-14
36116.2690119 3.53110968646e-14 4.22378627695e-14
36139.4949084 3.61119721689e-14 4.01416864072e-14
36162.7208049 3.56741222741e-14 3.64393381318e-14
36185.9467014 3.66746018505e-14 3.26423686585e-14
36209.1725978 3.62935428363e-14 2.81385263894e-14
36232.3984943 3.62231569957e-14 2.56464162092e-14
36255.6243908 3.66399016879e-14 2.39850278837e-14
36278.8502872 3.5849054489e-14 2.45486340995e-14
36302.0761837 3.62163236849e-14 2.55989526919e-14
36325.3020802 3.56134639354e-14 2.85821794966e-14
36348.5279767 3.59483230716e-14 3.22180467359e-14
36371.7538731 3.5421888956e-14 3.55683367678e-14
36394.9797696 3.48608529669e-14 3.94479172429e-14
36418.2056661 3.44337758172e-14 4.29896209265e-14
36441.4315625 3.38064801044e-14 4.53930794448e-14
36464.657459 3.33133491071e-14 4.76069954201e-14
36487.8833555 3.27272982401e-14 4.91594487355e-14
36511.1092519 3.23596798763e-14 4.97833434378e-14
36534.3351484 3.20366577905e-14 4.9392680331e-14
36557.5610449 3.23471098012e-14 4.80121656551e-14
36580.7869414 3.26478456643e-14 4.65399418434e-14
36604.0128378 3.27022306901e-14 4.36770720765e-14
36627.2387343 3.29100981915e-14 4.08545150924e-14
36650.4646308 3.34097691281e-14 3.70263673657e-14
36673.6905272 3.38518677525e-14 3.34973897756e-14
36696.9164237 3.40814786046e-14 2.96654209208e-14
36720.1423202 3.46850707879e-14 2.65083017085e-14
36743.3682167 3.49424044459e-14 2.40791365365e-14
36766.5941131 3.5306721015e-14 2.34223324544e-14
36789.8200096 3.53402583914e-14 2.42126268105e-14
36813.0459061 3.54703645994e-14 2.65465445974e-14
36836.2718025 3.54314186882e-14 2.9883870571e-14
36859.497699 3.54552164642e-14 3.35761421007e-14
36882.7235955 3.52324869878e-14 3.72767902239e-14
36905.9494919 3.49093032308e-14 4.07872478914e-14
36929.1753884 3.47678419565e-14 4.39262076695e-14
36952.4012849 3.44739307768e-14 4.6360751794e-14
36975.6271814 3.42180339015e-14 4.80764508504e-14
36998.8530778 3.38823273019e-14 4.92271749984e-14
37022.0789743 3.38304185276e-14 4.93722370105e-14
37045.3048708 3.38035154959e-14 4.90138724171e-14
37068.5307672 3.37770625293e-14 4.74450512911e-14
37091.7566637 3.37714278e-14 4.53995737912e-14
37114.9825602 3.3930544219e-14 4.26737277098e-14
37138.2084567 3.4108018996e-14 3.94869273916e-14
37161.4343531 3.43597472545e-14 3.58720574836e-14
37184.6602496 3.42358581461e-14 3.19042834012e-14
37207.8861461 3.46597619421e-14 2.84639732799e-14
37231.1120425 3.45354793789e-14 2.5331341635e-14
37254.337939 3.46525577599e-14 2.32183220969e-14
37277.5638355 3.45715664662e-14 2.27412418355e-14
37300.789732 3.42495030502e-14 2.38973183016e-14
37324.0156284 3.41138343756e-14 2.64389349884e-14
37347.2415249 3.36943174544e-14 2.98084902207e-14
37370.4674214 3.33632429291e-14 3.31684666385e-14
37393.6933178 3.2572085052e-14 3.69195128728e-14
37416.9192143 3.22689039135e-14 4.01552287829e-14
37440.1451108 3.15859032018e-14 4.29604078864e-14
37463.3710072 3.11846676512e-14 4.51675993286e-14
37486.5969037 3.06843083229e-14 4.65627077469e-14
37509.8228002 3.02935093375e-14 4.73846490366e-14
37533.0486967 3.02995168749e-14 4.71571310311e-14
37556.2745931 3.01310612698e-14 4.6500219122e-14
37579.5004896 3.03210556602e-14 4.49301485457e-14
37602.7263861 3.05273624953e-14 4.26237246193e-14
37625.9522825 3.08534674042e-14 3.98241164228e-14
37649.178179 3.11104965279e-14 3.65184439845e-14
37672.4040755 3.16995749844e-14 3.29772042879e-14
37695.629972 3.21100715521e-14 2.93681813967e-14
37718.8558684 3.25568940589e-14 2.61840562547e-14
37742.0817649 3.29208301094e-14 2.35524042574e-14
37765.3076614 3.3207170299e-14 2.24965078932e-14
37788.5335578 3.35023330953e-14 2.28744580083e-14
37811.7594543 3.35850294615e-14 2.4931579745e-14
37834.9853508 3.38097918379e-14 2.77088398247e-14
37858.2112472 3.36218793171e-14 3.14019219946e-14
37881.4371437 3.36164959364e-14 3.48911342444e-14
37904.6630402 3.32385508856e-14 3.84661746415e-14
37927.8889367 3.30942694124e-14 4.14394013228e-14
37951.1148331 3.28143903465e-14 4.41161157349e-14
37974.3407296 3.26630479113e-14 4.60138503947e-14
37997.5666261 3.24593944001e-14 4.7201638295e-14
38020.7925225 3.2338600746e-14 4.76945860988e-14
38044.018419 3.2268452645e-14 4.73679392206e-14
38067.2443155 3.22378857555e-14 4.62607495992e-14
38090.470212 3.22905767529e-14 4.44718941221e-14
38113.6961084 3.25073693597e-14 4.20584600055e-14
38136.9220049 3.25173388561e-14 3.90010594336e-14
38160.1479014 3.2810548884e-14 3.55676425234e-14
38183.3737978 3.29247372688e-14 3.19215622578e-14
38206.5996943 3.30890212257e-14 2.82764589219e-14
38229.8255908 3.31039492444e-14 2.52020781767e-14
38253.0514872 3.31406312132e-14 2.28765455884e-14
38276.2773837 3.30527110323e-14 2.19806760272e-14
38299.5032802 3.28473722663e-14 2.27077230737e-14
38322.7291767 3.25624905043e-14 2.47014407534e-14
38345.9550731 3.22002493461e-14 2.77036407424e-14
38369.1809696 3.17327604908e-14 3.11591154701e-14
38392.4068661 3.12348665284e-14 3.46339634067e-14
38415.6327625 3.07180576974e-14 3.79069302823e-14
38438.858659 3.01864959825e-14 4.07323883229e-14
38462.0845555 2.96805192338e-14 4.30700691595e-14
38485.310452 2.93094447868e-14 4.46461707782e-14
38508.5363484 2.89495526536e-14 4.56236416937e-14
38531.7622449 2.87936500883e-14 4.57786583095e-14
38554.9881414 2.87036570825e-14 4.52108701958e-14
38578.2140378 2.88306790215e-14 4.38924516922e-14
38601.4399343 2.90137533223e-14 4.19198837313e-14
38624.6658308 2.93450281112e-14 3.92957469107e-14
38647.8917273 2.97384850686e-14 3.62380513897e-14
38671.1176237 3.01561959146e-14 3.28167336629e-14
38694.3435202 3.06308244474e-14 2.92897803491e-14
38717.5694167 3.10584039015e-14 2.60227183729e-14
38740.7953131 3.14621769429e-14 2.33750564582e-14
38764.0212096 3.17877061993e-14 2.1854791344e-14
38787.2471061 3.20278173251e-14 2.18794549693e-14
38810.4730025 3.21559029348e-14 2.3380308764e-14
38833.698899 3.22195101326e-14 2.60340311993e-14
38856.9247955 3.21814095487e-14 2.9344961705e-14
38880.150692 3.20658948876e-14 3.28764049109e-14
38903.3765884 3.19031521122e-14 3.63170809683e-14
38926.6024849 3.16950087403e-14 3.94506722212e-14
38949.8283814 3.14712690004e-14 4.20942004812e-14
38973.0542778 3.12650167551e-14 4.41504848338e-14
38996.2801743 3.1081822432e-14 4.55310301884e-14
39019.5060708 3.09553362367e-14 4.61852935415e-14
39042.7319673 3.0883982715e-14 4.60810503907e-14
39065.9578637 3.08985214577e-14 4.52494415931e-14
39089.1837602 3.09687860485e-14 4.36810257378e-14
39112.4096567 3.10987714725e-14 4.14734502436e-14
39135.6355531 3.126733615e-14 3.86918234775e-14
39158.8614496 3.14428607971e-14 3.54654365067e-14
39182.0873461 3.16178465696e-14 3.19752039114e-14
39205.3132425 3.17674278484e-14 2.84422808868e-14
39228.539139 3.18582225816e-14 2.52302630237e-14
39251.7650355 3.18817829535e-14 2.27486461462e-14
39274.990932 3.18228858019e-14 2.14987613585e-14
39298.2168284 3.16611567996e-14 2.17573213215e-14
39321.4427249 3.14147064664e-14 2.34605169407e-14
39344.6686214 3.10814125596e-14 2.61844686811e-14
39367.8945178 3.06764170426e-14 2.94607787275e-14
39391.1204143 3.02161854876e-14 3.28717914929e-14
39414.3463108 2.9726844667e-14 3.61339306859e-14
39437.5722073 2.92447628754e-14 3.90399994922e-14
39460.7981037 2.87868446621e-14 4.14323235023e-14
39484.0240002 2.84030880978e-14 4.32115818783e-14
39507.2498967 2.81094141876e-14 4.43127375676e-14
39530.4757931 2.79313201957e-14 4.4687710651e-14
39553.7016896 2.78731321376e-14 4.4332745445e-14
39576.9275861 2.79511722066e-14 4.32516715751e-14
39600.1534826 2.81485555289e-14 4.14828088841e-14
39623.379379 2.84467470063e-14 3.91051979166e-14
39646.6052755 2.88175247284e-14 3.62101504124e-14
39669.831172 2.92303615243e-14 3.29495783502e-14
39693.0570684 2.96561189983e-14 2.95245396195e-14
39716.2829649 3.00654538458e-14 2.62185910857e-14
39739.5088614 3.04291877498e-14 2.34102055442e-14
39762.7347578 3.07257476775e-14 2.15798477011e-14
39785.9606543 3.09396069782e-14 2.11515985339e-14
39809.1865508 3.10656578238e-14 2.22394316637e-14
39832.4124473 3.10957074188e-14 2.45678117617e-14
39855.6383437 3.10443782836e-14 2.76662397095e-14
39878.8642402 3.09175759793e-14 3.10926636897e-14
39902.0901367 3.07315150024e-14 3.45067499787e-14
39925.3160331 3.0510908035e-14 3.76670738435e-14
39948.5419296 3.02752206018e-14 4.03963213938e-14
39971.7678261 3.00561041084e-14 4.25762626197e-14
39994.9937226 2.98714771676e-14 4.41110459117e-14
40018.219619 2.97416512042e-14 4.49485622134e-14
40041.4455155 2.96824621622e-14 4.50566179028e-14
40064.671412 2.96959212827e-14 4.44309666842e-14
40087.8973084 2.97789312333e-14 4.30947203049e-14
40111.1232049 2.99209691904e-14 4.11042930422e-14
40134.3491014 3.01087952368e-14 3.85327204435e-14
40157.5749978 3.03200478156e-14 3.54868367125e-14
40180.8008943 3.05294223397e-14 3.21283520046e-14
40204.0267908 3.07143836324e-14 2.86755794756e-14
40227.2526873 3.08509491412e-14 2.54304780936e-14
40250.4785837 3.09186193549e-14 2.27977187898e-14
40273.7044802 3.09059252373e-14 2.12479204976e-14
40296.9303767 3.0804548892e-14 2.11474782808e-14
40320.1562731 3.06149192411e-14 2.25139630129e-14
40343.3821696 3.034056547e-14 2.49978123049e-14
40366.6080661 2.99945358109e-14 2.8125903539e-14
40389.8339626 2.95960200155e-14 3.14830306643e-14
40413.059859 2.91674423392e-14 3.47560565172e-14
40436.2857555 2.87342438659e-14 3.77223820986e-14
40459.511652 2.83271614336e-14 4.02234935665e-14
40482.7375484 2.79787025505e-14 4.21456863797e-14
40505.9634449 2.77159008476e-14 4.34150384147e-14
40529.1893414 2.7554514042e-14 4.39786695365e-14
40552.4152378 2.7509814558e-14 4.38225696985e-14
40575.6411343 2.75801111434e-14 4.29481245446e-14
40598.8670308 2.77600626966e-14 4.13887086389e-14
40622.0929273 2.8029909004e-14 3.92011351608e-14
40645.3188237 2.83689173941e-14 3.64792087721e-14
40668.5447202 2.87461631825e-14 3.33514505771e-14
40691.7706167 2.91326321308e-14 3.00003541093e-14
40714.9965131 2.94970117039e-14 2.66747395592e-14
40738.2224096 2.98145433158e-14 2.37245080647e-14
40761.4483061 3.0065947603e-14 2.15974137473e-14
40784.6742026 3.0237030668e-14 2.07496951596e-14
40807.900099 3.03188590306e-14 2.1405999302e-14
40831.1259955 3.03119490947e-14 2.33931825819e-14
40854.351892 3.02194504098e-14 2.62740897139e-14
40877.5777884 3.00555509821e-14 2.95893930818e-14
40900.8036849 2.98358995585e-14 3.29763431626e-14
40924.0295814 2.95852075589e-14 3.61717823251e-14
40947.2554779 2.93267384164e-14 3.89884452663e-14
40970.4813743 2.90868632586e-14 4.12892368668e-14
40993.7072708 2.88883099874e-14 4.29776120649e-14
41016.9331673 2.87515511921e-14 4.39903861762e-14
41040.1590637 2.86896043776e-14 4.42916882361e-14
41063.3849602 2.8709302306e-14 4.38723275479e-14
41086.6108567 2.88077444031e-14 4.27449809127e-14
41109.8367531 2.89753104439e-14 4.09510037992e-14
41133.0626496 2.91957065477e-14 3.85602388275e-14
41156.2885461 2.94459135023e-14 3.56760688339e-14
41179.5144426 2.97016220196e-14 3.24423309599e-14
41202.740339 2.99372685418e-14 2.90541736637e-14
41225.9662355 3.01305427565e-14 2.57904976646e-14
41249.192132 3.02621562101e-14 2.30265881289e-14
41272.4180284 3.03165516264e-14 2.12247914065e-14
41295.6439249 3.02856516307e-14 2.07927878715e-14
41318.8698214 3.01657467887e-14 2.1843057519e-14
41342.0957179 2.99616670211e-14 2.40992386408e-14
41365.3216143 2.96854731979e-14 2.71004236137e-14
41388.5475108 2.93544029669e-14 3.04147248847e-14
41411.7734073 2.89905907498e-14 3.37105889264e-14
41434.9993037 2.86179341605e-14 3.67512528104e-14
41458.2252002 2.82655161241e-14 3.9365581688e-14
41481.4510967 2.79604706044e-14 4.14339928051e-14
41504.6769931 2.77295883928e-14 4.2870978134e-14
41527.9028896 2.75908354623e-14 4.36207346297e-14
41551.1287861 2.75540677733e-14 4.36568251497e-14
41574.3546826 2.76202260802e-14 4.29773144567e-14
41597.580579 2.77833052538e-14 4.16078290823e-14
41620.8064755 2.80284196811e-14 3.95975508005e-14
41644.032372 2.83324005322e-14 3.70285550673e-14
41667.2582684 2.86668793936e-14 3.40176013368e-14
41690.4841649 2.9003639372e-14 3.07283726074e-14
41713.7100614 2.93171531795e-14 2.73848666324e-14
41736.9359579 2.95827798732e-14 2.4302232618e-14
41760.1618543 2.97820775796e-14 2.19021214789e-14
41783.3877508 2.98999012189e-14 2.06541979411e-14
41806.6136473 2.99280097325e-14 2.08739548264e-14
41829.8395437 2.98664152891e-14 2.25016985663e-14
41853.0654402 2.97227553281e-14 2.51511025708e-14
41876.2913367 2.95100497385e-14 2.83525669961e-14
41899.5172332 2.92475251987e-14 3.17169517945e-14
41922.7431296 2.89568582916e-14 3.4955442107e-14
41945.9690261 2.86633882407e-14 3.78625843866e-14
41969.1949226 2.83935326614e-14 4.0290936578e-14
41992.420819 2.81726716546e-14 4.21361797685e-14
42015.6467155 2.80222513206e-14 4.33257588575e-14
42038.872612 2.79587753948e-14 4.38158214832e-14
42062.0985084 2.79871595592e-14 4.3588757613e-14
42085.3244049 2.81058753651e-14 4.26531278723e-14
42108.5503014 2.83032529556e-14 4.10425316107e-14
42131.7761979 2.85625782775e-14 3.88212835764e-14
42155.0020943 2.88613088563e-14 3.60801243746e-14
42178.2279908 2.9173148259e-14 3.29507869196e-14
42201.4538873 2.94710492037e-14 2.96155305932e-14
42224.6797837 2.97311129432e-14 2.63309938047e-14
42247.9056802 2.99325676141e-14 2.34476688265e-14
42271.1315767 3.00604333472e-14 2.14141968438e-14
