# 1:freq 2:Re 3:Im
23.2258964707 0.0 0.0
46.4517929414 0.0 0.0
69.6776894121 0.0 0.0
92.9035858828 0.0 0.0
116.129482354 0.0 0.0
139.355378824 0.0 0.0
162.581275295 0.0 0.0
185.807171766 0.0 0.0
209.033068236 0.0 0.0
232.258964707 0.0 0.0
255.484861178 0.0 0.0
278.710757648 0.0 0.0
301.936654119 0.0 0.0
325.16255059 0.0 0.0
348.388447061 0.0 0.0
371.614343531 0.0 0.0
394.840240002 0.0 0.0
418.066136473 0.0 0.0
441.292032943 0.0 0.0
464.517929414 0.0 0.0
487.743825885 0.0 0.0
510.969722355 0.0 0.0
534.195618826 0.0 0.0
557.421515297 0.0 0.0
580.647411768 0.0 0.0
603.873308238 0.0 0.0
627.099204709 0.0 0.0
650.32510118 0.0 0.0
673.55099765 0.0 0.0
696.776894121 0.0 0.0
720.002790592 0.0 0.0
743.228687063 0.0 0.0
766.454583533 0.0 0.0
789.680480004 0.0 0.0
812.906376475 0.0 0.0
836.132272945 0.0 0.0
859.358169416 0.0 0.0
882.584065887 0.0 0.0
905.809962357 0.0 0.0
929.035858828 0.0 0.0
952.261755299 0.0 0.0
975.48765177 0.0 0.0
998.71354824 0.0 0.0
1021.93944471 0.0 0.0
1045.16534118 0.0 0.0
1068.39123765 0.0 0.0
1091.61713412 0.0 0.0
1114.84303059 0.0 0.0
1138.06892706 0.0 0.0
1161.29482354 0.0 0.0
1184.52072001 0.0 0.0
1207.74661648 0.0 0.0
1230.97251295 0.0 0.0
1254.19840942 0.0 0.0
1277.42430589 0.0 0.0
1300.65020236 0.0 0.0
1323.87609883 0.0 0.0
1347.1019953 0.0 0.0
1370.32789177 0.0 0.0
1393.55378824 0.0 0.0
1416.77968471 0.0 0.0
1440.00558118 0.0 0.0
1463.23147765 0.0 0.0
1486.45737413 0.0 0.0
1509.6832706 0.0 0.0
1532.90916707 0.0 0.0
1556.13506354 0.0 0.0
1579.36096001 0.0 0.0
1602.58685648 0.0 0.0
1625.81275295 0.0 0.0
1649.03864942 0.0 0.0
1672.26454589 0.0 0.0
1695.49044236 0.0 0.0
1718.71633883 0.0 0.0
1741.9422353 0.0 0.0
1765.16813177 0.0 0.0
1788.39402824 0.0 0.0
1811.61992471 0.0 0.0
1834.84582119 0.0 0.0
1858.07171766 0.0 0.0
1881.29761413 0.0 0.0
1904.5235106 0.0 0.0
1927.74940707 0.0 0.0
1950.97530354 0.0 0.0
1974.20120001 0.0 0.0
1997.42709648 0.0 0.0
2020.65299295 0.0 0.0
2043.87888942 0.0 0.0
2067.10478589 0.0 0.0
2090.33068236 0.0 0.0
2113.55657883 0.0 0.0
2136.7824753 0.0 0.0
2160.00837178 0.0 0.0
2183.23426825 0.0 0.0
2206.46016472 0.0 0.0
2229.68606119 0.0 0.0
2252.91195766 0.0 0.0
2276.13785413 0.0 0.0
2299.3637506 0.0 0.0
2322.58964707 0.0 0.0
2345.81554354 0.0 0.0
2369.04144001 0.0 0.0
2392.26733648 0.0 0.0
2415.49323295 0.0 0.0
2438.71912942 0.0 0.0
2461.94502589 0.0 0.0
2485.17092237 0.0 0.0
2508.39681884 0.0 0.0
2531.62271531 0.0 0.0
2554.84861178 0.0 0.0
2578.07450825 0.0 0.0
2601.30040472 0.0 0.0
2624.52630119 0.0 0.0
2647.75219766 0.0 0.0
2670.97809413 0.0 0.0
2694.2039906 0.0 0.0
2717.42988707 0.0 0.0
2740.65578354 0.0 0.0
2763.88168001 0.0 0.0
2787.10757648 0.0 0.0
2810.33347296 0.0 0.0
2833.55936943 0.0 0.0
2856.7852659 0.0 0.0
2880.01116237 0.0 0.0
2903.23705884 0.0 0.0
2926.46295531 0.0 0.0
2949.68885178 0.0 0.0
2972.91474825 0.0 0.0
2996.14064472 0.0 0.0
3019.36654119 0.0 0.0
3042.59243766 0.0 0.0
3065.81833413 0.0 0.0
3089.0442306 0.0 0.0
3112.27012707 0.0 0.0
3135.49602355 0.0 0.0
3158.72192002 0.0 0.0
3181.94781649 0.0 0.0
3205.17371296 0.0 0.0
3228.39960943 0.0 0.0
3251.6255059 0.0 0.0
3274.85140237 0.0 0.0
3298.07729884 0.0 0.0
3321.30319531 0.0 0.0
3344.52909178 0.0 0.0
3367.75498825 0.0 0.0
3390.98088472 0.0 0.0
3414.20678119 0.0 0.0
3437.43267766 0.0 0.0
3460.65857413 0.0 0.0
3483.88447061 0.0 0.0
3507.11036708 0.0 0.0
3530.33626355 0.0 0.0
3553.56216002 0.0 0.0
3576.78805649 0.0 0.0
3600.01395296 0.0 0.0
3623.23984943 0.0 0.0
3646.4657459 0.0 0.0
3669.69164237 0.0 0.0
3692.91753884 0.0 0.0
3716.14343531 0.0 0.0
3739.36933178 0.0 0.0
3762.59522825 0.0 0.0
3785.82112472 0.0 0.0
3809.0470212 0.0 0.0
3832.27291767 0.0 0.0
3855.49881414 0.0 0.0
3878.72471061 0.0 0.0
3901.95060708 0.0 0.0
3925.17650355 0.0 0.0
3948.40240002 0.0 0.0
3971.62829649 0.0 0.0
3994.85419296 0.0 0.0
4018.08008943 0.0 0.0
4041.3059859 0.0 0.0
4064.53188237 0.0 0.0
4087.75777884 0.0 0.0
4110.98367531 0.0 0.0
4134.20957179 0.0 0.0
4157.43546826 0.0 0.0
4180.66136473 0.0 0.0
4203.8872612 0.0 0.0
4227.11315767 0.0 0.0
4250.33905414 0.0 0.0
4273.56495061 0.0 0.0
4296.79084708 0.0 0.0
4320.01674355 0.0 0.0
4343.24264002 0.0 0.0
4366.46853649 0.0 0.0
4389.69443296 0.0 0.0
4412.92032943 0.0 0.0
4436.1462259 0.0 0.0
4459.37212238 0.0 0.0
4482.59801885 0.0 0.0
4505.82391532 0.0 0.0
4529.04981179 0.0 0.0
4552.27570826 0.0 0.0
4575.50160473 0.0 0.0
4598.7275012 0.0 0.0
4621.95339767 0.0 0.0
4645.17929414 0.0 0.0
4668.40519061 0.0 0.0
4691.63108708 0.0 0.0
4714.85698355 0.0 0.0
4738.08288002 0.0 0.0
4761.30877649 0.0 0.0
4784.53467297 0.0 0.0
4807.76056944 0.0 0.0
4830.98646591 0.0 0.0
4854.21236238 0.0 0.0
4877.43825885 0.0 0.0
4900.66415532 0.0 0.0
4923.89005179 0.0 0.0
4947.11594826 0.0 0.0
4970.34184473 0.0 0.0
4993.5677412 0.0 0.0
5016.79363767 0.0 0.0
5040.01953414 0.0 0.0
5063.24543061 0.0 0.0
5086.47132708 0.0 0.0
5109.69722355 0.0 0.0
5132.92312003 0.0 0.0
5156.1490165 0.0 0.0
5179.37491297 0.0 0.0
5202.60080944 0.0 0.0
5225.82670591 0.0 0.0
5249.05260238 0.0 0.0
5272.27849885 0.0 0.0
5295.50439532 0.0 0.0
5318.73029179 0.0 0.0
5341.95618826 0.0 0.0
5365.18208473 0.0 0.0
5388.4079812 0.0 0.0
5411.63387767 0.0 0.0
5434.85977414 0.0 0.0
5458.08567062 0.0 0.0
5481.31156709 0.0 0.0
5504.53746356 0.0 0.0
5527.76336003 0.0 0.0
5550.9892565 0.0 0.0
5574.21515297 0.0 0.0
5597.44104944 0.0 0.0
5620.66694591 0.0 0.0
5643.89284238 0.0 0.0
5667.11873885 0.0 0.0
5690.34463532 0.0 0.0
5713.57053179 0.0 0.0
5736.79642826 0.0 0.0
5760.02232473 0.0 0.0
5783.24822121 0.0 0.0
5806.47411768 0.0 0.0
5829.70001415 0.0 0.0
5852.92591062 0.0 0.0
5876.15180709 0.0 0.0
5899.37770356 0.0 0.0
5922.60360003 0.0 0.0
5945.8294965 0.0 0.0
5969.05539297 0.0 0.0
5992.28128944 0.0 0.0
6015.50718591 0.0 0.0
6038.73308238 0.0 0.0
6061.95897885 0.0 0.0
6085.18487532 0.0 0.0
6108.4107718 0.0 0.0
6131.63666827 0.0 0.0
6154.86256474 0.0 0.0
6178.08846121 0.0 0.0
6201.31435768 0.0 0.0
6224.54025415 0.0 0.0
6247.76615062 0.0 0.0
6270.99204709 0.0 0.0
6294.21794356 0.0 0.0
6317.44384003 0.0 0.0
6340.6697365 0.0 0.0
6363.89563297 0.0 0.0
6387.12152944 0.0 0.0
6410.34742591 0.0 0.0
6433.57332239 0.0 0.0
6456.79921886 0.0 0.0
6480.02511533 0.0 0.0
6503.2510118 0.0 0.0
6526.47690827 0.0 0.0
6549.70280474 0.0 0.0
6572.92870121 0.0 0.0
6596.15459768 0.0 0.0
6619.38049415 0.0 0.0
6642.60639062 0.0 0.0
6665.83228709 0.0 0.0
6689.05818356 0.0 0.0
6712.28408003 0.0 0.0
6735.5099765 0.0 0.0
6758.73587297 0.0 0.0
6781.96176945 0.0 0.0
6805.18766592 0.0 0.0
6828.41356239 0.0 0.0
6851.63945886 0.0 0.0
6874.86535533 0.0 0.0
6898.0912518 0.0 0.0
6921.31714827 0.0 0.0
6944.54304474 0.0 0.0
6967.76894121 0.0 0.0
6990.99483768 0.0 0.0
7014.22073415 0.0 0.0
7037.44663062 0.0 0.0
7060.67252709 0.0 0.0
7083.89842356 0.0 0.0
7107.12432004 0.0 0.0
7130.35021651 0.0 0.0
7153.57611298 0.0 0.0
7176.80200945 0.0 0.0
7200.02790592 0.0 0.0
7223.25380239 0.0 0.0
7246.47969886 0.0 0.0
7269.70559533 0.0 0.0
7292.9314918 0.0 0.0
7316.15738827 0.0 0.0
7339.38328474 0.0 0.0
7362.60918121 0.0 0.0
7385.83507768 0.0 0.0
7409.06097415 0.0 0.0
7432.28687063 0.0 0.0
7455.5127671 0.0 0.0
7478.73866357 0.0 0.0
7501.96456004 0.0 0.0
7525.19045651 0.0 0.0
7548.41635298 0.0 0.0
7571.64224945 0.0 0.0
7594.86814592 0.0 0.0
7618.09404239 0.0 0.0
7641.31993886 0.0 0.0
7664.54583533 0.0 0.0
7687.7717318 0.0 0.0
7710.99762827 0.0 0.0
7734.22352474 0.0 0.0
7757.44942122 0.0 0.0
7780.67531769 0.0 0.0
7803.90121416 0.0 0.0
7827.12711063 0.0 0.0
7850.3530071 0.0 0.0
7873.57890357 0.0 0.0
7896.80480004 0.0 0.0
7920.03069651 0.0 0.0
7943.25659298 0.0 0.0
7966.48248945 0.0 0.0
7989.70838592 0.0 0.0
8012.93428239 0.0 0.0
8036.16017886 0.0 0.0
8059.38607533 0.0 0.0
8082.6119718 0.0 0.0
8105.83786828 0.0 0.0
8129.06376475 0.0 0.0
8152.28966122 0.0 0.0
8175.51555769 0.0 0.0
8198.74145416 0.0 0.0
8221.96735063 0.0 0.0
8245.1932471 0.0 0.0
8268.41914357 0.0 0.0
8291.64504004 0.0 0.0
8314.87093651 0.0 0.0
8338.09683298 0.0 0.0
8361.32272945 0.0 0.0
8384.54862592 0.0 0.0
8407.77452239 0.0 0.0
8431.00041887 0.0 0.0
8454.22631534 0.0 0.0
8477.45221181 0.0 0.0
8500.67810828 0.0 0.0
8523.90400475 0.0 0.0
8547.12990122 0.0 0.0
8570.35579769 0.0 0.0
8593.58169416 0.0 0.0
8616.80759063 0.0 0.0
8640.0334871 0.0 0.0
8663.25938357 0.0 0.0
8686.48528004 0.0 0.0
8709.71117651 0.0 0.0
8732.93707298 0.0 0.0
8756.16296946 0.0 0.0
8779.38886593 0.0 0.0
8802.6147624 0.0 0.0
8825.84065887 0.0 0.0
8849.06655534 0.0 0.0
8872.29245181 0.0 0.0
8895.51834828 0.0 0.0
8918.74424475 0.0 0.0
8941.97014122 0.0 0.0
8965.19603769 0.0 0.0
8988.42193416 0.0 0.0
9011.64783063 0.0 0.0
9034.8737271 0.0 0.0
9058.09962357 0.0 0.0
9081.32552005 0.0 0.0
9104.55141652 0.0 0.0
9127.77731299 0.0 0.0
9151.00320946 0.0 0.0
9174.22910593 0.0 0.0
9197.4550024 0.0 0.0
9220.68089887 0.0 0.0
9243.90679534 0.0 0.0
9267.13269181 0.0 0.0
9290.35858828 0.0 0.0
9313.58448475 0.0 0.0
9336.81038122 0.0 0.0
9360.03627769 0.0 0.0
9383.26217416 0.0 0.0
9406.48807064 0.0 0.0
9429.71396711 0.0 0.0
9452.93986358 0.0 0.0
9476.16576005 0.0 0.0
9499.39165652 0.0 0.0
9522.61755299 0.0 0.0
9545.84344946 0.0 0.0
9569.06934593 0.0 0.0
9592.2952424 0.0 0.0
9615.52113887 0.0 0.0
9638.74703534 0.0 0.0
9661.97293181 0.0 0.0
9685.19882828 0.0 0.0
9708.42472475 0.0 0.0
9731.65062122 0.0 0.0
9754.8765177 0.0 0.0
9778.10241417 0.0 0.0
9801.32831064 0.0 0.0
9824.55420711 0.0 0.0
9847.78010358 0.0 0.0
9871.00600005 0.0 0.0
9894.23189652 0.0 0.0
9917.45779299 0.0 0.0
9940.68368946 0.0 0.0
9963.90958593 0.0 0.0
9987.1354824 0.0 0.0
10010.3613789 0.0 0.0
10033.5872753 0.0 0.0
10056.8131718 0.0 0.0
10080.0390683 0.0 0.0
10103.2649648 0.0 0.0
10126.4908612 0.0 0.0
10149.7167577 0.0 0.0
10172.9426542 0.0 0.0
10196.1685506 0.0 0.0
10219.3944471 0.0 0.0
10242.6203436 0.0 0.0
10265.8462401 0.0 0.0
10289.0721365 0.0 0.0
10312.298033 0.0 0.0
10335.5239295 0.0 0.0
10358.7498259 0.0 0.0
10381.9757224 0.0 0.0
10405.2016189 0.0 0.0
10428.4275153 0.0 0.0
10451.6534118 0.0 0.0
10474.8793083 0.0 0.0
10498.1052048 0.0 0.0
10521.3311012 0.0 0.0
10544.5569977 0.0 0.0
10567.7828942 0.0 0.0
10591.0087906 0.0 0.0
10614.2346871 0.0 0.0
10637.4605836 0.0 0.0
10660.6864801 0.0 0.0
10683.9123765 0.0 0.0
10707.138273 0.0 0.0
10730.3641695 0.0 0.0
10753.5900659 0.0 0.0
10776.8159624 0.0 0.0
10800.0418589 0.0 0.0
10823.2677553 0.0 0.0
10846.4936518 0.0 0.0
10869.7195483 0.0 0.0
10892.9454448 0.0 0.0
10916.1713412 0.0 0.0
10939.3972377 0.0 0.0
10962.6231342 0.0 0.0
10985.8490306 0.0 0.0
11009.0749271 0.0 0.0
11032.3008236 0.0 0.0
11055.5267201 0.0 0.0
11078.7526165 0.0 0.0
11101.978513 0.0 0.0
11125.2044095 0.0 0.0
11148.4303059 0.0 0.0
11171.6562024 0.0 0.0
11194.8820989 0.0 0.0
11218.1079954 0.0 0.0
11241.3338918 0.0 0.0
11264.5597883 0.0 0.0
11287.7856848 0.0 0.0
11311.0115812 0.0 0.0
11334.2374777 0.0 0.0
11357.4633742 0.0 0.0
11380.6892706 0.0 0.0
11403.9151671 0.0 0.0
11427.1410636 0.0 0.0
11450.3669601 0.0 0.0
11473.5928565 0.0 0.0
11496.818753 0.0 0.0
11520.0446495 0.0 0.0
11543.2705459 0.0 0.0
11566.4964424 0.0 0.0
11589.7223389 0.0 0.0
11612.9482354 0.0 0.0
11636.1741318 0.0 0.0
11659.4000283 0.0 0.0
11682.6259248 0.0 0.0
11705.8518212 0.0 0.0
11729.0777177 0.0 0.0
11752.3036142 0.0 0.0
11775.5295106 0.0 0.0
11798.7554071 0.0 0.0
11821.9813036 0.0 0.0
11845.2072001 0.0 0.0
11868.4330965 0.0 0.0
11891.658993 0.0 0.0
11914.8848895 0.0 0.0
11938.1107859 0.0 0.0
11961.3366824 0.0 0.0
11984.5625789 0.0 0.0
12007.7884754 0.0 0.0
12031.0143718 0.0 0.0
12054.2402683 0.0 0.0
12077.4661648 0.0 0.0
12100.6920612 0.0 0.0
12123.9179577 0.0 0.0
12147.1438542 0.0 0.0
12170.3697506 0.0 0.0
12193.5956471 0.0 0.0
12216.8215436 0.0 0.0
12240.0474401 0.0 0.0
12263.2733365 0.0 0.0
12286.499233 0.0 0.0
12309.7251295 0.0 0.0
12332.9510259 0.0 0.0
12356.1769224 0.0 0.0
12379.4028189 0.0 0.0
12402.6287154 0.0 0.0
12425.8546118 0.0 0.0
12449.0805083 0.0 0.0
12472.3064048 0.0 0.0
12495.5323012 0.0 0.0
12518.7581977 0.0 0.0
12541.9840942 0.0 0.0
12565.2099907 0.0 0.0
12588.4358871 0.0 0.0
12611.6617836 0.0 0.0
12634.8876801 0.0 0.0
12658.1135765 0.0 0.0
12681.339473 0.0 0.0
12704.5653695 0.0 0.0
12727.7912659 0.0 0.0
12751.0171624 0.0 0.0
12774.2430589 0.0 0.0
12797.4689554 0.0 0.0
12820.6948518 0.0 0.0
12843.9207483 0.0 0.0
12867.1466448 0.0 0.0
12890.3725412 0.0 0.0
12913.5984377 0.0 0.0
12936.8243342 0.0 0.0
12960.0502307 0.0 0.0
12983.2761271 0.0 0.0
13006.5020236 0.0 0.0
13029.7279201 0.0 0.0
13052.9538165 0.0 0.0
13076.179713 0.0 0.0
13099.4056095 0.0 0.0
13122.6315059 0.0 0.0
13145.8574024 0.0 0.0
13169.0832989 0.0 0.0
13192.3091954 0.0 0.0
13215.5350918 0.0 0.0
13238.7609883 0.0 0.0
13261.9868848 0.0 0.0
13285.2127812 0.0 0.0
13308.4386777 0.0 0.0
13331.6645742 0.0 0.0
13354.8904707 0.0 0.0
13378.1163671 0.0 0.0
13401.3422636 0.0 0.0
13424.5681601 0.0 0.0
13447.7940565 0.0 0.0
13471.019953 0.0 0.0
13494.2458495 0.0 0.0
13517.4717459 0.0 0.0
13540.6976424 0.0 0.0
13563.9235389 0.0 0.0
13587.1494354 0.0 0.0
13610.3753318 0.0 0.0
13633.6012283 0.0 0.0
13656.8271248 0.0 0.0
13680.0530212 0.0 0.0
13703.2789177 0.0 0.0
13726.5048142 0.0 0.0
13749.7307107 0.0 0.0
13772.9566071 0.0 0.0
13796.1825036 0.0 0.0
13819.4084001 0.0 0.0
13842.6342965 0.0 0.0
13865.860193 0.0 0.0
13889.0860895 0.0 0.0
13912.311986 0.0 0.0
13935.5378824 0.0 0.0
13958.7637789 0.0 0.0
13981.9896754 0.0 0.0
14005.2155718 0.0 0.0
14028.4414683 0.0 0.0
14051.6673648 0.0 0.0
14074.8932612 0.0 0.0
14098.1191577 0.0 0.0
14121.3450542 0.0 0.0
14144.5709507 0.0 0.0
14167.7968471 0.0 0.0
14191.0227436 0.0 0.0
14214.2486401 0.0 0.0
14237.4745365 0.0 0.0
14260.700433 0.0 0.0
14283.9263295 0.0 0.0
14307.152226 0.0 0.0
14330.3781224 0.0 0.0
14353.6040189 0.0 0.0
14376.8299154 0.0 0.0
14400.0558118 0.0 0.0
14423.2817083 0.0 0.0
14446.5076048 0.0 0.0
14469.7335012 0.0 0.0
14492.9593977 0.0 0.0
14516.1852942 0.0 0.0
14539.4111907 0.0 0.0
14562.6370871 0.0 0.0
14585.8629836 0.0 0.0
14609.0888801 0.0 0.0
14632.3147765 0.0 0.0
14655.540673 0.0 0.0
14678.7665695 0.0 0.0
14701.992466 0.0 0.0
14725.2183624 0.0 0.0
14748.4442589 0.0 0.0
14771.6701554 0.0 0.0
14794.8960518 0.0 0.0
14818.1219483 0.0 0.0
14841.3478448 0.0 0.0
14864.5737413 0.0 0.0
14887.7996377 0.0 0.0
14911.0255342 0.0 0.0
14934.2514307 0.0 0.0
14957.4773271 0.0 0.0
14980.7032236 0.0 0.0
15003.9291201 0.0 0.0
15027.1550165 0.0 0.0
15050.380913 0.0 0.0
15073.6068095 0.0 0.0
15096.832706 0.0 0.0
15120.0586024 0.0 0.0
15143.2844989 0.0 0.0
15166.5103954 0.0 0.0
15189.7362918 0.0 0.0
15212.9621883 0.0 0.0
15236.1880848 0.0 0.0
15259.4139813 0.0 0.0
15282.6398777 0.0 0.0
15305.8657742 0.0 0.0
15329.0916707 0.0 0.0
15352.3175671 0.0 0.0
15375.5434636 0.0 0.0
15398.7693601 0.0 0.0
15421.9952565 0.0 0.0
15445.221153 0.0 0.0
15468.4470495 0.0 0.0
15491.672946 0.0 0.0
15514.8988424 0.0 0.0
15538.1247389 0.0 0.0
15561.3506354 0.0 0.0
15584.5765318 0.0 0.0
15607.8024283 0.0 0.0
15631.0283248 0.0 0.0
15654.2542213 0.0 0.0
15677.4801177 0.0 0.0
15700.7060142 0.0 0.0
15723.9319107 0.0 0.0
15747.1578071 0.0 0.0
15770.3837036 0.0 0.0
15793.6096001 0.0 0.0
15816.8354965 0.0 0.0
15840.061393 0.0 0.0
15863.2872895 0.0 0.0
15886.513186 0.0 0.0
15909.7390824 0.0 0.0
15932.9649789 0.0 0.0
15956.1908754 0.0 0.0
15979.4167718 0.0 0.0
16002.6426683 0.0 0.0
16025.8685648 0.0 0.0
16049.0944613 0.0 0.0
16072.3203577 0.0 0.0
16095.5462542 0.0 0.0
16118.7721507 0.0 0.0
16141.9980471 0.0 0.0
16165.2239436 0.0 0.0
16188.4498401 0.0 0.0
16211.6757366 0.0 0.0
16234.901633 0.0 0.0
16258.1275295 0.0 0.0
16281.353426 0.0 0.0
16304.5793224 0.0 0.0
16327.8052189 0.0 0.0
16351.0311154 0.0 0.0
16374.2570118 0.0 0.0
16397.4829083 0.0 0.0
16420.7088048 0.0 0.0
16443.9347013 0.0 0.0
16467.1605977 0.0 0.0
16490.3864942 0.0 0.0
16513.6123907 0.0 0.0
16536.8382871 0.0 0.0
16560.0641836 0.0 0.0
16583.2900801 0.0 0.0
16606.5159766 0.0 0.0
16629.741873 0.0 0.0
16652.9677695 0.0 0.0
16676.193666 0.0 0.0
16699.4195624 0.0 0.0
16722.6454589 0.0 0.0
16745.8713554 0.0 0.0
16769.0972518 0.0 0.0
16792.3231483 0.0 0.0
16815.5490448 0.0 0.0
16838.7749413 0.0 0.0
16862.0008377 0.0 0.0
16885.2267342 0.0 0.0
16908.4526307 0.0 0.0
16931.6785271 0.0 0.0
16954.9044236 0.0 0.0
16978.1303201 0.0 0.0
17001.3562166 0.0 0.0
17024.582113 0.0 0.0
17047.8080095 0.0 0.0
17071.033906 0.0 0.0
17094.2598024 0.0 0.0
17117.4856989 0.0 0.0
17140.7115954 0.0 0.0
17163.9374919 0.0 0.0
17187.1633883 0.0 0.0
17210.3892848 0.0 0.0
17233.6151813 0.0 0.0
17256.8410777 0.0 0.0
17280.0669742 0.0 0.0
17303.2928707 0.0 0.0
17326.5187671 0.0 0.0
17349.7446636 0.0 0.0
17372.9705601 0.0 0.0
17396.1964566 0.0 0.0
17419.422353 0.0 0.0
17442.6482495 0.0 0.0
17465.874146 0.0 0.0
17489.1000424 0.0 0.0
17512.3259389 0.0 0.0
17535.5518354 0.0 0.0
17558.7777319 0.0 0.0
17582.0036283 0.0 0.0
17605.2295248 0.0 0.0
17628.4554213 0.0 0.0
17651.6813177 0.0 0.0
17674.9072142 0.0 0.0
17698.1331107 0.0 0.0
17721.3590071 0.0 0.0
17744.5849036 0.0 0.0
17767.8108001 0.0 0.0
17791.0366966 0.0 0.0
17814.262593 0.0 0.0
17837.4884895 0.0 0.0
17860.714386 0.0 0.0
17883.9402824 0.0 0.0
17907.1661789 0.0 0.0
17930.3920754 0.0 0.0
17953.6179719 0.0 0.0
17976.8438683 0.0 0.0
18000.0697648 0.0 0.0
18023.2956613 0.0 0.0
18046.5215577 0.0 0.0
18069.7474542 0.0 0.0
18092.9733507 0.0 0.0
18116.1992471 0.0 0.0
18139.4251436 0.0 0.0
18162.6510401 0.0 0.0
18185.8769366 0.0 0.0
18209.102833 0.0 0.0
18232.3287295 0.0 0.0
18255.554626 0.0 0.0
18278.7805224 0.0 0.0
18302.0064189 0.0 0.0
18325.2323154 0.0 0.0
18348.4582119 0.0 0.0
18371.6841083 0.0 0.0
18394.9100048 0.0 0.0
18418.1359013 0.0 0.0
18441.3617977 0.0 0.0
18464.5876942 0.0 0.0
18487.8135907 0.0 0.0
18511.0394872 0.0 0.0
18534.2653836 0.0 0.0
18557.4912801 0.0 0.0
18580.7171766 0.0 0.0
18603.943073 0.0 0.0
18627.1689695 0.0 0.0
18650.394866 0.0 0.0
18673.6207624 0.0 0.0
18696.8466589 0.0 0.0
18720.0725554 0.0 0.0
18743.2984519 0.0 0.0
18766.5243483 0.0 0.0
18789.7502448 0.0 0.0
18812.9761413 0.0 0.0
18836.2020377 0.0 0.0
18859.4279342 0.0 0.0
18882.6538307 0.0 0.0
18905.8797272 0.0 0.0
18929.1056236 0.0 0.0
18952.3315201 0.0 0.0
18975.5574166 0.0 0.0
18998.783313 0.0 0.0
19022.0092095 0.0 0.0
19045.235106 0.0 0.0
19068.4610024 0.0 0.0
19091.6868989 0.0 0.0
19114.9127954 0.0 0.0
19138.1386919 0.0 0.0
19161.3645883 0.0 0.0
19184.5904848 0.0 0.0
19207.8163813 0.0 0.0
19231.0422777 0.0 0.0
19254.2681742 0.0 0.0
19277.4940707 0.0 0.0
19300.7199672 0.0 0.0
19323.9458636 0.0 0.0
19347.1717601 0.0 0.0
19370.3976566 0.0 0.0
19393.623553 0.0 0.0
19416.8494495 0.0 0.0
19440.075346 0.0 0.0
19463.3012424 0.0 0.0
19486.5271389 0.0 0.0
19509.7530354 0.0 0.0
19532.9789319 0.0 0.0
19556.2048283 0.0 0.0
19579.4307248 0.0 0.0
19602.6566213 0.0 0.0
19625.8825177 0.0 0.0
19649.1084142 0.0 0.0
19672.3343107 0.0 0.0
19695.5602072 0.0 0.0
19718.7861036 0.0 0.0
19742.0120001 0.0 0.0
19765.2378966 0.0 0.0
19788.463793 0.0 0.0
19811.6896895 0.0 0.0
19834.915586 0.0 0.0
19858.1414825 0.0 0.0
19881.3673789 0.0 0.0
19904.5932754 0.0 0.0
19927.8191719 0.0 0.0
19951.0450683 0.0 0.0
19974.2709648 0.0 0.0
19997.4968613 0.0 0.0
20020.7227577 0.0 0.0
20043.9486542 0.0 0.0
20067.1745507 0.0 0.0
20090.4004472 0.0 0.0
20113.6263436 0.0 0.0
20136.8522401 0.0 0.0
20160.0781366 0.0 0.0
20183.304033 0.0 0.0
20206.5299295 0.0 0.0
20229.755826 0.0 0.0
20252.9817225 0.0 0.0
20276.2076189 0.0 0.0
20299.4335154 0.0 0.0
20322.6594119 0.0 0.0
20345.8853083 0.0 0.0
20369.1112048 0.0 0.0
20392.3371013 0.0 0.0
20415.5629977 0.0 0.0
20438.7888942 0.0 0.0
20462.0147907 0.0 0.0
20485.2406872 0.0 0.0
20508.4665836 0.0 0.0
20531.6924801 0.0 0.0
20554.9183766 0.0 0.0
20578.144273 0.0 0.0
20601.3701695 0.0 0.0
20624.596066 0.0 0.0
20647.8219625 0.0 0.0
20671.0478589 0.0 0.0
20694.2737554 0.0 0.0
20717.4996519 0.0 0.0
20740.7255483 0.0 0.0
20763.9514448 0.0 0.0
20787.1773413 0.0 0.0
20810.4032378 0.0 0.0
20833.6291342 0.0 0.0
20856.8550307 0.0 0.0
20880.0809272 0.0 0.0
20903.3068236 0.0 0.0
20926.5327201 0.0 0.0
20949.7586166 0.0 0.0
20972.984513 0.0 0.0
20996.2104095 0.0 0.0
21019.436306 0.0 0.0
21042.6622025 0.0 0.0
21065.8880989 0.0 0.0
21089.1139954 0.0 0.0
21112.3398919 0.0 0.0
21135.5657883 0.0 0.0
21158.7916848 0.0 0.0
21182.0175813 0.0 0.0
21205.2434778 0.0 0.0
21228.4693742 0.0 0.0
21251.6952707 0.0 0.0
21274.9211672 0.0 0.0
21298.1470636 0.0 0.0
21321.3729601 0.0 0.0
21344.5988566 0.0 0.0
21367.824753 0.0 0.0
21391.0506495 0.0 0.0
21414.276546 0.0 0.0
21437.5024425 0.0 0.0
21460.7283389 0.0 0.0
21483.9542354 0.0 0.0
21507.1801319 0.0 0.0
21530.4060283 0.0 0.0
21553.6319248 0.0 0.0
21576.8578213 0.0 0.0
21600.0837178 0.0 0.0
21623.3096142 0.0 0.0
21646.5355107 0.0 0.0
21669.7614072 0.0 0.0
21692.9873036 0.0 0.0
21716.2132001 0.0 0.0
21739.4390966 0.0 0.0
21762.664993 0.0 0.0
21785.8908895 0.0 0.0
21809.116786 0.0 0.0
21832.3426825 0.0 0.0
21855.5685789 0.0 0.0
21878.7944754 0.0 0.0
21902.0203719 0.0 0.0
21925.2462683 0.0 0.0
21948.4721648 0.0 0.0
21971.6980613 0.0 0.0
21994.9239578 0.0 0.0
22018.1498542 0.0 0.0
22041.3757507 0.0 0.0
22064.6016472 0.0 0.0
22087.8275436 0.0 0.0
22111.0534401 0.0 0.0
22134.2793366 0.0 0.0
22157.5052331 0.0 0.0
22180.7311295 0.0 0.0
22203.957026 0.0 0.0
22227.1829225 0.0 0.0
22250.4088189 0.0 0.0
22273.6347154 0.0 0.0
22296.8606119 0.0 0.0
22320.0865083 0.0 0.0
22343.3124048 0.0 0.0
22366.5383013 0.0 0.0
22389.7641978 0.0 0.0
22412.9900942 0.0 0.0
22436.2159907 0.0 0.0
22459.4418872 0.0 0.0
22482.6677836 0.0 0.0
22505.8936801 0.0 0.0
22529.1195766 0.0 0.0
22552.3454731 0.0 0.0
22575.5713695 0.0 0.0
22598.797266 0.0 0.0
22622.0231625 0.0 0.0
22645.2490589 0.0 0.0
22668.4749554 0.0 0.0
22691.7008519 0.0 0.0
22714.9267483 0.0 0.0
22738.1526448 0.0 0.0
22761.3785413 0.0 0.0
22784.6044378 0.0 0.0
22807.8303342 0.0 0.0
22831.0562307 0.0 0.0
22854.2821272 0.0 0.0
22877.5080236 0.0 0.0
22900.7339201 0.0 0.0
22923.9598166 0.0 0.0
22947.1857131 0.0 0.0
22970.4116095 0.0 0.0
22993.637506 0.0 0.0
23016.8634025 0.0 0.0
23040.0892989 0.0 0.0
23063.3151954 0.0 0.0
23086.5410919 0.0 0.0
23109.7669884 0.0 0.0
23132.9928848 0.0 0.0
23156.2187813 0.0 0.0
23179.4446778 0.0 0.0
23202.6705742 0.0 0.0
23225.8964707 0.0 0.0
23249.1223672 0.0 0.0
23272.3482636 0.0 0.0
23295.5741601 0.0 0.0
23318.8000566 0.0 0.0
23342.0259531 0.0 0.0
23365.2518495 0.0 0.0
23388.477746 0.0 0.0
23411.7036425 0.0 0.0
23434.9295389 0.0 0.0
23458.1554354 0.0 0.0
23481.3813319 0.0 0.0
23504.6072284 0.0 0.0
23527.8331248 0.0 0.0
23551.0590213 0.0 0.0
23574.2849178 0.0 0.0
23597.5108142 0.0 0.0
23620.7367107 0.0 0.0
23643.9626072 0.0 0.0
23667.1885036 0.0 0.0
23690.4144001 0.0 0.0
23713.6402966 0.0 0.0
23736.8661931 0.0 0.0
23760.0920895 0.0 0.0
23783.317986 0.0 0.0
23806.5438825 0.0 0.0
23829.7697789 0.0 0.0
23852.9956754 0.0 0.0
23876.2215719 0.0 0.0
23899.4474684 0.0 0.0
23922.6733648 0.0 0.0
23945.8992613 0.0 0.0
23969.1251578 0.0 0.0
23992.3510542 0.0 0.0
24015.5769507 0.0 0.0
24038.8028472 0.0 0.0
24062.0287436 0.0 0.0
24085.2546401 0.0 0.0
24108.4805366 0.0 0.0
24131.7064331 0.0 0.0
24154.9323295 0.0 0.0
24178.158226 0.0 0.0
24201.3841225 0.0 0.0
24224.6100189 0.0 0.0
24247.8359154 0.0 0.0
24271.0618119 0.0 0.0
24294.2877084 0.0 0.0
24317.5136048 0.0 0.0
24340.7395013 0.0 0.0
24363.9653978 0.0 0.0
24387.1912942 0.0 0.0
24410.4171907 0.0 0.0
24433.6430872 0.0 0.0
24456.8689837 0.0 0.0
24480.0948801 0.0 0.0
24503.3207766 0.0 0.0
24526.5466731 0.0 0.0
24549.7725695 0.0 0.0
24572.998466 0.0 0.0
24596.2243625 0.0 0.0
24619.4502589 0.0 0.0
24642.6761554 0.0 0.0
24665.9020519 0.0 0.0
24689.1279484 0.0 0.0
24712.3538448 0.0 0.0
24735.5797413 0.0 0.0
24758.8056378 0.0 0.0
24782.0315342 0.0 0.0
24805.2574307 0.0 0.0
24828.4833272 0.0 0.0
24851.7092237 0.0 0.0
24874.9351201 0.0 0.0
24898.1610166 0.0 0.0
24921.3869131 0.0 0.0
24944.6128095 0.0 0.0
24967.838706 0.0 0.0
24991.0646025 0.0 0.0
25014.2904989 0.0 0.0
25037.5163954 0.0 0.0
25060.7422919 0.0 0.0
25083.9681884 0.0 0.0
25107.1940848 0.0 0.0
25130.4199813 0.0 0.0
25153.6458778 0.0 0.0
25176.8717742 0.0 0.0
25200.0976707 0.0 0.0
25223.3235672 0.0 0.0
25246.5494637 0.0 0.0
25269.7753601 0.0 0.0
25293.0012566 0.0 0.0
25316.2271531 0.0 0.0
25339.4530495 0.0 0.0
25362.678946 0.0 0.0
25385.9048425 0.0 0.0
25409.130739 0.0 0.0
25432.3566354 0.0 0.0
25455.5825319 0.0 0.0
25478.8084284 0.0 0.0
25502.0343248 0.0 0.0
25525.2602213 0.0 0.0
25548.4861178 0.0 0.0
25571.7120142 0.0 0.0
25594.9379107 0.0 0.0
25618.1638072 0.0 0.0
25641.3897037 0.0 0.0
25664.6156001 0.0 0.0
25687.8414966 0.0 0.0
25711.0673931 0.0 0.0
25734.2932895 0.0 0.0
25757.519186 0.0 0.0
25780.7450825 0.0 0.0
25803.970979 0.0 0.0
25827.1968754 0.0 0.0
25850.4227719 0.0 0.0
25873.6486684 0.0 0.0
25896.8745648 0.0 0.0
25920.1004613 0.0 0.0
25943.3263578 0.0 0.0
25966.5522542 0.0 0.0
25989.7781507 0.0 0.0
26013.0040472 0.0 0.0
26036.2299437 0.0 0.0
26059.4558401 0.0 0.0
26082.6817366 0.0 0.0
26105.9076331 0.0 0.0
26129.1335295 0.0 0.0
26152.359426 0.0 0.0
26175.5853225 0.0 0.0
26198.811219 0.0 0.0
26222.0371154 0.0 0.0
26245.2630119 0.0 0.0
26268.4889084 0.0 0.0
26291.7148048 0.0 0.0
26314.9407013 0.0 0.0
26338.1665978 0.0 0.0
26361.3924942 0.0 0.0
26384.6183907 0.0 0.0
26407.8442872 0.0 0.0
26431.0701837 0.0 0.0
26454.2960801 0.0 0.0
26477.5219766 0.0 0.0
26500.7478731 0.0 0.0
26523.9737695 0.0 0.0
26547.199666 0.0 0.0
26570.4255625 0.0 0.0
26593.651459 0.0 0.0
26616.8773554 0.0 0.0
26640.1032519 0.0 0.0
26663.3291484 0.0 0.0
26686.5550448 0.0 0.0
26709.7809413 0.0 0.0
26733.0068378 0.0 0.0
26756.2327343 0.0 0.0
26779.4586307 0.0 0.0
26802.6845272 0.0 0.0
26825.9104237 0.0 0.0
26849.1363201 0.0 0.0
26872.3622166 0.0 0.0
26895.5881131 0.0 0.0
26918.8140095 0.0 0.0
26942.039906 0.0 0.0
26965.2658025 0.0 0.0
26988.491699 0.0 0.0
27011.7175954 0.0 0.0
27034.9434919 0.0 0.0
27058.1693884 0.0 0.0
27081.3952848 0.0 0.0
27104.6211813 0.0 0.0
27127.8470778 0.0 0.0
27151.0729743 0.0 0.0
27174.2988707 0.0 0.0
27197.5247672 0.0 0.0
27220.7506637 0.0 0.0
27243.9765601 0.0 0.0
27267.2024566 0.0 0.0
27290.4283531 0.0 0.0
27313.6542495 0.0 0.0
27336.880146 0.0 0.0
27360.1060425 0.0 0.0
27383.331939 0.0 0.0
27406.5578354 0.0 0.0
27429.7837319 0.0 0.0
27453.0096284 0.0 0.0
27476.2355248 0.0 0.0
27499.4614213 0.0 0.0
27522.6873178 0.0 0.0
27545.9132143 0.0 0.0
27569.1391107 0.0 0.0
27592.3650072 0.0 0.0
27615.5909037 0.0 0.0
27638.8168001 0.0 0.0
27662.0426966 0.0 0.0
27685.2685931 0.0 0.0
27708.4944895 0.0 0.0
27731.720386 0.0 0.0
27754.9462825 0.0 0.0
27778.172179 0.0 0.0
27801.3980754 0.0 0.0
27824.6239719 0.0 0.0
27847.8498684 0.0 0.0
27871.0757648 0.0 0.0
27894.3016613 0.0 0.0
27917.5275578 0.0 0.0
27940.7534543 0.0 0.0
27963.9793507 0.0 0.0
27987.2052472 0.0 0.0
28010.4311437 0.0 0.0
28033.6570401 0.0 0.0
28056.8829366 0.0 0.0
28080.1088331 0.0 0.0
28103.3347296 0.0 0.0
28126.560626 0.0 0.0
28149.7865225 0.0 0.0
28173.012419 0.0 0.0
28196.2383154 0.0 0.0
28219.4642119 0.0 0.0
28242.6901084 0.0 0.0
28265.9160048 0.0 0.0
28289.1419013 0.0 0.0
28312.3677978 0.0 0.0
28335.5936943 0.0 0.0
28358.8195907 0.0 0.0
28382.0454872 0.0 0.0
28405.2713837 0.0 0.0
28428.4972801 0.0 0.0
28451.7231766 0.0 0.0
28474.9490731 0.0 0.0
28498.1749696 0.0 0.0
28521.400866 0.0 0.0
28544.6267625 0.0 0.0
28567.852659 0.0 0.0
28591.0785554 0.0 0.0
28614.3044519 0.0 0.0
28637.5303484 0.0 0.0
28660.7562448 0.0 0.0
28683.9821413 0.0 0.0
28707.2080378 0.0 0.0
28730.4339343 0.0 0.0
28753.6598307 0.0 0.0
28776.8857272 0.0 0.0
28800.1116237 0.0 0.0
28823.3375201 0.0 0.0
28846.5634166 0.0 0.0
28869.7893131 0.0 0.0
28893.0152096 0.0 0.0
28916.241106 0.0 0.0
28939.4670025 0.0 0.0
28962.692899 0.0 0.0
28985.9187954 0.0 0.0
29009.1446919 0.0 0.0
29032.3705884 0.0 0.0
29055.5964849 0.0 0.0
29078.8223813 0.0 0.0
29102.0482778 0.0 0.0
29125.2741743 0.0 0.0
29148.5000707 0.0 0.0
29171.7259672 0.0 0.0
29194.9518637 0.0 0.0
29218.1777601 0.0 0.0
29241.4036566 0.0 0.0
29264.6295531 0.0 0.0
29287.8554496 0.0 0.0
29311.081346 0.0 0.0
29334.3072425 0.0 0.0
29357.533139 0.0 0.0
29380.7590354 0.0 0.0
29403.9849319 0.0 0.0
29427.2108284 0.0 0.0
29450.4367249 0.0 0.0
29473.6626213 0.0 0.0
29496.8885178 0.0 0.0
29520.1144143 0.0 0.0
29543.3403107 0.0 0.0
29566.5662072 0.0 0.0
29589.7921037 0.0 0.0
29613.0180001 0.0 0.0
29636.2438966 0.0 0.0
29659.4697931 0.0 0.0
29682.6956896 0.0 0.0
29705.921586 0.0 0.0
29729.1474825 0.0 0.0
29752.373379 0.0 0.0
29775.5992754 0.0 0.0
29798.8251719 0.0 0.0
29822.0510684 0.0 0.0
29845.2769649 0.0 0.0
29868.5028613 0.0 0.0
29891.7287578 0.0 0.0
29914.9546543 0.0 0.0
29938.1805507 0.0 0.0
29961.4064472 0.0 0.0
29984.6323437 0.0 0.0
30007.8582401 0.0 0.0
30031.0841366 0.0 0.0
30054.3100331 0.0 0.0
30077.5359296 0.0 0.0
30100.761826 0.0 0.0
30123.9877225 0.0 0.0
30147.213619 0.0 0.0
30170.4395154 0.0 0.0
30193.6654119 0.0 0.0
30216.8913084 0.0 0.0
30240.1172049 0.0 0.0
30263.3431013 0.0 0.0
30286.5689978 0.0 0.0
30309.7948943 0.0 0.0
30333.0207907 0.0 0.0
30356.2466872 0.0 0.0
30379.4725837 0.0 0.0
30402.6984802 0.0 0.0
30425.9243766 0.0 0.0
30449.1502731 0.0 0.0
30472.3761696 0.0 0.0
30495.602066 0.0 0.0
30518.8279625 0.0 0.0
30542.053859 0.0 0.0
30565.2797554 0.0 0.0
30588.5056519 0.0 0.0
30611.7315484 0.0 0.0
30634.9574449 0.0 0.0
30658.1833413 0.0 0.0
30681.4092378 0.0 0.0
30704.6351343 0.0 0.0
30727.8610307 0.0 0.0
30751.0869272 0.0 0.0
30774.3128237 0.0 0.0
30797.5387202 0.0 0.0
30820.7646166 0.0 0.0
30843.9905131 0.0 0.0
30867.2164096 0.0 0.0
30890.442306 0.0 0.0
30913.6682025 0.0 0.0
30936.894099 0.0 0.0
30960.1199954 0.0 0.0
30983.3458919 0.0 0.0
31006.5717884 0.0 0.0
31029.7976849 0.0 0.0
31053.0235813 0.0 0.0
31076.2494778 0.0 0.0
31099.4753743 0.0 0.0
31122.7012707 0.0 0.0
31145.9271672 0.0 0.0
31169.1530637 0.0 0.0
31192.3789602 0.0 0.0
31215.6048566 0.0 0.0
31238.8307531 0.0 0.0
31262.0566496 0.0 0.0
31285.282546 0.0 0.0
31308.5084425 0.0 0.0
31331.734339 0.0 0.0
31354.9602355 0.0 0.0
31378.1861319 0.0 0.0
31401.4120284 0.0 0.0
31424.6379249 0.0 0.0
31447.8638213 0.0 0.0
31471.0897178 0.0 0.0
31494.3156143 0.0 0.0
31517.5415107 0.0 0.0
31540.7674072 0.0 0.0
31563.9933037 0.0 0.0
31587.2192002 0.0 0.0
31610.4450966 0.0 0.0
31633.6709931 0.0 0.0
31656.8968896 0.0 0.0
31680.122786 0.0 0.0
31703.3486825 0.0 0.0
31726.574579 0.0 0.0
31749.8004755 0.0 0.0
31773.0263719 0.0 0.0
31796.2522684 0.0 0.0
31819.4781649 0.0 0.0
31842.7040613 0.0 0.0
31865.9299578 0.0 0.0
31889.1558543 0.0 0.0
31912.3817507 0.0 0.0
31935.6076472 0.0 0.0
31958.8335437 0.0 0.0
31982.0594402 0.0 0.0
32005.2853366 0.0 0.0
32028.5112331 0.0 0.0
32051.7371296 0.0 0.0
32074.963026 0.0 0.0
32098.1889225 0.0 0.0
32121.414819 0.0 0.0
32144.6407155 0.0 0.0
32167.8666119 0.0 0.0
32191.0925084 0.0 0.0
32214.3184049 0.0 0.0
32237.5443013 0.0 0.0
32260.7701978 0.0 0.0
32283.9960943 0.0 0.0
32307.2219907 0.0 0.0
32330.4478872 0.0 0.0
32353.6737837 0.0 0.0
32376.8996802 0.0 0.0
32400.1255766 0.0 0.0
32423.3514731 0.0 0.0
32446.5773696 0.0 0.0
32469.803266 0.0 0.0
32493.0291625 0.0 0.0
32516.255059 0.0 0.0
32539.4809555 0.0 0.0
32562.7068519 0.0 0.0
32585.9327484 0.0 0.0
32609.1586449 0.0 0.0
32632.3845413 0.0 0.0
32655.6104378 0.0 0.0
32678.8363343 0.0 0.0
32702.0622308 0.0 0.0
32725.2881272 0.0 0.0
32748.5140237 0.0 0.0
32771.7399202 0.0 0.0
32794.9658166 0.0 0.0
32818.1917131 0.0 0.0
32841.4176096 0.0 0.0
32864.643506 0.0 0.0
32887.8694025 0.0 0.0
32911.095299 0.0 0.0
32934.3211955 0.0 0.0
32957.5470919 0.0 0.0
32980.7729884 0.0 0.0
33003.9988849 0.0 0.0
33027.2247813 0.0 0.0
33050.4506778 0.0 0.0
33073.6765743 0.0 0.0
33096.9024708 0.0 0.0
33120.1283672 0.0 0.0
33143.3542637 0.0 0.0
33166.5801602 0.0 0.0
33189.8060566 0.0 0.0
33213.0319531 0.0 0.0
33236.2578496 0.0 0.0
33259.483746 0.0 0.0
33282.7096425 0.0 0.0
33305.935539 0.0 0.0
33329.1614355 0.0 0.0
33352.3873319 0.0 0.0
33375.6132284 0.0 0.0
33398.8391249 0.0 0.0
33422.0650213 0.0 0.0
33445.2909178 0.0 0.0
33468.5168143 0.0 0.0
33491.7427108 0.0 0.0
33514.9686072 0.0 0.0
33538.1945037 0.0 0.0
33561.4204002 0.0 0.0
33584.6462966 0.0 0.0
33607.8721931 0.0 0.0
33631.0980896 0.0 0.0
33654.3239861 0.0 0.0
33677.5498825 0.0 0.0
33700.775779 0.0 0.0
33724.0016755 0.0 0.0
33747.2275719 0.0 0.0
33770.4534684 0.0 0.0
33793.6793649 0.0 0.0
33816.9052613 0.0 0.0
33840.1311578 0.0 0.0
33863.3570543 0.0 0.0
33886.5829508 0.0 0.0
33909.8088472 0.0 0.0
33933.0347437 0.0 0.0
33956.2606402 0.0 0.0
33979.4865366 0.0 0.0
34002.7124331 0.0 0.0
34025.9383296 0.0 0.0
34049.1642261 0.0 0.0
34072.3901225 0.0 0.0
34095.616019 0.0 0.0
34118.8419155 0.0 0.0
34142.0678119 0.0 0.0
34165.2937084 0.0 0.0
34188.5196049 0.0 0.0
34211.7455013 0.0 0.0
34234.9713978 0.0 0.0
34258.1972943 0.0 0.0
34281.4231908 0.0 0.0
34304.6490872 0.0 0.0
34327.8749837 0.0 0.0
34351.1008802 0.0 0.0
34374.3267766 0.0 0.0
34397.5526731 0.0 0.0
34420.7785696 0.0 0.0
34444.0044661 0.0 0.0
34467.2303625 0.0 0.0
34490.456259 0.0 0.0
34513.6821555 0.0 0.0
34536.9080519 0.0 0.0
34560.1339484 0.0 0.0
34583.3598449 0.0 0.0
34606.5857413 0.0 0.0
34629.8116378 0.0 0.0
34653.0375343 0.0 0.0
34676.2634308 0.0 0.0
34699.4893272 0.0 0.0
34722.7152237 0.0 0.0
34745.9411202 0.0 0.0
34769.1670166 0.0 0.0
34792.3929131 0.0 0.0
34815.6188096 0.0 0.0
34838.8447061 0.0 0.0
34862.0706025 0.0 0.0
34885.296499 0.0 0.0
34908.5223955 0.0 0.0
34931.7482919 0.0 0.0
34954.9741884 0.0 0.0
34978.2000849 0.0 0.0
35001.4259814 0.0 0.0
35024.6518778 0.0 0.0
35047.8777743 0.0 0.0
35071.1036708 0.0 0.0
35094.3295672 0.0 0.0
35117.5554637 0.0 0.0
35140.7813602 0.0 0.0
35164.0072566 0.0 0.0
35187.2331531 0.0 0.0
35210.4590496 0.0 0.0
35233.6849461 0.0 0.0
35256.9108425 0.0 0.0
35280.136739 0.0 0.0
35303.3626355 0.0 0.0
35326.5885319 0.0 0.0
35349.8144284 0.0 0.0
35373.0403249 0.0 0.0
35396.2662214 0.0 0.0
35419.4921178 0.0 0.0
35442.7180143 0.0 0.0
35465.9439108 0.0 0.0
35489.1698072 0.0 0.0
35512.3957037 0.0 0.0
35535.6216002 0.0 0.0
35558.8474966 0.0 0.0
35582.0733931 0.0 0.0
35605.2992896 0.0 0.0
35628.5251861 0.0 0.0
35651.7510825 0.0 0.0
35674.976979 0.0 0.0
35698.2028755 0.0 0.0
35721.4287719 0.0 0.0
35744.6546684 0.0 0.0
35767.8805649 0.0 0.0
35791.1064614 0.0 0.0
35814.3323578 0.0 0.0
35837.5582543 0.0 0.0
35860.7841508 0.0 0.0
35884.0100472 0.0 0.0
35907.2359437 0.0 0.0
35930.4618402 0.0 0.0
35953.6877366 0.0 0.0
35976.9136331 0.0 0.0
36000.1395296 0.0 0.0
36023.3654261 0.0 0.0
36046.5913225 0.0 0.0
36069.817219 0.0 0.0
36093.0431155 0.0 0.0
36116.2690119 0.0 0.0
36139.4949084 0.0 0.0
36162.7208049 0.0 0.0
36185.9467014 0.0 0.0
36209.1725978 0.0 0.0
36232.3984943 0.0 0.0
36255.6243908 0.0 0.0
36278.8502872 0.0 0.0
36302.0761837 0.0 0.0
36325.3020802 0.0 0.0
36348.5279767 0.0 0.0
36371.7538731 0.0 0.0
36394.9797696 0.0 0.0
36418.2056661 0.0 0.0
36441.4315625 0.0 0.0
36464.657459 0.0 0.0
36487.8833555 0.0 0.0
36511.1092519 0.0 0.0
36534.3351484 0.0 0.0
36557.5610449 0.0 0.0
36580.7869414 0.0 0.0
36604.0128378 0.0 0.0
36627.2387343 0.0 0.0
36650.4646308 0.0 0.0
36673.6905272 0.0 0.0
36696.9164237 0.0 0.0
36720.1423202 0.0 0.0
36743.3682167 0.0 0.0
36766.5941131 0.0 0.0
36789.8200096 0.0 0.0
36813.0459061 0.0 0.0
36836.2718025 0.0 0.0
36859.497699 0.0 0.0
36882.7235955 0.0 0.0
36905.9494919 0.0 0.0
36929.1753884 0.0 0.0
36952.4012849 0.0 0.0
36975.6271814 0.0 0.0
36998.8530778 0.0 0.0
37022.0789743 0.0 0.0
37045.3048708 0.0 0.0
37068.5307672 0.0 0.0
37091.7566637 0.0 0.0
37114.9825602 0.0 0.0
37138.2084567 0.0 0.0
37161.4343531 0.0 0.0
37184.6602496 0.0 0.0
37207.8861461 0.0 0.0
37231.1120425 0.0 0.0
37254.337939 0.0 0.0
37277.5638355 0.0 0.0
37300.789732 0.0 0.0
37324.0156284 0.0 0.0
37347.2415249 0.0 0.0
37370.4674214 0.0 0.0
37393.6933178 0.0 0.0
37416.9192143 0.0 0.0
37440.1451108 0.0 0.0
37463.3710072 0.0 0.0
37486.5969037 0.0 0.0
37509.8228002 0.0 0.0
37533.0486967 0.0 0.0
37556.2745931 0.0 0.0
37579.5004896 0.0 0.0
37602.7263861 0.0 0.0
37625.9522825 0.0 0.0
37649.178179 0.0 0.0
37672.4040755 0.0 0.0
37695.629972 0.0 0.0
37718.8558684 0.0 0.0
37742.0817649 0.0 0.0
37765.3076614 0.0 0.0
37788.5335578 0.0 0.0
37811.7594543 0.0 0.0
37834.9853508 0.0 0.0
37858.2112472 0.0 0.0
37881.4371437 0.0 0.0
37904.6630402 0.0 0.0
37927.8889367 0.0 0.0
37951.1148331 0.0 0.0
37974.3407296 0.0 0.0
37997.5666261 0.0 0.0
38020.7925225 0.0 0.0
38044.018419 0.0 0.0
38067.2443155 0.0 0.0
38090.470212 0.0 0.0
38113.6961084 0.0 0.0
38136.9220049 0.0 0.0
38160.1479014 0.0 0.0
38183.3737978 0.0 0.0
38206.5996943 0.0 0.0
38229.8255908 0.0 0.0
38253.0514872 0.0 0.0
38276.2773837 0.0 0.0
38299.5032802 0.0 0.0
38322.7291767 0.0 0.0
38345.9550731 0.0 0.0
38369.1809696 0.0 0.0
38392.4068661 0.0 0.0
38415.6327625 0.0 0.0
38438.858659 0.0 0.0
38462.0845555 0.0 0.0
38485.310452 0.0 0.0
38508.5363484 0.0 0.0
38531.7622449 0.0 0.0
38554.9881414 0.0 0.0
38578.2140378 0.0 0.0
38601.4399343 0.0 0.0
38624.6658308 0.0 0.0
38647.8917273 0.0 0.0
38671.1176237 0.0 0.0
38694.3435202 0.0 0.0
38717.5694167 0.0 0.0
38740.7953131 0.0 0.0
38764.0212096 0.0 0.0
38787.2471061 0.0 0.0
38810.4730025 0.0 0.0
38833.698899 0.0 0.0
38856.9247955 0.0 0.0
38880.150692 0.0 0.0
38903.3765884 0.0 0.0
38926.6024849 0.0 0.0
38949.8283814 0.0 0.0
38973.0542778 0.0 0.0
38996.2801743 0.0 0.0
39019.5060708 0.0 0.0
39042.7319673 0.0 0.0
39065.9578637 0.0 0.0
39089.1837602 0.0 0.0
39112.4096567 0.0 0.0
39135.6355531 0.0 0.0
39158.8614496 0.0 0.0
39182.0873461 0.0 0.0
39205.3132425 0.0 0.0
39228.539139 0.0 0.0
39251.7650355 0.0 0.0
39274.990932 0.0 0.0
39298.2168284 0.0 0.0
39321.4427249 0.0 0.0
39344.6686214 0.0 0.0
39367.8945178 0.0 0.0
39391.1204143 0.0 0.0
39414.3463108 0.0 0.0
39437.5722073 0.0 0.0
39460.7981037 0.0 0.0
39484.0240002 0.0 0.0
39507.2498967 0.0 0.0
39530.4757931 0.0 0.0
39553.7016896 0.0 0.0
39576.9275861 0.0 0.0
39600.1534826 0.0 0.0
39623.379379 0.0 0.0
39646.6052755 0.0 0.0
39669.831172 0.0 0.0
39693.0570684 0.0 0.0
39716.2829649 0.0 0.0
39739.5088614 0.0 0.0
39762.7347578 0.0 0.0
39785.9606543 0.0 0.0
39809.1865508 0.0 0.0
39832.4124473 0.0 0.0
39855.6383437 0.0 0.0
39878.8642402 0.0 0.0
39902.0901367 0.0 0.0
39925.3160331 0.0 0.0
39948.5419296 0.0 0.0
39971.7678261 0.0 0.0
39994.9937226 0.0 0.0
40018.219619 0.0 0.0
40041.4455155 0.0 0.0
40064.671412 0.0 0.0
40087.8973084 0.0 0.0
40111.1232049 0.0 0.0
40134.3491014 0.0 0.0
40157.5749978 0.0 0.0
40180.8008943 0.0 0.0
40204.0267908 0.0 0.0
40227.2526873 0.0 0.0
40250.4785837 0.0 0.0
40273.7044802 0.0 0.0
40296.9303767 0.0 0.0
40320.1562731 0.0 0.0
40343.3821696 0.0 0.0
40366.6080661 0.0 0.0
40389.8339626 0.0 0.0
40413.059859 0.0 0.0
40436.2857555 0.0 0.0
40459.511652 0.0 0.0
40482.7375484 0.0 0.0
40505.9634449 0.0 0.0
40529.1893414 0.0 0.0
40552.4152378 0.0 0.0
40575.6411343 0.0 0.0
40598.8670308 0.0 0.0
40622.0929273 0.0 0.0
40645.3188237 0.0 0.0
40668.5447202 0.0 0.0
40691.7706167 0.0 0.0
40714.9965131 0.0 0.0
40738.2224096 0.0 0.0
40761.4483061 0.0 0.0
40784.6742026 0.0 0.0
40807.900099 0.0 0.0
40831.1259955 0.0 0.0
40854.351892 0.0 0.0
40877.5777884 0.0 0.0
40900.8036849 0.0 0.0
40924.0295814 0.0 0.0
40947.2554779 0.0 0.0
40970.4813743 0.0 0.0
40993.7072708 0.0 0.0
41016.9331673 0.0 0.0
41040.1590637 0.0 0.0
41063.3849602 0.0 0.0
41086.6108567 0.0 0.0
41109.8367531 0.0 0.0
41133.0626496 0.0 0.0
41156.2885461 0.0 0.0
41179.5144426 0.0 0.0
41202.740339 0.0 0.0
41225.9662355 0.0 0.0
41249.192132 0.0 0.0
41272.4180284 0.0 0.0
41295.6439249 0.0 0.0
41318.8698214 0.0 0.0
41342.0957179 0.0 0.0
41365.3216143 0.0 0.0
41388.5475108 0.0 0.0
41411.7734073 0.0 0.0
41434.9993037 0.0 0.0
41458.2252002 0.0 0.0
41481.4510967 0.0 0.0
41504.6769931 0.0 0.0
41527.9028896 0.0 0.0
41551.1287861 0.0 0.0
41574.3546826 0.0 0.0
41597.580579 0.0 0.0
41620.8064755 0.0 0.0
41644.032372 0.0 0.0
41667.2582684 0.0 0.0
41690.4841649 0.0 0.0
41713.7100614 0.0 0.0
41736.9359579 0.0 0.0
41760.1618543 0.0 0.0
41783.3877508 0.0 0.0
41806.6136473 0.0 0.0
41829.8395437 0.0 0.0
41853.0654402 0.0 0.0
41876.2913367 0.0 0.0
41899.5172332 0.0 0.0
41922.7431296 0.0 0.0
41945.9690261 0.0 0.0
41969.1949226 0.0 0.0
41992.420819 0.0 0.0
42015.6467155 0.0 0.0
42038.872612 0.0 0.0
42062.0985084 0.0 0.0
42085.3244049 0.0 0.0
42108.5503014 0.0 0.0
42131.7761979 0.0 0.0
42155.0020943 0.0 0.0
42178.2279908 0.0 0.0
42201.4538873 0.0 0.0
42224.6797837 0.0 0.0
42247.9056802 0.0 0.0
42271.1315767 0.0 0.0
