# 1:freq 2:Re 3:Im
23.2258964707 1.4299648712e-08 2.61220269575e-08
46.4517929414 3.19987021408e-08 4.81260884859e-10
69.6776894121 2.56406697091e-08 3.11184264523e-08
92.9035858828 1.00115342272e-08 2.77355660381e-08
116.129482354 6.44941128556e-09 3.25383852174e-08
139.355378824 3.0519828972e-09 3.68781180771e-08
162.581275295 4.67572405837e-09 2.56095235781e-08
185.807171766 9.71118910932e-09 5.86493725628e-08
209.033068236 2.32436153773e-08 6.47951031518e-08
232.258964707 4.33812313342e-08 5.98015090085e-08
255.484861178 4.66771508582e-08 5.07522166152e-08
278.710757648 3.69946790024e-08 6.19067466445e-08
301.936654119 8.87376532478e-09 1.5265894638e-07
325.16255059 1.41774300042e-07 2.61632235764e-07
348.388447061 2.99059075222e-07 1.94994656971e-07
371.614343531 3.16805816262e-07 1.8951736554e-07
394.840240002 1.43488316727e-07 4.67124763327e-07
418.066136473 1.34448386768e-07 5.12249192913e-07
441.292032943 4.11618209576e-07 2.35003327568e-07
464.517929414 6.57505937763e-07 1.30544107789e-07
487.743825885 6.09621344734e-07 6.60657277438e-07
510.969722355 5.01495893693e-07 9.3593115196e-07
534.195618826 6.80408209541e-07 9.83311427203e-07
557.421515297 1.10458848105e-06 4.9878434938e-07
580.647411768 9.69931170451e-07 7.92122736662e-07
603.873308238 9.03299154484e-07 1.88506309498e-06
627.099204709 2.69655478638e-06 2.4228893294e-06
650.32510118 4.29498177575e-06 1.84027717983e-06
673.55099765 4.17065541077e-06 1.23436195868e-06
696.776894121 2.90821387076e-06 1.78335342837e-06
720.002790592 2.74847615434e-06 2.69199734134e-06
743.228687063 8.13518571757e-06 2.69131508695e-06
766.454583533 9.71292826742e-06 3.88222284629e-06
789.680480004 6.04453473707e-06 6.01582534516e-06
812.906376475 2.9096541375e-06 5.83000900368e-06
836.132272945 5.09688966406e-06 3.05364412331e-06
859.358169416 5.64214106908e-06 2.35850419228e-06
882.584065887 3.26923601157e-06 3.21096177e-06
905.809962357 2.1772058058e-06 2.61764391993e-06
929.035858828 3.21228448397e-06 1.91382702933e-06
952.261755299 4.59423009822e-06 1.14281154511e-06
975.48765177 3.50451121712e-06 1.81162381419e-06
998.71354824 2.07884518641e-06 2.86301383941e-06
1021.93944471 3.33357618797e-06 2.80264513502e-06
1045.16534118 3.84152810952e-06 1.66371741887e-06
1068.39123765 3.0011302695e-06 2.72610409169e-06
1091.61713412 2.29531370632e-06 3.32091351537e-06
1114.84303059 3.12039020632e-06 2.38306674484e-06
1138.06892706 2.86504138768e-06 5.20673919234e-07
1161.29482354 1.3153948954e-06 1.06377305587e-06
1184.52072001 1.39290207517e-06 1.95577091927e-06
1207.74661648 3.11689419405e-06 2.46901369211e-06
1230.97251295 4.55304917387e-06 2.5668893061e-06
1254.19840942 2.96941678182e-06 9.10204972285e-07
1277.42430589 1.0353132072e-07 1.16335025276e-06
1300.65020236 2.10327519843e-06 1.95883860455e-06
1323.87609883 3.82436760302e-06 2.26647584329e-06
1347.1019953 3.75801161147e-06 1.5074546872e-06
1370.32789177 1.68140163919e-06 3.88409659885e-07
1393.55378824 4.36067780227e-07 4.01703284786e-07
1416.77968471 1.82443039279e-06 6.83208717217e-07
1440.00558118 2.63283763309e-06 1.08772703017e-06
1463.23147765 1.90756073048e-06 1.25631101178e-06
1486.45737413 8.25942905047e-07 1.3215252752e-06
1509.6832706 1.6443485117e-06 1.33883309211e-06
1532.90916707 2.21074305761e-06 1.08937758727e-06
1556.13506354 1.68326501864e-06 1.35046538481e-06
1579.36096001 6.39158497209e-07 1.19431395695e-06
1602.58685648 1.87068386719e-06 1.06249757876e-06
1625.81275295 2.4871458023e-06 1.04804849252e-06
1649.03864942 2.20367111685e-06 1.0844635371e-06
1672.26454589 1.05436412793e-06 1.15310502635e-06
1695.49044236 1.38112749062e-06 1.09828507671e-06
1718.71633883 2.45046670654e-06 1.23983752645e-06
1741.9422353 1.89277407466e-06 1.61482419744e-06
1765.16813177 2.06116373692e-06 2.15905208465e-06
1788.39402824 2.5378983704e-06 2.01619206238e-06
1811.61992471 2.86187343281e-06 1.26506981555e-06
1834.84582119 1.11711531219e-06 9.15257898576e-07
1858.07171766 9.39404136812e-07 1.23601507826e-06
1881.29761413 2.18941925535e-06 1.57697212348e-06
1904.5235106 3.66999486304e-06 1.53431762803e-06
1927.74940707 2.05145244341e-06 8.72212706167e-07
1950.97530354 4.8144373355e-07 9.12021907331e-07
1974.20120001 7.37206715562e-07 8.32634006712e-07
1997.42709648 1.60396504425e-06 9.33201302258e-07
2020.65299295 1.60526055558e-06 1.01150698571e-06
2043.87888942 6.79040340267e-07 7.64288372389e-07
2067.10478589 9.13362346996e-07 9.27437469442e-07
2090.33068236 1.24867748636e-06 3.48284218867e-07
2113.55657883 6.94795391884e-07 3.62481535598e-07
2136.7824753 7.77443831103e-07 1.04189552753e-06
2160.00837178 7.00635718052e-07 7.56448423324e-07
2183.23426825 1.93556556864e-06 1.02501835401e-06
2206.46016472 8.89611599753e-07 5.95328308596e-07
2229.68606119 5.84617062161e-07 9.30420639338e-07
2252.91195766 1.04550403381e-06 1.35247025636e-06
2276.13785413 1.5912398673e-06 1.26147077892e-06
2299.3637506 5.22160820925e-07 8.78002175099e-07
2322.58964707 3.03590762744e-06 3.66892364336e-06
2345.81554354 6.45694503415e-06 7.00839461248e-06
2369.04144001 5.65346476776e-06 5.01511106111e-06
2392.26733648 2.9293053747e-06 1.42244235699e-06
2415.49323295 8.46951512212e-07 6.69528858382e-07
2438.71912942 3.40583852969e-06 4.07421012372e-06
2461.94502589 5.78185595468e-06 4.43215373382e-06
2485.17092237 6.38942537882e-06 3.91330473144e-06
2508.39681884 2.00211931321e-06 2.82839032263e-07
2531.62271531 1.45438986016e-06 1.62505726846e-06
2554.84861178 2.63727584075e-06 2.14147117202e-06
2578.07450825 4.42899945211e-06 2.17123164362e-06
2601.30040472 2.10647281067e-06 8.54343577214e-07
2624.52630119 1.49083544735e-07 1.39378301662e-07
2647.75219766 2.70739234486e-07 4.72963123038e-07
2670.97809413 8.13698016157e-07 4.664356766e-07
2694.2039906 3.30349830835e-07 1.55258577003e-07
2717.42988707 4.75087058907e-07 3.34703958156e-07
2740.65578354 4.48973076747e-07 3.38644659738e-07
2763.88168001 3.58633496244e-07 1.73153643856e-07
2787.10757648 6.19803659054e-07 3.99564119859e-07
2810.33347296 3.38649883084e-07 2.90448063218e-07
2833.55936943 4.61758984112e-07 3.17812576493e-07
2856.7852659 6.11343536807e-07 3.94618887989e-07
2880.01116237 5.17261044711e-07 2.86725467849e-07
2903.23705884 5.49816411842e-07 4.67585018848e-07
2926.46295531 2.49566081211e-07 4.28891417618e-07
2949.68885178 7.10790527916e-07 4.61373999247e-07
2972.91474825 2.38914396342e-07 2.57873862578e-07
2996.14064472 5.13290731994e-07 4.71887322728e-07
3019.36654119 2.01819354321e-07 2.52702674114e-07
3042.59243766 5.45053344716e-07 3.08704685988e-07
3065.81833413 4.74940601744e-07 2.83470883151e-07
3089.0442306 2.85433665976e-07 2.60086013761e-07
3112.27012707 1.89236028778e-07 2.58871615562e-07
3135.49602355 5.14207488937e-07 2.65057533888e-07
3158.72192002 5.51672518291e-07 2.90441789899e-07
3181.94781649 3.25876161294e-07 1.80275954865e-07
3205.17371296 2.42338250106e-07 1.9365599198e-07
3228.39960943 1.99613839111e-07 1.21421387058e-07
3251.6255059 4.46999368535e-07 1.67118522618e-07
3274.85140237 3.5240760939e-07 1.34792986866e-07
3298.07729884 1.72899140716e-07 1.57001893556e-07
3321.30319531 1.87784914037e-07 1.26661629749e-07
3344.52909178 1.67097115643e-07 8.45781320264e-08
3367.75498825 2.67262883736e-07 2.82735971078e-07
3390.98088472 3.76675615824e-07 2.5793666811e-07
3414.20678119 1.91123183737e-07 7.327445058e-08
3437.43267766 3.10248853206e-07 1.11563806602e-07
3460.65857413 5.21250700432e-07 1.47179560601e-07
3483.88447061 2.38016831304e-07 4.91098895105e-07
3507.11036708 2.54652045235e-07 3.69718668237e-07
3530.33626355 7.12255165543e-08 1.13342703601e-07
3553.56216002 5.55442157037e-07 3.82154851067e-07
3576.78805649 5.03628625307e-07 5.37998942976e-07
3600.01395296 1.35833834619e-07 4.59698718188e-07
3623.23984943 2.96433956098e-07 2.81139603772e-07
3646.4657459 5.09157448469e-07 4.48776289219e-07
3669.69164237 5.51237133786e-07 4.54827754455e-07
3692.91753884 7.76591368536e-08 1.51741350594e-07
3716.14343531 3.6691725674e-07 9.17589854014e-08
3739.36933178 4.33402919985e-07 2.1962847375e-07
3762.59522825 3.62464558681e-07 2.35552905866e-07
3785.82112472 1.21566705929e-07 9.2837652263e-08
3809.0470212 3.15394332047e-07 1.17466738744e-07
3832.27291767 1.93534104489e-07 7.23157569731e-08
3855.49881414 3.55626800804e-07 1.43464779753e-07
3878.72471061 2.97666980779e-07 1.73959431716e-07
3901.95060708 2.9379761236e-07 2.09293604579e-07
3925.17650355 2.29045352266e-07 1.84577208216e-07
3948.40240002 2.78092956488e-07 7.6163045759e-08
3971.62829649 3.82678867819e-07 1.77281036516e-07
3994.85419296 2.630192741e-07 1.87049998023e-07
4018.08008943 1.90398798865e-07 1.00992960827e-07
4041.3059859 2.52365881397e-07 8.32279063247e-08
4064.53188237 3.7513725189e-07 1.99984993951e-07
4087.75777884 3.34134203313e-07 2.23042519436e-07
4110.98367531 2.94524253991e-07 1.21808386874e-07
4134.20957179 1.68112737949e-07 4.58711115775e-08
4157.43546826 2.4294439743e-07 1.47365303441e-07
4180.66136473 2.66314268573e-07 1.30800193898e-07
4203.8872612 3.46786184422e-07 1.18631942652e-07
4227.11315767 2.58933751051e-07 1.44381289174e-07
4250.33905414 1.8470498026e-07 1.51526147098e-07
4273.56495061 2.16802652396e-07 1.2841473359e-07
4296.79084708 3.13310457405e-07 5.31576879909e-08
4320.01674355 3.75756834612e-07 1.71298748908e-07
4343.24264002 1.98799697618e-07 1.95731626285e-07
4366.46853649 2.02067448595e-07 7.32144421423e-08
4389.69443296 3.40456362682e-07 4.732171274e-08
4412.92032943 4.39663863131e-07 1.87469479114e-07
4436.1462259 3.85202257715e-07 2.17444591486e-07
4459.37212238 2.0132394169e-07 1.6813298132e-07
4482.59801885 1.36805934206e-07 9.17669359416e-08
4505.82391532 3.68133780943e-07 4.86328600949e-08
4529.04981179 4.30975929584e-07 1.94737691858e-07
4552.27570826 3.01887654533e-07 2.43325904221e-07
4575.50160473 2.18579788948e-07 1.67636298193e-07
4598.7275012 2.73669229139e-07 3.12558415048e-08
4621.95339767 4.41146143659e-07 1.41623115968e-07
4645.17929414 3.94237090722e-07 1.75020096247e-07
4668.40519061 2.92073580199e-07 1.98135542606e-07
4691.63108708 2.30138039899e-07 5.21348678214e-08
4714.85698355 4.58079043919e-07 1.10202329428e-07
4738.08288002 4.4160567881e-07 1.72379942622e-07
4761.30877649 3.48645264922e-07 1.4605417431e-07
4784.53467297 3.43967312041e-07 1.32421600796e-07
4807.76056944 3.59363428254e-07 1.70331722184e-07
4830.98646591 3.03075112228e-07 1.42053143349e-07
4854.21236238 3.64767779167e-07 7.68732659665e-08
4877.43825885 4.44851779024e-07 1.66378929899e-07
4900.66415532 3.43245640577e-07 1.84660649795e-07
4923.89005179 2.52909728689e-07 1.63431015407e-07
4947.11594826 3.64648172965e-07 7.43296226247e-08
4970.34184473 4.81479055381e-07 8.17994381624e-08
4993.5677412 4.75505561451e-07 1.87581197171e-07
5016.79363767 3.82401985639e-07 2.18544952794e-07
5040.01953414 2.09354079164e-07 1.83273644403e-07
5063.24543061 3.09336134143e-07 4.50889083456e-08
5086.47132708 3.92874784144e-07 8.50378904215e-08
5109.69722355 3.38033740974e-07 1.37015009658e-07
5132.92312003 2.61761045824e-07 1.13044281248e-07
5156.1490165 3.14923258379e-07 4.55515085068e-08
5179.37491297 4.04407603867e-07 8.73839375182e-08
5202.60080944 4.53778696072e-07 1.33552383082e-07
5225.82670591 4.36091464069e-07 1.37770019509e-07
5249.05260238 4.01851197293e-07 1.37720025173e-07
5272.27849885 3.833182449e-07 1.46857509214e-07
5295.50439532 4.01398564559e-07 1.27350164639e-07
5318.73029179 4.1884814501e-07 7.57367675846e-08
5341.95618826 4.00716848189e-07 8.78139777773e-08
5365.18208473 3.07890330756e-07 1.27641519112e-07
5388.4079812 2.74169739484e-07 1.07685344333e-07
5411.63387767 3.7168171967e-07 3.29120694376e-08
5434.85977414 4.27065974792e-07 5.97458414474e-08
5458.08567062 3.76728029212e-07 1.19687460641e-07
5481.31156709 3.28881408432e-07 1.43559790672e-07
5504.53746356 3.83053078744e-07 7.96523009094e-08
5527.76336003 4.99459274236e-07 1.48483787356e-08
5550.9892565 5.05644805072e-07 1.05430922238e-07
5574.21515297 3.667688656e-07 1.31675374169e-07
5597.44104944 3.21407567015e-07 1.169321984e-07
5620.66694591 4.6184393484e-07 3.28676784495e-08
5643.89284238 5.1880832784e-07 6.63631251695e-08
5667.11873885 4.68237521476e-07 1.25975579768e-07
5690.34463532 3.52121919054e-07 1.3933587026e-07
5713.57053179 3.89146813177e-07 8.16289963001e-08
5736.79642826 4.73776405003e-07 3.72342163061e-08
5760.02232473 4.65144408074e-07 8.19130268514e-08
5783.24822121 4.06879019123e-07 1.21915543706e-07
5806.47411768 3.8808897046e-07 1.04386216462e-07
5829.70001415 4.37231794612e-07 6.23858644008e-08
5852.92591062 4.91915792157e-07 8.28914501589e-08
5876.15180709 5.2380937001e-07 9.07385237137e-08
5899.37770356 4.90517867377e-07 9.10349006773e-08
5922.60360003 4.49280659815e-07 9.72944201589e-08
5945.8294965 4.3462372641e-07 9.26924055001e-08
5969.05539297 4.95383105622e-07 8.20820317566e-08
5992.28128944 5.42384120611e-07 6.16649547371e-08
6015.50718591 4.81591428243e-07 9.41476220206e-08
6038.73308238 4.18677958763e-07 9.78381680842e-08
6061.95897885 4.80536330871e-07 7.53979784428e-08
6085.18487532 5.5616300661e-07 6.65346706529e-08
6108.4107718 5.53226722988e-07 6.5723619767e-08
6131.63666827 4.79456748093e-07 9.24516218043e-08
6154.86256474 4.61901331676e-07 9.18801025263e-08
6178.08846121 5.14767931877e-07 6.06511065314e-08
6201.31435768 5.4794241542e-07 3.95308010816e-08
6224.54025415 4.90094970753e-07 7.05101961233e-08
6247.76615062 4.46847078681e-07 8.17187274113e-08
6270.99204709 4.94371651331e-07 6.41215565821e-08
6294.21794356 5.25885522827e-07 5.77482404451e-08
6317.44384003 5.06936794035e-07 7.71160701455e-08
6340.6697365 4.70628454867e-07 8.14579764423e-08
6363.89563297 4.63683199628e-07 4.49159633178e-08
6387.12152944 4.62212032292e-07 4.90959441949e-08
6410.34742591 5.00516807982e-07 7.64072240021e-08
6433.57332239 5.35299844644e-07 7.66251391635e-08
6456.79921886 5.26185013183e-07 6.77532831536e-08
6480.02511533 5.10145011015e-07 7.54849754078e-08
6503.2510118 5.2174098668e-07 8.76499708764e-08
6526.47690827 5.29842808659e-07 4.78264303195e-08
6549.70280474 5.0268480365e-07 5.20574229917e-08
6572.92870121 4.79007880629e-07 6.58504317287e-08
6596.15459768 4.66059720656e-07 6.36474055046e-08
6619.38049415 4.90756233986e-07 8.51303280018e-08
6642.60639062 5.30516666681e-07 4.33562099139e-08
6665.83228709 5.07728986823e-07 1.35171007407e-08
6689.05818356 5.03921868708e-07 6.82976469775e-08
6712.28408003 5.47146716197e-07 7.46437268856e-08
6735.5099765 5.23533908927e-07 6.82011782638e-08
6758.73587297 5.43761285013e-07 9.50386552271e-08
6781.96176945 5.28497845943e-07 3.60689534302e-08
6805.18766592 4.68616050476e-07 8.12083742649e-08
6828.41356239 5.05151397535e-07 1.10817148082e-07
6851.63945886 5.0844937831e-07 5.61723325764e-08
6874.86535533 4.86691035071e-07 3.76683755934e-08
6898.0912518 4.44869426621e-07 5.44919600078e-08
6921.31714827 4.88590875536e-07 1.03340542579e-07
6944.54304474 5.43737398415e-07 1.13406481121e-07
6967.76894121 4.63916237746e-07 4.33645110918e-08
6990.99483768 4.94102178048e-07 1.44377479636e-07
7014.22073415 4.57940299583e-07 8.74008606341e-08
7037.44663062 5.14761934875e-07 1.198098431e-07
7060.67252709 4.93139329491e-07 2.76773573264e-08
7083.89842356 4.91715549109e-07 1.41471536127e-07
7107.12432004 4.6267770042e-07 6.65185022796e-08
7130.35021651 5.14167560068e-07 6.90145986425e-08
7153.57611298 4.87190308089e-07 7.26972105657e-08
7176.80200945 4.56674306368e-07 7.29272964997e-08
7200.02790592 4.29593749178e-07 9.10920356126e-08
7223.25380239 4.54473500635e-07 5.18787759046e-08
7246.47969886 5.02650993697e-07 5.77239046633e-08
7269.70559533 4.8751514056e-07 5.07905292173e-08
7292.9314918 4.45902538793e-07 5.79490701529e-08
7316.15738827 4.44598272316e-07 8.58999466547e-08
7339.38328474 4.54004675722e-07 8.12069607567e-08
7362.60918121 4.83939572934e-07 5.86483247071e-08
7385.83507768 4.72005000454e-07 8.36994934512e-08
7409.06097415 4.11677766057e-07 9.21843251566e-08
7432.28687063 3.96661296972e-07 7.43349521216e-08
7455.5127671 4.2109717114e-07 5.65117655798e-08
7478.73866357 4.42027257291e-07 4.01802551468e-08
7501.96456004 4.56894206726e-07 5.22743073706e-08
7525.19045651 4.16676094249e-07 8.54199659023e-08
7548.41635298 3.64815884987e-07 8.73683563104e-08
7571.64224945 3.80183130391e-07 8.41578593172e-08
7594.86814592 4.40517476482e-07 7.63735634671e-08
7618.09404239 4.61289125123e-07 6.24780562732e-08
7641.31993886 4.07010325104e-07 5.26891998406e-08
7664.54583533 3.55676927893e-07 6.46213030418e-08
7687.7717318 4.00647370643e-07 8.40761255282e-08
7710.99762827 4.57010357283e-07 7.63792741027e-08
7734.22352474 4.192747879e-07 5.65069386119e-08
7757.44942122 3.32633268783e-07 4.31058845951e-08
7780.67531769 3.12867986983e-07 6.8148552085e-08
7803.90121416 3.86335568123e-07 8.41893216106e-08
7827.12711063 4.48843694095e-07 6.66978323695e-08
7850.3530071 3.99989852109e-07 1.57179743116e-08
7873.57890357 3.33543618703e-07 4.86828460451e-08
7896.80480004 3.26150271431e-07 9.23777903232e-08
7920.03069651 3.68915985484e-07 9.48560468206e-08
7943.25659298 3.80058865476e-07 6.84313631667e-08
7966.48248945 3.43523632748e-07 2.03354437149e-08
7989.70838592 3.07449865329e-07 2.88526575108e-08
8012.93428239 3.25751911709e-07 5.56318075415e-08
8036.16017886 3.43096233643e-07 6.39679370957e-08
8059.38607533 3.24118891975e-07 5.30554108577e-08
8082.6119718 2.82219254164e-07 3.78007488975e-08
8105.83786828 2.69188561706e-07 2.7960159474e-08
8129.06376475 3.11269217084e-07 4.45556906205e-08
8152.28966122 3.54474915168e-07 5.77848868834e-08
8175.51555769 3.28218365256e-07 5.83854061815e-08
8198.74145416 2.55344789717e-07 3.88849592539e-08
8221.96735063 2.3662785482e-07 3.37503456495e-08
8245.1932471 2.76561330929e-07 6.5859067778e-08
8268.41914357 2.77052540868e-07 6.9385502015e-08
8291.64504004 2.57629063138e-07 4.37151035247e-08
8314.87093651 2.49370490281e-07 1.06421072479e-08
8338.09683298 2.51508640753e-07 3.67960016381e-08
8361.32272945 2.59718833857e-07 5.92376598924e-08
8384.54862592 2.57521393836e-07 6.17032270919e-08
8407.77452239 2.42156991257e-07 5.36776663763e-08
8431.00041887 2.13095854001e-07 3.65700199035e-08
8454.22631534 2.12021202296e-07 3.99356409915e-08
8477.45221181 2.53817626822e-07 5.79971853793e-08
8500.67810828 2.56137007419e-07 6.53428247778e-08
8523.90400475 2.13031041265e-07 4.95567799079e-08
8547.12990122 1.69791120944e-07 3.11062182171e-08
8570.35579769 2.08101916974e-07 4.73646996599e-08
8593.58169416 2.52383984948e-07 6.50578007588e-08
8616.80759063 2.32198933821e-07 5.36353911892e-08
8640.0334871 1.66985861536e-07 3.65285031385e-08
8663.25938357 1.62435734952e-07 4.74134435444e-08
8686.48528004 2.17750891561e-07 6.44575949741e-08
8709.71117651 2.56563969263e-07 5.96369417565e-08
8732.93707298 2.55880197691e-07 3.83164323479e-08
8756.16296946 2.21234368207e-07 3.36970678892e-08
8779.38886593 1.93917213371e-07 6.12348311166e-08
8802.6147624 1.93053540225e-07 7.16329841991e-08
8825.84065887 2.08493622504e-07 5.8463753589e-08
8849.06655534 2.03245659155e-07 3.57111382207e-08
8872.29245181 1.81911173327e-07 3.35313622562e-08
8895.51834828 1.77626877281e-07 4.57234367823e-08
8918.74424475 1.9689064848e-07 5.39041265236e-08
8941.97014122 2.09339510709e-07 5.72446695707e-08
8965.19603769 1.81908611158e-07 4.84954074256e-08
8988.42193416 1.6807500397e-07 3.07887202026e-08
9011.64783063 1.78388531346e-07 3.82878713366e-08
9034.8737271 1.85202401014e-07 5.75123804112e-08
9058.09962357 1.80180112047e-07 5.69712589121e-08
9081.32552005 1.70861396894e-07 3.40906301425e-08
9104.55141652 1.64623392855e-07 2.22494611371e-08
9127.77731299 1.75885946612e-07 3.9117981588e-08
9151.00320946 1.85597778144e-07 4.64984759649e-08
9174.22910593 1.83134023109e-07 3.91033941301e-08
9197.4550024 1.55060500782e-07 1.77908613625e-08
9220.68089887 1.5528416049e-07 2.4263870967e-08
9243.90679534 1.97026834225e-07 4.21390404547e-08
9267.13269181 2.27979931635e-07 4.24959941625e-08
9290.35858828 2.15875576792e-07 2.84538666638e-08
9313.58448475 1.64929981965e-07 2.21404459226e-08
9336.81038122 1.43275716498e-07 2.7493230113e-08
9360.03627769 1.72087798417e-07 3.08106383355e-08
9383.26217416 1.8775063427e-07 3.18048430881e-08
9406.48807064 1.88375768625e-07 2.01801596045e-08
9429.71396711 1.58663938117e-07 1.37246534697e-08
9452.93986358 1.49265415923e-07 2.72448850855e-08
9476.16576005 1.62972847424e-07 3.47439938658e-08
9499.39165652 1.7658032185e-07 2.77721736637e-08
9522.61755299 1.55798541386e-07 1.55715027553e-08
9545.84344946 1.44785323702e-07 1.40081058528e-08
9569.06934593 1.46280212929e-07 2.60521539358e-08
9592.2952424 1.58518582156e-07 3.36416370451e-08
9615.52113887 1.50457396524e-07 3.57286853994e-08
9638.74703534 1.53025448726e-07 2.05498383611e-08
9661.97293181 1.58656561297e-07 8.45595584728e-10
9685.19882828 1.72444223195e-07 1.80291478066e-08
9708.42472475 1.83107036185e-07 2.79724035445e-08
9731.65062122 1.74907148748e-07 2.75735662645e-08
9754.8765177 1.59392745554e-07 1.68363980137e-08
9778.10241417 1.49986234531e-07 2.03519137527e-08
9801.32831064 1.50573937665e-07 3.85408484665e-08
9824.55420711 1.38717496746e-07 4.31939822917e-08
9847.78010358 1.15977846654e-07 3.05631850687e-08
9871.00600005 1.21510981285e-07 9.46770389714e-09
9894.23189652 1.40038262956e-07 2.74322534766e-08
9917.45779299 1.69616562996e-07 3.57459665767e-08
9940.68368946 1.63236081678e-07 3.37788983383e-08
9963.90958593 1.27787666716e-07 2.78618521069e-08
9987.1354824 1.02027119428e-07 2.62322411406e-08
10010.3613789 1.1673489669e-07 2.32128713493e-08
10033.5872753 1.33764539271e-07 2.30961583782e-08
10056.8131718 1.38466803402e-07 2.77347168009e-08
10080.0390683 1.16566227275e-07 3.25156593631e-08
10103.2649648 1.10528009411e-07 2.90494454152e-08
10126.4908612 1.11067887363e-07 2.62580729599e-08
10149.7167577 1.13923552616e-07 3.11025717635e-08
10172.9426542 1.06468070872e-07 3.71856599257e-08
10196.1685506 1.08706895565e-07 3.13183145184e-08
10219.3944471 1.05487839229e-07 2.27605515262e-08
10242.6203436 9.22037640636e-08 2.02918551129e-08
10265.8462401 9.23586094784e-08 3.68003430221e-08
10289.0721365 1.1632264197e-07 4.08755735467e-08
10312.298033 1.11373631454e-07 2.9070484492e-08
10335.5239295 9.34033271553e-08 1.48731181527e-08
10358.7498259 8.78346771952e-08 2.5843819405e-08
10381.9757224 1.15547593962e-07 3.27252894047e-08
10405.2016189 1.11093805651e-07 3.36024797284e-08
10428.4275153 8.35474977786e-08 2.60715170991e-08
10451.6534118 7.02553870735e-08 1.98441007104e-08
10474.8793083 9.32971653736e-08 2.10500111111e-08
10498.1052048 1.22343858718e-07 2.63131252648e-08
10521.3311012 1.16476134513e-07 2.48053268963e-08
10544.5569977 9.6995095654e-08 1.32231214726e-08
10567.7828942 6.80606460835e-08 1.31083305379e-08
10591.0087906 7.34314785054e-08 1.61356794145e-08
10614.2346871 1.0182594311e-07 1.61252508935e-08
10637.4605836 1.06571651035e-07 1.62797145354e-08
10660.6864801 9.24461641541e-08 1.67995336213e-08
10683.9123765 7.16548582103e-08 1.06389649184e-08
10707.138273 8.28808395315e-08 1.00546178149e-08
10730.3641695 8.37071336792e-08 1.49095909319e-08
10753.5900659 7.82471097537e-08 1.30513737932e-08
10776.8159624 6.5367183811e-08 8.55942608738e-09
10800.0418589 7.44944702494e-08 7.89247848166e-09
10823.2677553 8.43153410623e-08 9.09435070574e-09
10846.4936518 8.02242188093e-08 8.22183870724e-09
10869.7195483 7.53306791361e-08 8.24544940418e-09
10892.9454448 7.1830626086e-08 3.96515036413e-10
10916.1713412 8.32517748772e-08 2.43361834015e-09
10939.3972377 7.44821516055e-08 3.95377868225e-09
10962.6231342 6.71333351773e-08 6.7309893685e-09
10985.8490306 6.8978522562e-08 6.23140749027e-09
11009.0749271 7.76717685447e-08 6.86319917919e-09
11032.3008236 8.64194359058e-08 1.2342645091e-08
11055.5267201 9.33303547255e-08 1.00375440822e-08
11078.7526165 8.42762028127e-08 6.09688299919e-09
11101.978513 8.5823454715e-08 1.32032737331e-08
11125.2044095 7.02021345388e-08 8.63779566164e-09
11148.4303059 4.80484982771e-08 4.02562010709e-09
11171.6562024 4.34240424892e-08 3.48120340689e-09
11194.8820989 4.4918111129e-08 8.2477301474e-09
11218.1079954 3.73542332835e-08 5.60716306112e-09
11241.3338918 3.84013017314e-08 7.92276475228e-09
11264.5597883 5.36399428521e-08 8.87862783665e-09
11287.7856848 5.11523535915e-08 6.25413343494e-09
11311.0115812 6.50489050519e-08 1.72254745259e-08
11334.2374777 7.83730323982e-08 2.3529799869e-08
11357.4633742 3.4562937436e-08 5.24225856828e-09
11380.6892706 5.2940985818e-08 1.65594298989e-08
11403.9151671 4.23607266547e-08 5.63489061204e-09
11427.1410636 2.28236119936e-08 1.41203904501e-08
11450.3669601 3.76669967567e-08 2.71403661209e-08
11473.5928565 2.5171147981e-08 1.39486329205e-08
11496.818753 3.70045042471e-08 1.61663458283e-08
11520.0446495 4.69130024708e-08 1.58162346763e-08
11543.2705459 3.07026024335e-08 1.75009385957e-08
11566.4964424 2.64387585178e-08 1.36321661192e-08
11589.7223389 1.00810217351e-08 6.70129286151e-09
11612.9482354 5.67553861093e-08 3.51761581042e-08
11636.1741318 3.27988463876e-08 4.59360681386e-09
11659.4000283 1.33541890856e-08 2.72486979576e-08
11682.6259248 4.58059730701e-08 1.57791418428e-08
11705.8518212 4.46598235793e-08 1.52911869089e-08
11729.0777177 4.13468311559e-08 1.11248500444e-08
11752.3036142 1.50297444029e-08 1.48613610888e-08
11775.5295106 4.28818210399e-08 4.58537488384e-09
11798.7554071 5.51577601595e-08 3.3620163095e-08
11821.9813036 1.12915071739e-08 2.04461507376e-08
11845.2072001 2.96342842843e-08 4.52016518635e-09
11868.4330965 2.01157229337e-08 5.90894145644e-09
11891.658993 2.39802958946e-08 9.39228853952e-09
11914.8848895 2.08685736191e-08 2.19128305167e-08
11938.1107859 2.28217614578e-08 1.0092765954e-08
11961.3366824 3.47874512512e-08 8.29227942545e-09
11984.5625789 1.17645826417e-08 6.67049692228e-09
12007.7884754 1.03502954213e-08 8.53402396365e-09
12031.0143718 2.09083742237e-08 1.32441126543e-08
12054.2402683 1.73493880121e-08 1.35303981989e-08
12077.4661648 1.55554284933e-08 8.05167092565e-09
12100.6920612 1.29609373034e-08 1.87374124681e-09
12123.9179577 2.11790923995e-08 1.12662750661e-09
12147.1438542 2.13465213865e-08 8.15457845595e-09
12170.3697506 1.68599053878e-08 9.01504260038e-09
12193.5956471 1.72982084779e-09 4.6233130354e-09
12216.8215436 6.13962637739e-09 4.01320924736e-09
12240.0474401 9.06916715186e-09 7.01976504053e-09
12263.2733365 2.14836529314e-08 5.77586066635e-09
12286.499233 2.59708893894e-08 1.05908042933e-08
12309.7251295 1.76373476028e-08 8.51360450542e-09
12332.9510259 8.84657119468e-09 8.3002916815e-09
12356.1769224 9.27832716719e-09 5.15639739045e-09
12379.4028189 8.17225496477e-09 3.47979530422e-09
12402.6287154 9.22449633788e-09 1.63780711446e-09
12425.8546118 6.60399083155e-09 7.21398480732e-09
12449.0805083 4.62202196747e-09 1.13795861334e-08
12472.3064048 9.2425107177e-09 1.24959785262e-08
12495.5323012 1.37164605465e-08 1.15551134016e-08
12518.7581977 9.7245995284e-09 5.61189121198e-09
12541.9840942 5.06840689317e-09 1.12630816507e-09
12565.2099907 7.86190891279e-09 7.4900181931e-09
12588.4358871 1.44214320621e-08 1.07754868511e-08
12611.6617836 1.29820171046e-08 9.61247316273e-09
12634.8876801 8.20550724996e-09 6.18953895777e-09
12658.1135765 5.06525156023e-09 8.71829530736e-09
12681.339473 2.14105460484e-09 1.11709011753e-08
12704.5653695 8.02654846721e-09 1.52718992816e-08
12727.7912659 1.47735745428e-08 1.311195159e-08
12751.0171624 1.49440924775e-08 4.95186348079e-09
12774.2430589 1.60818610002e-08 8.20968801453e-09
12797.4689554 1.78498079579e-08 1.03909199684e-08
12820.6948518 1.29001453571e-08 8.46535471205e-09
12843.9207483 8.70889844147e-09 9.09800548737e-09
12867.1466448 4.41606524426e-09 1.06633578362e-08
12890.3725412 9.80672223882e-09 8.88741352389e-09
12913.5984377 9.8188588427e-09 9.95523776571e-09
12936.8243342 1.19241266289e-08 1.24809463377e-08
12960.0502307 8.06875437431e-09 1.24029158512e-08
12983.2761271 6.82455624436e-09 1.22550796515e-08
13006.5020236 3.89892767918e-09 1.0367685387e-08
13029.7279201 4.46760603735e-09 7.33037455438e-09
13052.9538165 8.0009818557e-09 9.19633853935e-09
13076.179713 6.3906097579e-09 1.26307564175e-08
13099.4056095 3.72864044697e-09 1.13050348328e-08
13122.6315059 2.29333607467e-09 7.34516588832e-09
13145.8574024 4.12320725403e-09 2.52700469191e-09
13169.0832989 2.48061039242e-09 5.13883649598e-09
13192.3091954 6.82002821063e-09 9.17082860899e-09
13215.5350918 1.42267573633e-08 9.84418807903e-09
13238.7609883 1.77623540383e-08 1.01066347374e-08
13261.9868848 1.20169257276e-08 7.91746663948e-09
13285.2127812 5.87407345648e-09 5.73049321734e-09
13308.4386777 6.76811148411e-09 6.37744377732e-09
13331.6645742 9.30865267614e-09 7.8574275047e-09
13354.8904707 7.57201948961e-09 5.59519864935e-09
13378.1163671 5.78952394519e-09 3.1007186586e-09
13401.3422636 7.98618056695e-09 5.13457956107e-09
13424.5681601 7.95765336594e-09 7.42558450827e-09
13447.7940565 7.23177116578e-09 6.02672199891e-09
13471.019953 3.66681245921e-09 7.63461299489e-10
13494.2458495 2.2459038476e-09 3.30482466578e-09
13517.4717459 3.18869729831e-09 5.38673951431e-09
13540.6976424 5.58068291931e-09 4.29577577263e-09
13563.9235389 1.00079155411e-08 1.51586274837e-09
13587.1494354 1.23109326549e-08 3.27998409733e-09
13610.3753318 9.01017847099e-09 3.05238606991e-09
13633.6012283 4.56687297274e-09 4.18918477144e-10
13656.8271248 7.53866532762e-09 3.30176068159e-09
13680.0530212 1.30284988479e-08 5.32520904084e-09
13703.2789177 1.35297356693e-08 3.06962523194e-09
13726.5048142 1.02254788491e-08 2.67324576196e-09
13749.7307107 8.33350195314e-09 3.6498476202e-09
13772.9566071 8.5855005269e-09 4.21928725525e-09
13796.1825036 9.50407306253e-09 2.83792329439e-09
13819.4084001 1.12002699556e-08 3.51545997404e-09
13842.6342965 1.12375678347e-08 3.22668795216e-09
13865.860193 9.87631897967e-09 2.48588665482e-09
13889.0860895 3.55924088512e-09 4.59171434326e-09
13912.311986 3.99585754639e-09 6.40230291267e-09
13935.5378824 6.924281466e-09 5.22965559704e-09
13958.7637789 9.27821507215e-09 2.15049501181e-09
13981.9896754 7.82486040275e-09 3.42516914567e-09
14005.2155718 5.36109221895e-09 7.9196246409e-09
14028.4414683 5.01972560121e-09 8.115359459e-09
14051.6673648 6.37677553873e-09 7.09862448953e-09
14074.8932612 1.32100862554e-08 5.70338670552e-09
14098.1191577 1.7497970998e-08 5.25448816586e-09
14121.3450542 1.80148127362e-08 4.67645898442e-09
14144.5709507 1.30664723403e-08 5.48692307506e-09
14167.7968471 6.89348558355e-09 4.7350470677e-09
14191.0227436 7.61018950085e-09 3.99738378494e-09
14214.2486401 9.91828737534e-09 4.10138733399e-09
14237.4745365 6.61859113529e-09 8.00258426374e-09
14260.700433 8.5591439728e-10 7.3515209806e-09
14283.9263295 4.39139273216e-09 5.58225382566e-09
14307.152226 5.18155912036e-09 4.76531274966e-09
14330.3781224 4.57467339568e-09 7.94671929251e-09
14353.6040189 7.29774957442e-09 8.08399640134e-09
14376.8299154 9.51650941407e-09 4.56629662958e-09
14400.0558118 1.19435889526e-08 1.1056539788e-09
14423.2817083 1.02609069748e-08 6.89784657917e-09
14446.5076048 1.14153170124e-08 8.71051482758e-09
14469.7335012 9.90032438172e-09 5.96053672018e-09
14492.9593977 6.71227338012e-09 2.69491026899e-09
14516.1852942 4.90512799508e-09 4.85240027908e-09
14539.4111907 7.73632019893e-09 6.30146601922e-09
14562.6370871 1.0479697369e-08 4.56639428689e-09
14585.8629836 1.05908171102e-08 2.74625274199e-09
14609.0888801 6.6667572832e-09 3.7592436446e-09
14632.3147765 4.73499291476e-09 3.8024161635e-09
14655.540673 7.46207702038e-09 3.61075722112e-09
14678.7665695 9.32931984645e-09 2.86706601018e-09
14701.992466 6.51682085195e-09 3.12436197642e-09
14725.2183624 2.26488028567e-09 3.7562810905e-09
14748.4442589 1.00987516146e-08 1.46289394971e-09
14771.6701554 1.62887679177e-08 1.91804343767e-09
14794.8960518 1.77920604407e-08 3.97422120186e-09
14818.1219483 1.35403130101e-08 3.49619487733e-09
14841.3478448 6.05145790897e-09 2.7153618397e-09
14864.5737413 2.27295122171e-09 1.54448468333e-09
14887.7996377 9.45827802579e-09 1.38999823583e-09
14911.0255342 1.43672385316e-08 3.4285850906e-09
14934.2514307 1.53644283719e-08 5.13219211896e-09
14957.4773271 1.12716467672e-08 2.94343529173e-09
14980.7032236 5.95474491419e-09 2.28441067613e-09
15003.9291201 3.78546654914e-09 7.08865267008e-10
15027.1550165 4.82395991411e-09 3.06184130509e-09
15050.380913 5.5508118138e-09 1.8861486853e-09
15073.6068095 7.23148114152e-09 2.29916434324e-09
15096.832706 7.0377200042e-09 3.18364718073e-10
15120.0586024 6.03808692205e-09 2.66172939326e-09
15143.2844989 5.08515939466e-09 4.17144939947e-09
15166.5103954 4.51542994001e-09 2.95902138344e-09
15189.7362918 7.46317892988e-09 1.31740640199e-09
15212.9621883 1.03258136114e-08 3.02587064139e-09
15236.1880848 9.69710192841e-09 3.99029109618e-09
15259.4139813 6.10964767021e-09 2.57221152972e-09
15282.6398777 9.87868663913e-09 2.08293161187e-09
15305.8657742 1.10470999141e-08 1.85444512828e-09
15329.0916707 1.03763798827e-08 3.43577498372e-09
15352.3175671 7.55217069094e-09 4.02631707797e-09
15375.5434636 7.95490561425e-09 2.77768240957e-09
15398.7693601 1.17733224157e-08 1.92787561422e-09
15421.9952565 1.14673820198e-08 2.71895987329e-09
15445.221153 1.03314396903e-08 3.90640806566e-09
15468.4470495 8.32566801444e-09 2.76702583365e-09
15491.672946 6.83369620593e-09 1.91923975695e-09
15514.8988424 8.88933169502e-09 2.56981266061e-09
15538.1247389 1.32827917032e-08 3.7374088074e-09
15561.3506354 1.18017496857e-08 2.93886517891e-09
15584.5765318 5.86844407156e-09 2.65815892882e-09
15607.8024283 4.6891854299e-09 1.71411583768e-09
15631.0283248 9.77945121428e-09 2.85723883009e-09
15654.2542213 1.15370083668e-08 3.87832904276e-09
15677.4801177 1.06136764549e-08 2.24815948507e-09
15700.7060142 1.20052820911e-08 9.90127742667e-10
15723.9319107 1.23397443217e-08 1.08195504121e-09
15747.1578071 1.2173268791e-08 1.74384960484e-09
15770.3837036 9.43794893001e-09 3.02613626988e-09
15793.6096001 5.85260113916e-09 1.60737804881e-09
15816.8354965 8.75154701563e-09 5.20051747822e-10
15840.061393 1.15255575905e-08 1.2388912451e-09
15863.2872895 1.07825641388e-08 2.80930845067e-09
15886.513186 1.0159348422e-08 1.10224809071e-09
15909.7390824 7.4561072006e-09 4.72042310269e-10
15932.9649789 6.64006676155e-09 2.48993377158e-09
15956.1908754 1.16819502361e-08 8.39470600661e-10
15979.4167718 1.45628601809e-08 1.97063977915e-09
16002.6426683 1.04275936251e-08 2.60811587445e-09
16025.8685648 9.74346005105e-09 1.69505953817e-09
16049.0944613 9.8570197116e-09 3.51427491144e-10
16072.3203577 6.9397677273e-09 2.50803293166e-09
16095.5462542 1.11835471702e-08 1.47823524085e-09
16118.7721507 1.2590865291e-08 1.80535213878e-09
16141.9980471 1.00026353303e-08 2.59637634465e-09
16165.2239436 8.53483522205e-09 1.881080923e-09
16188.4498401 1.07102975006e-08 1.24469448918e-09
16211.6757366 1.11286801483e-08 2.47313428716e-09
16234.901633 5.69534356629e-09 2.79932845548e-09
16258.1275295 7.44188692334e-09 1.76675465808e-09
16281.353426 1.01007553803e-08 2.12835441153e-09
16304.5793224 9.86070364164e-09 1.45744289605e-09
16327.8052189 8.03891615485e-09 3.18579039343e-09
16351.0311154 7.3452468852e-09 2.17378905526e-09
16374.2570118 7.37270971596e-09 2.95796916116e-09
16397.4829083 8.30654523804e-09 1.28646962682e-09
16420.7088048 7.77582095555e-09 3.20295127998e-09
16443.9347013 6.30273518225e-09 1.69956159697e-09
16467.1605977 8.05803317661e-09 3.1892662473e-09
16490.3864942 1.03940972986e-08 1.07863575577e-09
16513.6123907 1.18472528655e-08 2.72982130497e-09
16536.8382871 8.86974091581e-09 1.94125616387e-09
16560.0641836 6.42402800243e-09 1.50750056659e-09
16583.2900801 8.09588281373e-09 2.21847930726e-09
16606.5159766 7.69806503461e-09 2.21081331506e-09
16629.741873 8.36718801642e-09 1.9531728627e-09
16652.9677695 9.67802383253e-09 3.45762762841e-09
16676.193666 8.19763897516e-09 3.04661510599e-09
16699.4195624 8.40962380176e-09 2.87147630179e-09
16722.6454589 8.3401801985e-09 1.56334252823e-09
16745.8713554 6.39946235252e-09 2.16435797342e-09
16769.0972518 5.68658844083e-09 2.61574111631e-09
16792.3231483 6.73762436176e-09 2.02048801705e-09
16815.5490448 8.30865910592e-09 1.30851595224e-09
16838.7749413 8.95788355167e-09 1.31446894236e-09
16862.0008377 6.71925567792e-09 1.7804167117e-09
16885.2267342 3.61706559902e-09 7.80736357851e-10
16908.4526307 6.90722486457e-09 1.36539918493e-09
16931.6785271 7.9764869279e-09 1.09023584944e-09
16954.9044236 6.60901233135e-09 3.01999797041e-10
16978.1303201 4.88865893888e-09 8.48156735459e-10
17001.3562166 4.31576266227e-09 1.02591039478e-09
17024.582113 7.45950355709e-09 1.79586757917e-09
17047.8080095 8.55291726059e-09 2.01956212949e-09
17071.033906 7.74103218209e-09 7.06256494544e-10
17094.2598024 6.64575060913e-09 4.88568877927e-10
17117.4856989 6.0319866803e-09 4.72013566268e-10
17140.7115954 6.03197298191e-09 8.50596112145e-10
17163.9374919 6.58927630938e-09 8.46404910485e-10
17187.1633883 5.59137485154e-09 7.69703673115e-10
17210.3892848 5.00232774803e-09 8.0724874133e-10
17233.6151813 5.53116579181e-09 1.19935889955e-09
17256.8410777 6.31126341702e-09 1.1068098834e-09
17280.0669742 7.05084528972e-09 7.85306411122e-10
17303.2928707 6.5200726511e-09 9.21411095409e-10
17326.5187671 4.96003726227e-09 1.06379647071e-09
17349.7446636 5.3699118281e-09 8.49698687765e-10
17372.9705601 6.2139494692e-09 1.32927061485e-09
17396.1964566 6.83915235646e-09 1.2992298056e-09
17419.422353 6.04961385309e-09 1.11083075343e-09
17442.6482495 5.26965825699e-09 1.66302856272e-09
17465.874146 4.7621442727e-09 1.86111174199e-09
17489.1000424 6.24583296464e-09 1.27843588218e-09
17512.3259389 6.15389859547e-09 1.20414126662e-09
17535.5518354 4.54398178711e-09 1.47998309083e-09
17558.7777319 5.24033509136e-09 1.40049307737e-09
17582.0036283 5.85037659233e-09 1.70818905703e-09
17605.2295248 5.26604162046e-09 1.99017120616e-09
17628.4554213 5.02812213535e-09 1.64224960362e-09
17651.6813177 4.55880933443e-09 1.53740182499e-09
17674.9072142 5.67224432764e-09 1.45676611865e-09
17698.1331107 6.64327998871e-09 1.43754376328e-09
17721.3590071 5.8658748176e-09 1.83612981588e-09
17744.5849036 4.76760678243e-09 1.67848013949e-09
17767.8108001 4.76556716699e-09 1.66219692612e-09
17791.0366966 4.95746460875e-09 1.89703795358e-09
17814.262593 5.40070061282e-09 1.4985618058e-09
17837.4884895 4.95073180473e-09 1.72129225841e-09
17860.714386 4.69114184864e-09 1.79702251916e-09
17883.9402824 4.42978344524e-09 2.15872750842e-09
17907.1661789 4.38586423362e-09 2.07562945171e-09
17930.3920754 4.19158829269e-09 1.34401935746e-09
17953.6179719 4.17739289062e-09 1.37038641022e-09
17976.8438683 3.68901036883e-09 1.64786250241e-09
18000.0697648 3.38438387708e-09 1.35942694547e-09
18023.2956613 3.52798423256e-09 1.27655926715e-09
18046.5215577 2.71358084024e-09 1.08676708641e-09
18069.7474542 2.67339599625e-09 1.1097461459e-09
18092.9733507 3.81090789448e-09 1.15967937469e-09
18116.1992471 3.279954682e-09 1.00212595395e-09
18139.4251436 2.96867618683e-09 7.10347226159e-10
18162.6510401 2.62468634805e-09 6.36221216784e-10
18185.8769366 2.63116153983e-09 1.0542326545e-09
18209.102833 2.83683492399e-09 1.03240081048e-09
18232.3287295 2.973220372e-09 1.14503374943e-09
18255.554626 2.49979472684e-09 5.17341711579e-10
18278.7805224 2.22743842157e-09 4.54755925024e-10
18302.0064189 2.57529858029e-09 8.92958497082e-10
18325.2323154 2.55994198895e-09 1.11262919015e-09
18348.4582119 2.27708346234e-09 8.26665022666e-10
18371.6841083 2.00281035529e-09 5.99885771323e-10
18394.9100048 1.60350136674e-09 5.09047080644e-10
18418.1359013 2.34034082924e-09 6.99912554345e-10
18441.3617977 2.39717847523e-09 6.31392375542e-10
18464.5876942 2.16638445124e-09 6.19643244444e-10
18487.8135907 1.53360785905e-09 6.47392349153e-10
18511.0394872 1.83746497629e-09 8.09030289981e-10
18534.2653836 2.28822798261e-09 8.30661048629e-10
18557.4912801 2.4822683734e-09 7.2023804916e-10
18580.7171766 2.18464529854e-09 5.9835481719e-10
18603.943073 1.46200735579e-09 5.45294805958e-10
18627.1689695 2.12517917136e-09 6.99541766253e-10
18650.394866 2.63340546867e-09 5.89730006571e-10
18673.6207624 2.58459551008e-09 3.74960805736e-10
18696.8466589 2.28871368396e-09 4.95623435832e-10
18720.0725554 1.8875331083e-09 1.18945032729e-09
18743.2984519 2.34873204411e-09 1.22015586345e-09
18766.5243483 2.13533222155e-09 8.40469825427e-10
18789.7502448 2.26798546701e-09 4.71989708379e-10
18812.9761413 2.26903806382e-09 1.00937976121e-09
18836.2020377 2.55014853164e-09 1.02700451673e-09
18859.4279342 2.15730256984e-09 1.05567415569e-09
18882.6538307 2.41293183251e-09 6.67388751938e-10
18905.8797272 2.66380700545e-09 6.08737557773e-10
18929.1056236 2.86056551306e-09 7.67828578178e-10
18952.3315201 2.3552582755e-09 9.04109735795e-10
18975.5574166 1.96753880693e-09 6.49586139296e-10
18998.783313 2.10003493921e-09 7.25546859511e-10
19022.0092095 2.43930505584e-09 7.65508464224e-10
19045.235106 2.26040771763e-09 8.79487513641e-10
19068.4610024 2.26538186842e-09 7.80410017663e-10
19091.6868989 2.33770933419e-09 8.78681541337e-10
19114.9127954 2.09493121468e-09 9.5555891298e-10
19138.1386919 2.10893547513e-09 7.21487823496e-10
19161.3645883 2.42334298121e-09 4.76805377962e-10
19184.5904848 2.05322957616e-09 6.06075592402e-10
19207.8163813 2.14759280079e-09 7.32993940096e-10
19231.0422777 2.07235591234e-09 7.46076957835e-10
19254.2681742 1.88764253221e-09 5.88018540917e-10
19277.4940707 1.65385089153e-09 6.40696314138e-10
19300.7199672 2.09042348584e-09 5.50224290099e-10
19323.9458636 1.72520144854e-09 5.92573228439e-10
19347.1717601 1.84201125433e-09 5.27249405157e-10
19370.3976566 2.09178681153e-09 4.64749557489e-10
19393.623553 1.61236825925e-09 5.70063312528e-10
19416.8494495 1.50863679834e-09 7.18986151811e-10
19440.075346 1.71572289748e-09 6.04096992624e-10
19463.3012424 1.33160276353e-09 5.32601928028e-10
19486.5271389 1.2613227918e-09 4.98244256272e-10
19509.7530354 1.49984600402e-09 4.06024961864e-10
19532.9789319 1.51180709738e-09 3.37965894312e-10
19556.2048283 1.28612608612e-09 4.836320785e-10
19579.4307248 1.12942789665e-09 5.93510747374e-10
19602.6566213 1.14351912021e-09 4.27430785743e-10
19625.8825177 1.01365742518e-09 4.08708455413e-10
19649.1084142 9.56690581186e-10 3.19465952724e-10
19672.3343107 9.4537069032e-10 5.43035976965e-10
19695.5602072 9.16878436307e-10 6.30813837835e-10
19718.7861036 7.69877994233e-10 6.25165174283e-10
19742.0120001 7.03862958361e-10 5.09234471317e-10
19765.2378966 5.92693037507e-10 4.9313914357e-10
19788.463793 5.45154498558e-10 4.39320510382e-10
19811.6896895 6.33604995649e-10 4.82531668557e-10
19834.915586 4.59321353592e-10 5.63980466683e-10
19858.1414825 2.06212568697e-10 3.80799839172e-10
19881.3673789 6.02017645779e-10 5.33147011914e-10
19904.5932754 4.78222827932e-10 4.67423727891e-10
19927.8191719 1.02278654375e-10 4.8011656203e-10
19951.0450683 5.00580761364e-10 3.13048908502e-10
19974.2709648 4.73180769561e-10 5.14274055405e-10
19997.4968613 1.97448836054e-10 5.57158295237e-10
20020.7227577 2.28730917627e-10 6.10789539329e-10
20043.9486542 2.4228244443e-10 5.63689694938e-10
20067.1745507 1.23164373529e-10 5.5404622855e-10
20090.4004472 2.21447156757e-10 4.3806031369e-10
20113.6263436 3.6066828883e-10 4.10276251636e-10
20136.8522401 4.16374075546e-10 3.23475937273e-10
20160.0781366 4.04943489492e-10 3.82972733073e-10
20183.304033 2.32681352338e-10 4.82798857673e-10
20206.5299295 2.91970843584e-10 5.24738782109e-10
20229.755826 3.93276843377e-10 4.99855872634e-10
20252.9817225 5.31927855367e-10 4.92282974348e-10
20276.2076189 6.23193201746e-10 4.49525665107e-10
20299.4335154 6.1452100318e-10 4.88552951566e-10
20322.6594119 6.79000374998e-10 4.95660212102e-10
20345.8853083 8.26708594051e-10 3.16665321082e-10
20369.1112048 8.34625912712e-10 3.44647703672e-10
20392.3371013 5.28404009381e-10 4.09856571529e-10
20415.5629977 5.28971299418e-10 3.52630480332e-10
20438.7888942 4.33507872057e-10 3.76966375327e-10
20462.0147907 6.29363994834e-10 4.04307794206e-10
20485.2406872 7.41701814105e-10 3.58786223388e-10
20508.4665836 5.69770631647e-10 3.65151146211e-10
20531.6924801 5.81165817458e-10 3.71891453501e-10
20554.9183766 5.38127592736e-10 3.85041948325e-10
20578.144273 6.96508685769e-10 3.42839878684e-10
20601.3701695 5.58755775154e-10 3.6101547446e-10
20624.596066 6.69842338677e-10 3.17967096146e-10
20647.8219625 7.36988569961e-10 2.47967327366e-10
20671.0478589 8.24700316808e-10 2.94573177086e-10
20694.2737554 6.03991166317e-10 2.46686367086e-10
20717.4996519 5.58169127301e-10 2.57288052638e-10
20740.7255483 7.12856276786e-10 1.93491463997e-10
20763.9514448 5.56439482913e-10 2.55025208735e-10
20787.1773413 5.6832413097e-10 2.76512373667e-10
20810.4032378 6.22674250771e-10 2.20701875872e-10
20833.6291342 6.02831902658e-10 1.91411154997e-10
20856.8550307 5.75681477323e-10 1.948503646e-10
20880.0809272 5.90889746494e-10 2.23654202147e-10
20903.3068236 6.19033419021e-10 1.8788871189e-10
20926.5327201 4.65759365226e-10 1.74710875527e-10
20949.7586166 6.11513312203e-10 1.66541661406e-10
20972.984513 5.51344513444e-10 1.96406603411e-10
20996.2104095 5.27337654176e-10 2.105761647e-10
21019.436306 5.01936434613e-10 1.69053642696e-10
21042.6622025 5.75631778108e-10 1.52560078761e-10
21065.8880989 3.4035143425e-10 1.57277326541e-10
21089.1139954 4.85059777533e-10 1.30562592845e-10
21112.3398919 4.21769048702e-10 1.02620031354e-10
21135.5657883 4.89527216918e-10 1.56221158999e-10
21158.7916848 3.58736000922e-10 1.36921475046e-10
21182.0175813 4.77300209182e-10 1.25899193642e-10
21205.2434778 4.27878819974e-10 1.29211290937e-10
21228.4693742 4.28347164735e-10 1.00310583783e-10
21251.6952707 3.80020963775e-10 1.30071634255e-10
21274.9211672 3.96960419978e-10 1.21490280167e-10
21298.1470636 5.15806997063e-10 1.49888851629e-10
21321.3729601 4.18581397018e-10 1.34475714626e-10
21344.5988566 3.152876657e-10 1.51744171529e-10
21367.824753 2.97725695505e-10 1.70955634861e-10
21391.0506495 3.82878050541e-10 9.9635565021e-11
21414.276546 4.74801406693e-10 1.06539292251e-10
21437.5024425 3.56940842998e-10 1.41067396999e-10
21460.7283389 4.09439466601e-10 1.11259974089e-10
21483.9542354 3.86334793309e-10 9.6526369252e-11
21507.1801319 2.72779588034e-10 1.30318021548e-10
21530.4060283 3.23845392011e-10 1.13864140048e-10
21553.6319248 4.54694484143e-10 1.15141412449e-10
21576.8578213 4.20486566515e-10 1.26243165857e-10
21600.0837178 3.81324233139e-10 9.49447774337e-11
21623.3096142 4.24603410656e-10 1.0321852062e-10
21646.5355107 4.25137486131e-10 1.05953903613e-10
21669.7614072 3.62970950826e-10 9.88467748039e-11
21692.9873036 3.46785898623e-10 1.14212286016e-10
21716.2132001 3.65097913125e-10 9.43105836589e-11
21739.4390966 3.77123318712e-10 8.06797573361e-11
21762.664993 4.12133243212e-10 1.19538454294e-10
21785.8908895 3.5732220925e-10 1.08141312075e-10
21809.116786 3.57320552377e-10 8.65758315318e-11
21832.3426825 3.59422166078e-10 8.00229695643e-11
21855.5685789 3.12860776022e-10 7.70703818062e-11
21878.7944754 2.76122092601e-10 6.01056121368e-11
21902.0203719 3.17811432386e-10 6.84742423663e-11
21925.2462683 3.62477574607e-10 6.87716478235e-11
21948.4721648 3.51516437443e-10 5.29203531582e-11
21971.6980613 2.78724506355e-10 4.91693768541e-11
21994.9239578 2.88416390265e-10 5.50953542236e-11
22018.1498542 2.7736790659e-10 5.51938793698e-11
22041.3757507 3.19101601147e-10 5.76998232045e-11
22064.6016472 3.43514811497e-10 5.33038560608e-11
22087.8275436 3.79178611955e-10 5.770331057e-11
22111.0534401 3.61599698476e-10 5.21346931913e-11
22134.2793366 3.24635777037e-10 4.6226932139e-11
22157.5052331 3.21773255736e-10 4.50130329688e-11
22180.7311295 2.87942704083e-10 3.77594232678e-11
22203.957026 2.85997240077e-10 3.52837860572e-11
22227.1829225 2.76054206658e-10 4.15106289723e-11
22250.4088189 2.84425384102e-10 4.01647201485e-11
22273.6347154 2.8855471046e-10 3.79375847822e-11
22296.8606119 2.94496328555e-10 4.63036994781e-11
22320.0865083 2.47133346371e-10 4.15661108171e-11
22343.3124048 2.42412954859e-10 3.32486432307e-11
22366.5383013 2.55787248819e-10 4.26944814374e-11
22389.7641978 2.79651670539e-10 4.21189822632e-11
22412.9900942 2.81865900818e-10 4.80173403664e-11
22436.2159907 2.71666352063e-10 4.8243429448e-11
22459.4418872 2.80330974205e-10 5.29918420816e-11
22482.6677836 2.6606894394e-10 4.79753782095e-11
22505.8936801 2.7176178126e-10 4.82712067269e-11
22529.1195766 2.79882999902e-10 5.09623949933e-11
22552.3454731 2.52367016652e-10 4.61864103262e-11
22575.5713695 2.14155667079e-10 4.17617788342e-11
22598.797266 2.25985503362e-10 4.86160966496e-11
22622.0231625 2.45403088156e-10 5.26071948203e-11
22645.2490589 2.39088585174e-10 5.08949977706e-11
22668.4749554 2.37491797306e-10 4.78577497929e-11
22691.7008519 2.36991214915e-10 4.69579980931e-11
22714.9267483 2.38137369278e-10 4.41668018527e-11
22738.1526448 2.16748121132e-10 5.11784682271e-11
22761.3785413 2.17553413622e-10 6.19049848623e-11
22784.6044378 2.35913195362e-10 6.4735538846e-11
22807.8303342 2.62505237617e-10 6.2499955128e-11
22831.0562307 2.46311417655e-10 5.1783564995e-11
22854.2821272 2.2613212169e-10 5.36022338233e-11
22877.5080236 2.10399595399e-10 5.49477161687e-11
22900.7339201 2.07682404692e-10 5.90665298831e-11
22923.9598166 1.92120740353e-10 5.38230161839e-11
22947.1857131 1.90146891749e-10 5.73460493685e-11
22970.4116095 2.10002993357e-10 6.44959995134e-11
22993.637506 1.83717691259e-10 5.68931214105e-11
23016.8634025 1.61927729933e-10 5.5933087242e-11
23040.0892989 1.79370219124e-10 6.14008422935e-11
23063.3151954 1.94948768421e-10 6.79582353513e-11
23086.5410919 2.006835513e-10 7.03026323907e-11
23109.7669884 1.85695469954e-10 6.85596190614e-11
23132.9928848 1.76006805811e-10 6.86270634375e-11
23156.2187813 1.45294882356e-10 6.25975637793e-11
23179.4446778 1.44260681379e-10 6.75253551073e-11
23202.6705742 1.55923573154e-10 7.25861312091e-11
23225.8964707 1.71031600479e-10 8.00678976512e-11
23249.1223672 1.62006637653e-10 8.07758304081e-11
23272.3482636 1.55477605346e-10 8.0018453526e-11
23295.5741601 1.63285932574e-10 7.83785293027e-11
23318.8000566 1.51778345682e-10 7.3215850186e-11
23342.0259531 1.38366946359e-10 6.99201248383e-11
23365.2518495 1.35007461435e-10 6.67044578074e-11
23388.477746 1.2960320804e-10 7.12535188641e-11
23411.7036425 1.25327197493e-10 7.53300092311e-11
23434.9295389 1.13992520524e-10 7.0454747481e-11
23458.1554354 1.25218299601e-10 6.74665266536e-11
23481.3813319 1.19937304754e-10 7.30706393003e-11
23504.6072284 1.10219424083e-10 7.31780278146e-11
23527.8331248 1.04569996354e-10 7.62641307773e-11
23551.0590213 1.04587610542e-10 7.47419310177e-11
23574.2849178 1.02157380333e-10 7.11310956481e-11
23597.5108142 9.79766726171e-11 7.25788233411e-11
23620.7367107 9.37697809226e-11 7.56456451858e-11
23643.9626072 9.142639692e-11 7.69487537751e-11
23667.1885036 8.83936935586e-11 7.67294979647e-11
23690.4144001 8.17566868229e-11 7.10153671449e-11
23713.6402966 7.66759089675e-11 7.1885139749e-11
23736.8661931 8.64156237809e-11 7.60500662686e-11
23760.0920895 8.20054794591e-11 7.91388981873e-11
23783.317986 7.65500974665e-11 7.85122186331e-11
23806.5438825 7.86610295347e-11 7.86957773781e-11
23829.7697789 8.21984278221e-11 7.99474223481e-11
23852.9956754 8.59810949022e-11 8.41022472131e-11
23876.2215719 8.5538081157e-11 8.43043588164e-11
23899.4474684 8.61040142421e-11 8.41745826909e-11
23922.6733648 9.04984707736e-11 8.13087954312e-11
23945.8992613 9.01804374652e-11 8.23849002146e-11
23969.1251578 8.46994227582e-11 8.22057310374e-11
23992.3510542 7.67463536284e-11 8.2273312849e-11
24015.5769507 8.15664485907e-11 8.04244295863e-11
24038.8028472 8.98610269875e-11 7.8940176679e-11
24062.0287436 8.57025430057e-11 7.72259225482e-11
24085.2546401 8.38501943473e-11 7.83878769949e-11
24108.4805366 7.56569084954e-11 7.87981829946e-11
24131.7064331 7.72747744492e-11 7.79268127938e-11
24154.9323295 7.69243364616e-11 7.60939068768e-11
24178.158226 6.99547403691e-11 7.54255545317e-11
24201.3841225 7.1715478808e-11 7.74292245583e-11
24224.6100189 7.19444314182e-11 8.10178863513e-11
24247.8359154 6.83642741048e-11 8.39976379873e-11
24271.0618119 7.32984154476e-11 8.4254224309e-11
24294.2877084 7.335040441e-11 8.37753643483e-11
24317.5136048 7.58191053742e-11 8.38679927296e-11
24340.7395013 7.09002590783e-11 8.35091593048e-11
24363.9653978 7.12172777578e-11 8.51278302709e-11
24387.1912942 6.46516654481e-11 8.14682991907e-11
24410.4171907 6.49858509222e-11 8.02365665668e-11
24433.6430872 6.30021180449e-11 8.02465167064e-11
24456.8689837 6.2101994234e-11 7.96025058603e-11
24480.0948801 6.71336704999e-11 8.14222697156e-11
24503.3207766 6.64963860348e-11 8.08775349004e-11
24526.5466731 6.43752233093e-11 8.30746753974e-11
24549.7725695 6.47915494839e-11 8.20757867804e-11
24572.998466 6.63547577178e-11 8.26744196235e-11
24596.2243625 6.16606658145e-11 8.29812705948e-11
24619.4502589 7.09486369983e-11 8.46299139851e-11
24642.6761554 6.92531681045e-11 8.37476142984e-11
24665.9020519 7.31442471531e-11 8.51855000049e-11
24689.1279484 7.07860871783e-11 8.27808619225e-11
24712.3538448 7.02792379909e-11 7.89500046503e-11
24735.5797413 6.63432062986e-11 7.46007626963e-11
24758.8056378 6.25094402607e-11 7.19172798298e-11
24782.0315342 5.57334932101e-11 7.07157279751e-11
24805.2574307 5.36357364284e-11 7.3045289659e-11
24828.4833272 5.81574425392e-11 7.25622879596e-11
24851.7092237 5.37876930367e-11 7.20147942977e-11
24874.9351201 5.06785973701e-11 7.18463640051e-11
24898.1610166 4.97876147029e-11 7.11897237732e-11
24921.3869131 4.33888873104e-11 6.90785798098e-11
24944.6128095 4.13502984972e-11 6.79322995249e-11
24967.838706 4.42021267172e-11 6.92400638552e-11
24991.0646025 4.32197704263e-11 6.94883151492e-11
25014.2904989 4.32936140559e-11 7.02531794673e-11
25037.5163954 4.94995614987e-11 7.05913192007e-11
25060.7422919 4.40879697404e-11 6.65240615607e-11
25083.9681884 4.35683336844e-11 6.5731418001e-11
25107.1940848 4.10547299335e-11 6.42702590577e-11
25130.4199813 3.53839011174e-11 6.3660772518e-11
25153.6458778 3.79866126671e-11 6.38871540512e-11
25176.8717742 3.39243346965e-11 6.11890951171e-11
25200.0976707 3.12893932938e-11 5.93945438242e-11
25223.3235672 3.17486288325e-11 5.86585477281e-11
25246.5494637 2.88198370744e-11 5.99721480876e-11
25269.7753601 3.29306303406e-11 6.05670523505e-11
25293.0012566 3.12705551274e-11 5.97935308799e-11
25316.2271531 3.35160451643e-11 6.31093066448e-11
25339.4530495 3.38197330853e-11 5.93102727567e-11
25362.678946 3.39326180311e-11 6.15297783704e-11
25385.9048425 3.80628541195e-11 6.17196660855e-11
25409.130739 3.85543819282e-11 5.85826550309e-11
25432.3566354 4.29152620105e-11 5.81136626068e-11
25455.5825319 3.86130962907e-11 5.63258870987e-11
25478.8084284 4.32732527687e-11 5.32440439041e-11
25502.0343248 3.78008913506e-11 5.45795795851e-11
25525.2602213 3.76518900236e-11 5.22957959198e-11
25548.4861178 4.03084237883e-11 5.18238610416e-11
25571.7120142 3.68411681125e-11 4.91804677592e-11
25594.9379107 3.6024792344e-11 4.83351224811e-11
25618.1638072 3.2207970317e-11 4.60215218087e-11
25641.3897037 2.74314461467e-11 4.74640919433e-11
25664.6156001 2.84647581071e-11 4.68677197322e-11
25687.8414966 2.62150215707e-11 4.68668487489e-11
25711.0673931 3.16190089897e-11 4.6603620537e-11
25734.2932895 2.70258315382e-11 4.49385253375e-11
25757.519186 2.88484353407e-11 4.39275941946e-11
25780.7450825 2.60275352245e-11 4.47622028223e-11
25803.970979 2.84095600246e-11 4.44292750172e-11
25827.1968754 2.72087423161e-11 4.26489141164e-11
25850.4227719 3.05429225117e-11 4.07793825569e-11
25873.6486684 2.83675619928e-11 3.84970586899e-11
25896.8745648 2.73613523093e-11 3.77362212506e-11
25920.1004613 2.29813403036e-11 3.74998074266e-11
25943.3263578 2.76933939877e-11 3.89027698923e-11
25966.5522542 2.52197524135e-11 4.01195482554e-11
25989.7781507 2.87726073991e-11 3.76094132944e-11
26013.0040472 2.69296707936e-11 3.82185860379e-11
26036.2299437 2.72382735114e-11 3.7814622963e-11
26059.4558401 3.05067550722e-11 3.9272896626e-11
26082.6817366 2.79462163014e-11 3.92237014968e-11
26105.9076331 3.23454579327e-11 3.5873845113e-11
26129.1335295 3.14232950598e-11 3.52348846037e-11
26152.359426 3.14733692572e-11 3.52025156099e-11
26175.5853225 3.00575202708e-11 3.27870643536e-11
26198.811219 3.31407140857e-11 3.11080208851e-11
26222.0371154 3.37135161035e-11 3.00238240232e-11
26245.2630119 3.21665542489e-11 2.8578444238e-11
26268.4889084 3.4105504236e-11 2.67191602697e-11
26291.7148048 3.23479065927e-11 2.82974938184e-11
26314.9407013 3.12623095691e-11 2.64541235793e-11
26338.1665978 2.78662646934e-11 2.59697063933e-11
26361.3924942 2.93245118321e-11 2.54286455777e-11
26384.6183907 2.43354223981e-11 2.67999442572e-11
26407.8442872 2.24500597381e-11 2.76780923933e-11
26431.0701837 2.31393398347e-11 2.65613393813e-11
26454.2960801 2.17335315965e-11 2.69884121269e-11
26477.5219766 2.2798278525e-11 2.50148697374e-11
26500.7478731 2.40455821744e-11 2.35095427576e-11
26523.9737695 2.30865058853e-11 2.40011441198e-11
26547.199666 2.19335818981e-11 2.49477289596e-11
26570.4255625 2.40503839442e-11 2.47967213861e-11
26593.651459 2.29386305003e-11 2.42437320206e-11
26616.8773554 2.2493175132e-11 2.40978078558e-11
26640.1032519 2.34179235207e-11 2.33102404371e-11
26663.3291484 2.49739213791e-11 2.24717029888e-11
26686.5550448 2.57840265398e-11 2.10204412437e-11
26709.7809413 2.3471145791e-11 2.06931281622e-11
26733.0068378 2.46203344615e-11 2.15997290431e-11
26756.2327343 2.53891898531e-11 2.21681163663e-11
26779.4586307 2.53625166983e-11 2.20854092294e-11
26802.6845272 2.77145089245e-11 2.15722440764e-11
26825.9104237 2.85016129994e-11 2.16945854798e-11
26849.1363201 2.96516036925e-11 2.07542113763e-11
26872.3622166 2.9259910154e-11 1.99926852603e-11
26895.5881131 2.86424904251e-11 1.93285017907e-11
26918.8140095 2.82862016573e-11 1.89182677223e-11
26942.039906 2.747371448e-11 1.76423103878e-11
26965.2658025 2.78530378208e-11 1.61221095835e-11
26988.491699 2.65967449823e-11 1.44178955812e-11
27011.7175954 2.66782192437e-11 1.38024151823e-11
27034.9434919 2.57290539391e-11 1.39125948156e-11
27058.1693884 2.38668299722e-11 1.47276672728e-11
27081.3952848 2.35382633943e-11 1.46972128359e-11
27104.6211813 2.29944727311e-11 1.44790034737e-11
27127.8470778 2.27979817709e-11 1.39001161204e-11
27151.0729743 2.2932812438e-11 1.42012212961e-11
27174.2988707 2.14301902324e-11 1.44804740089e-11
27197.5247672 2.08416052626e-11 1.40684880263e-11
27220.7506637 2.14049106834e-11 1.34321830805e-11
27243.9765601 2.14277072933e-11 1.25605376653e-11
27267.2024566 2.1516454953e-11 1.25687307515e-11
27290.4283531 2.09944160553e-11 1.28287400442e-11
27313.6542495 2.04943047e-11 1.30400158991e-11
27336.880146 2.08174200542e-11 1.27210529269e-11
27360.1060425 2.05564083166e-11 1.25655122228e-11
27383.331939 2.03785554417e-11 1.19045610334e-11
27406.5578354 2.16150124956e-11 1.12637213814e-11
27429.7837319 2.19932332735e-11 1.15385152104e-11
27453.0096284 2.23327456665e-11 1.23223246033e-11
27476.2355248 2.22573020234e-11 1.30599059736e-11
27499.4614213 2.23961239006e-11 1.25469099679e-11
27522.6873178 2.26678780793e-11 1.16329597876e-11
27545.9132143 2.21428037023e-11 1.1111222602e-11
27569.1391107 2.21546882082e-11 1.13981836274e-11
27592.3650072 2.22816430321e-11 1.11746360347e-11
27615.5909037 2.27627312664e-11 1.06111313107e-11
27638.8168001 2.31747160535e-11 9.38560344853e-12
27662.0426966 2.32631215161e-11 7.55954180766e-12
27685.2685931 2.26472873978e-11 6.51220766874e-12
27708.4944895 2.14969428651e-11 6.19685547915e-12
27731.720386 2.08467231651e-11 6.43756608997e-12
27754.9462825 2.08732276121e-11 5.37576212289e-12
27778.172179 2.03301624616e-11 4.78354750121e-12
27801.3980754 1.92049464155e-11 5.31482510744e-12
27824.6239719 1.84262423264e-11 6.04415202892e-12
27847.8498684 1.77846247428e-11 6.34234566305e-12
27871.0757648 1.6885903748e-11 6.51453270339e-12
27894.3016613 1.66374623838e-11 6.79439147365e-12
27917.5275578 1.66974695376e-11 5.85676114154e-12
27940.7534543 1.65327273419e-11 5.64079806155e-12
27963.9793507 1.67803455332e-11 5.59698315048e-12
27987.2052472 1.6267521399e-11 5.51874226398e-12
28010.4311437 1.59976913176e-11 5.87094968496e-12
28033.6570401 1.63417811502e-11 5.81758282955e-12
28056.8829366 1.6833824624e-11 4.97192915007e-12
28080.1088331 1.69095982996e-11 5.08744671928e-12
28103.3347296 1.65067056488e-11 4.21663420014e-12
28126.560626 1.62565036532e-11 4.45253403203e-12
28149.7865225 1.6475858522e-11 4.93721873778e-12
28173.012419 1.66318872169e-11 5.27813287257e-12
28196.2383154 1.62109148984e-11 4.51131603333e-12
28219.4642119 1.66396215182e-11 4.61756302374e-12
28242.6901084 1.70359615571e-11 4.80397481472e-12
28265.9160048 1.74072527995e-11 4.77512034222e-12
28289.1419013 1.7726071713e-11 4.14877278601e-12
28312.3677978 1.74741204453e-11 3.51329915829e-12
28335.5936943 1.72776257298e-11 3.16709657045e-12
28358.8195907 1.66360115666e-11 3.02925308844e-12
28382.0454872 1.66270013281e-11 2.76699676314e-12
28405.2713837 1.62594112075e-11 2.36638868638e-12
28428.4972801 1.58743522843e-11 1.82330340922e-12
28451.7231766 1.4967099131e-11 1.76567178432e-12
28474.9490731 1.45678245493e-11 2.21042865562e-12
28498.1749696 1.38258728442e-11 2.71069354018e-12
28521.400866 1.41111562788e-11 2.4889231924e-12
28544.6267625 1.32729200434e-11 2.37292565423e-12
28567.852659 1.30751599228e-11 2.34888087803e-12
28591.0785554 1.27084182368e-11 2.80482040028e-12
28614.3044519 1.201800036e-11 2.67551241614e-12
28637.5303484 1.24034442267e-11 2.23716476735e-12
28660.7562448 1.22689046275e-11 2.19058443283e-12
28683.9821413 1.28790651553e-11 2.08365903191e-12
28707.2080378 1.24690708489e-11 1.99928427274e-12
28730.4339343 1.24508697217e-11 1.78686597302e-12
28753.6598307 1.28856880291e-11 1.74440406853e-12
28776.8857272 1.25359516484e-11 1.47935283492e-12
28800.1116237 1.21023504953e-11 1.72034915397e-12
28823.3375201 1.17629900937e-11 1.97881547535e-12
28846.5634166 1.17639603631e-11 1.96243000801e-12
28869.7893131 1.17865441626e-11 2.11425649859e-12
28893.0152096 1.16979508055e-11 1.88053846583e-12
28916.241106 1.17724403976e-11 1.90876904961e-12
28939.4670025 1.16380303648e-11 2.06336202232e-12
28962.692899 1.18992106609e-11 2.11038508861e-12
28985.9187954 1.21984138874e-11 1.82541192578e-12
29009.1446919 1.24758813763e-11 1.25007541546e-12
29032.3705884 1.29465304457e-11 1.13203206374e-12
29055.5964849 1.27878906819e-11 8.20001687121e-13
29078.8223813 1.22908509622e-11 7.81562729913e-13
29102.0482778 1.14886133209e-11 7.20319377268e-13
29125.2741743 1.11509702753e-11 6.75089383145e-13
29148.5000707 1.06634765514e-11 7.04823446793e-13
29171.7259672 1.01433302318e-11 8.39463145091e-13
29194.9518637 9.49222015511e-12 6.84404737831e-13
29218.1777601 9.41183376472e-12 5.09097932666e-13
29241.4036566 9.0081548218e-12 7.87188939877e-13
29264.6295531 9.13866609288e-12 5.6152460712e-13
29287.8554496 9.16610870033e-12 7.42814579845e-13
29311.081346 9.08785027747e-12 8.92263928441e-13
29334.3072425 8.81839072087e-12 9.50436012655e-13
29357.533139 8.37379766645e-12 1.30541812275e-12
29380.7590354 8.39293369364e-12 1.07968922812e-12
29403.9849319 8.29921108743e-12 9.2705402792e-13
29427.2108284 8.20835488594e-12 9.8269881698e-13
29450.4367249 8.19764454212e-12 1.02638102029e-12
29473.6626213 8.12823030915e-12 1.14956258991e-12
29496.8885178 8.03551411464e-12 1.09135132269e-12
29520.1144143 7.61722633752e-12 1.2709652706e-12
29543.3403107 7.39544242558e-12 1.04814072908e-12
29566.5662072 7.36018902893e-12 1.33325588143e-12
29589.7921037 7.27349133304e-12 1.16370485161e-12
29613.0180001 7.0197839033e-12 9.77960732447e-13
29636.2438966 6.52915586741e-12 1.03607832311e-12
29659.4697931 6.31850182583e-12 8.88661316322e-13
29682.6956896 6.61252748893e-12 1.07464529049e-12
29705.921586 7.23297601533e-12 7.0415257882e-13
29729.1474825 7.22786911195e-12 7.95028882058e-13
29752.373379 6.97879642981e-12 8.24414895018e-13
29775.5992754 6.97883245142e-12 8.83958325047e-13
29798.8251719 6.78480798341e-12 5.99034544039e-13
29822.0510684 7.22331604757e-12 6.53050256834e-13
29845.2769649 7.21759675155e-12 7.88043107843e-13
29868.5028613 7.26404658605e-12 1.10387339378e-12
29891.7287578 6.62646829219e-12 1.27668359311e-12
29914.9546543 6.0962983757e-12 1.46532764487e-12
29938.1805507 5.65698794333e-12 1.15735582765e-12
29961.4064472 5.5808618703e-12 1.34457086401e-12
29984.6323437 5.52813846916e-12 1.52415262198e-12
30007.8582401 5.61282707644e-12 1.50872760809e-12
30031.0841366 5.3584567921e-12 1.45498973104e-12
30054.3100331 5.3484415596e-12 1.53765844296e-12
30077.5359296 5.29752760223e-12 1.44847906525e-12
30100.761826 5.16886888135e-12 1.38845231843e-12
30123.9877225 4.95652042732e-12 1.39719411997e-12
30147.213619 4.79335634917e-12 1.22527447116e-12
30170.4395154 4.59946615308e-12 1.29334667481e-12
30193.6654119 4.92185603686e-12 1.067296261e-12
30216.8913084 4.72929018551e-12 1.12459261519e-12
30240.1172049 4.72435799139e-12 1.10985192138e-12
30263.3431013 4.56948403555e-12 8.69487956916e-13
30286.5689978 4.58773275157e-12 8.82533041613e-13
30309.7948943 4.47759002725e-12 7.60593507029e-13
30333.0207907 4.52209005631e-12 8.41657934043e-13
30356.2466872 4.27843074009e-12 1.05470129605e-12
30379.4725837 3.94549378253e-12 9.83997970156e-13
30402.6984802 4.02866624401e-12 1.09991229547e-12
30425.9243766 3.8751398945e-12 8.81860975112e-13
30449.1502731 4.00021968791e-12 1.26450233893e-12
30472.3761696 4.22102737819e-12 1.00027758293e-12
30495.602066 4.3586565496e-12 1.09692393885e-12
30518.8279625 4.41395571626e-12 9.60165657528e-13
30542.053859 4.36046613988e-12 1.18298292314e-12
30565.2797554 4.34861142037e-12 1.05364834874e-12
30588.5056519 4.2502472871e-12 1.13993660773e-12
30611.7315484 4.000407192e-12 1.1111276225e-12
30634.9574449 3.94312917914e-12 1.16914068052e-12
30658.1833413 3.76746708193e-12 9.71082128194e-13
30681.4092378 3.52092933852e-12 1.0648035269e-12
30704.6351343 3.46595687069e-12 1.09384554807e-12
30727.8610307 3.05474380522e-12 9.39252199241e-13
30751.0869272 2.99022907532e-12 1.09010907494e-12
30774.3128237 2.8178987221e-12 9.46456846552e-13
30797.5387202 2.77641447628e-12 1.18101377239e-12
30820.7646166 2.88056607275e-12 8.85710146707e-13
30843.9905131 2.86189692816e-12 8.99369056177e-13
30867.2164096 2.84444250463e-12 8.39815762018e-13
30890.442306 2.74040874912e-12 9.39767315638e-13
30913.6682025 2.74705830128e-12 8.52706121304e-13
30936.894099 2.58769251093e-12 8.96179345903e-13
30960.1199954 2.67286908705e-12 8.87193545225e-13
30983.3458919 2.63793853428e-12 7.49608041913e-13
31006.5717884 2.61989624746e-12 8.60423645688e-13
31029.7976849 2.70957553014e-12 7.55518775235e-13
31053.0235813 2.63465227826e-12 8.06608699531e-13
31076.2494778 2.70160785404e-12 7.30855095104e-13
31099.4753743 2.47215454923e-12 7.74605712048e-13
31122.7012707 2.41496185344e-12 9.49947718514e-13
31145.9271672 2.41246309675e-12 8.00766259757e-13
31169.1530637 2.20383111254e-12 8.09556375849e-13
31192.3789602 2.40805127052e-12 7.96244717423e-13
31215.6048566 2.54535127165e-12 7.41929631512e-13
31238.8307531 2.61860037115e-12 6.86969029059e-13
31262.0566496 2.64127815133e-12 7.14883903504e-13
31285.282546 2.55703569581e-12 6.90247389986e-13
31308.5084425 2.44043609816e-12 6.42762109784e-13
31331.734339 2.2945703635e-12 6.35324938036e-13
31354.9602355 2.23348072869e-12 6.46853602429e-13
31378.1861319 2.03231249345e-12 6.30967554541e-13
31401.4120284 1.91360886208e-12 6.463332125e-13
31424.6379249 1.73243551519e-12 6.43439456556e-13
31447.8638213 1.77112191458e-12 5.84102300088e-13
31471.0897178 1.69839506713e-12 5.45758532634e-13
31494.3156143 1.69535319931e-12 6.20497029135e-13
31517.5415107 1.73973736126e-12 6.28626132894e-13
31540.7674072 1.63166723632e-12 6.50355117492e-13
31563.9933037 1.680105157e-12 6.93121318013e-13
31587.2192002 1.7309903262e-12 6.85319647558e-13
31610.4450966 1.8294728204e-12 6.64615078025e-13
31633.6709931 1.78260803008e-12 6.42090641386e-13
31656.8968896 1.72990018581e-12 6.44184378822e-13
31680.122786 1.69125046512e-12 6.14575137183e-13
31703.3486825 1.59702413227e-12 5.63291406645e-13
31726.574579 1.57850409749e-12 5.32587445902e-13
31749.8004755 1.6424928945e-12 4.77716190013e-13
31773.0263719 1.69372656358e-12 4.34719371312e-13
31796.2522684 1.75010526623e-12 4.26992529055e-13
31819.4781649 1.68684972013e-12 4.06855131788e-13
31842.7040613 1.64233487549e-12 4.26381136639e-13
31865.9299578 1.45815214883e-12 3.98057303511e-13
31889.1558543 1.42950808538e-12 4.06926749414e-13
31912.3817507 1.42188983723e-12 4.10132660702e-13
31935.6076472 1.40804460903e-12 4.06709410663e-13
31958.8335437 1.42007322693e-12 3.91424194965e-13
31982.0594402 1.41152166119e-12 3.87002891484e-13
32005.2853366 1.42373824798e-12 3.55744683921e-13
32028.5112331 1.39554335288e-12 3.72273757309e-13
32051.7371296 1.38334132992e-12 3.66272037468e-13
32074.963026 1.31350973378e-12 3.75990216812e-13
32098.1889225 1.21796264998e-12 3.88087386948e-13
32121.414819 1.22982394431e-12 3.73378073637e-13
32144.6407155 1.17858976383e-12 3.58552141504e-13
32167.8666119 1.14925127009e-12 3.62498691763e-13
32191.0925084 1.0896009595e-12 3.3755723596e-13
32214.3184049 1.07939909189e-12 3.2727481396e-13
32237.5443013 1.06773320921e-12 3.2092464255e-13
32260.7701978 1.09992183729e-12 3.28513709392e-13
32283.9960943 1.16189879857e-12 3.23907744502e-13
32307.2219907 1.15387204295e-12 3.039370905e-13
32330.4478872 1.14801089541e-12 2.94572539223e-13
32353.6737837 1.07062779922e-12 2.62436098905e-13
32376.8996802 1.07224761666e-12 2.54412019297e-13
32400.1255766 1.01445049044e-12 2.68923907516e-13
32423.3514731 1.01538411802e-12 2.32256921095e-13
32446.5773696 9.6952779322e-13 2.03446574607e-13
32469.803266 9.71237755568e-13 1.8021134372e-13
32493.0291625 9.28726345913e-13 1.72470095923e-13
32516.255059 9.30692144789e-13 1.61897530792e-13
32539.4809555 9.24518839555e-13 1.46240423679e-13
32562.7068519 8.9125941106e-13 1.40418377052e-13
32585.9327484 8.56681987349e-13 1.5086293912e-13
32609.1586449 8.4494461189e-13 1.61178134675e-13
32632.3845413 7.96825098779e-13 1.64191235771e-13
32655.6104378 7.96671780401e-13 1.65175113009e-13
32678.8363343 7.88386944345e-13 1.72619966528e-13
32702.0622308 8.16354811974e-13 1.79508137863e-13
32725.2881272 8.12117571235e-13 1.81009272254e-13
32748.5140237 8.22144361041e-13 1.78064929669e-13
32771.7399202 7.9840192337e-13 1.8631781383e-13
32794.9658166 7.95194496073e-13 1.71262048011e-13
32818.1917131 7.81508855679e-13 1.68817348371e-13
32841.4176096 7.48070446283e-13 1.64351277754e-13
32864.643506 7.59358245393e-13 1.37604427437e-13
32887.8694025 7.38365090124e-13 1.15117867333e-13
32911.095299 7.22655465515e-13 1.02908229788e-13
32934.3211955 6.78896379817e-13 1.09416472753e-13
32957.5470919 6.6912129296e-13 1.03630857904e-13
32980.7729884 6.2299321727e-13 1.06234595504e-13
33003.9988849 5.98383457782e-13 1.09419592727e-13
33027.2247813 5.85205976607e-13 1.23377127832e-13
33050.4506778 5.66242847301e-13 1.35879780663e-13
33073.6765743 5.5362376283e-13 1.44501311829e-13
33096.9024708 5.44263497772e-13 1.45641979712e-13
33120.1283672 5.33609162927e-13 1.40466730053e-13
33143.3542637 5.37358861559e-13 1.42143934248e-13
33166.5801602 5.14079625246e-13 1.42152978586e-13
33189.8060566 5.25742322767e-13 1.38869426473e-13
33213.0319531 5.11332030544e-13 1.19593855073e-13
33236.2578496 5.05717921677e-13 1.07755101156e-13
33259.483746 5.28137410033e-13 8.71322250133e-14
33282.7096425 5.30222339149e-13 7.76021192724e-14
33305.935539 5.33375830562e-13 7.5141092595e-14
33329.1614355 5.2395905627e-13 6.48520353782e-14
33352.3873319 5.15118976638e-13 8.0871754596e-14
33375.6132284 5.04968311564e-13 9.61860884929e-14
33398.8391249 5.24924432608e-13 1.00817155298e-13
33422.0650213 5.2263990844e-13 9.88202172512e-14
33445.2909178 4.99064488315e-13 1.10618649602e-13
33468.5168143 4.92328569667e-13 1.17273044645e-13
33491.7427108 4.64750967463e-13 1.18811041411e-13
33514.9686072 4.53199300189e-13 1.15150712811e-13
33538.1945037 4.32756703749e-13 1.0187381073e-13
33561.4204002 4.2881249931e-13 9.70316797203e-14
33584.6462966 4.08873001618e-13 8.89128121072e-14
33607.8721931 4.03954480412e-13 7.55574352389e-14
33631.0980896 3.8658599467e-13 6.10093389138e-14
33654.3239861 3.68811984651e-13 5.35048192664e-14
33677.5498825 3.6870446811e-13 4.01225224063e-14
33700.775779 3.67678760075e-13 3.11589670523e-14
33724.0016755 3.64158974877e-13 4.09351688914e-14
33747.2275719 3.64117594289e-13 4.57289395419e-14
33770.4534684 3.57043734166e-13 5.8547076336e-14
33793.6793649 3.49582620893e-13 6.81041394798e-14
33816.9052613 3.53116236636e-13 7.55005957113e-14
33840.1311578 3.44117947537e-13 8.50716604646e-14
33863.3570543 3.37191835476e-13 7.71399666796e-14
33886.5829508 3.1648834403e-13 8.24036022587e-14
33909.8088472 3.22040015175e-13 7.40674437195e-14
33933.0347437 3.0721747021e-13 7.03399234613e-14
33956.2606402 3.07106445266e-13 6.22066586048e-14
33979.4865366 3.06593539048e-13 5.09986306928e-14
34002.7124331 2.92838600819e-13 4.09082893927e-14
34025.9383296 2.99225720841e-13 2.9371705418e-14
34049.1642261 3.07621778215e-13 1.44466443878e-14
34072.3901225 2.88094935846e-13 9.65758216961e-15
34095.616019 2.79858419682e-13 1.02830563247e-14
34118.8419155 2.79627015706e-13 1.6955213961e-14
34142.0678119 2.60736432529e-13 3.1780386921e-14
34165.2937084 2.54922232355e-13 4.312973501e-14
34188.5196049 2.3777037296e-13 4.8300521796e-14
34211.7455013 2.34856141393e-13 5.47905456681e-14
34234.9713978 2.23237200435e-13 5.69663237429e-14
34258.1972943 2.19644808167e-13 5.7723047429e-14
34281.4231908 2.10541633051e-13 5.62764311078e-14
34304.6490872 1.98310792243e-13 6.00844505494e-14
34327.8749837 2.05716984555e-13 4.80779017912e-14
34351.1008802 1.96238957102e-13 4.19494188001e-14
34374.3267766 1.87335840137e-13 4.04015502687e-14
34397.5526731 1.91597483315e-13 2.49099311109e-14
34420.7785696 1.86996495803e-13 1.41697009897e-14
34444.0044661 1.8583357991e-13 9.23361503108e-15
34467.2303625 1.94335990269e-13 1.30746147456e-14
34490.456259 1.89042326881e-13 2.21508709253e-14
34513.6821555 1.91840015894e-13 3.31617898395e-14
34536.9080519 1.7823997922e-13 3.95057159724e-14
34560.1339484 1.73446161693e-13 5.2818333375e-14
34583.3598449 1.65812300391e-13 5.33640202253e-14
34606.5857413 1.56158312692e-13 6.09407758556e-14
34629.8116378 1.50550890758e-13 5.97869737288e-14
34653.0375343 1.44565887714e-13 6.08621455624e-14
34676.2634308 1.41482153382e-13 5.22605711089e-14
34699.4893272 1.33665652455e-13 5.14394054711e-14
34722.7152237 1.30780927244e-13 4.49721896372e-14
34745.9411202 1.35204116954e-13 3.42275497113e-14
34769.1670166 1.22843117785e-13 3.22249102773e-14
34792.3929131 1.26529445043e-13 1.9770452449e-14
34815.6188096 1.35588063781e-13 4.49290899421e-15
34838.8447061 1.30529949469e-13 5.4250591111e-15
34862.0706025 1.34365152502e-13 1.25229900752e-14
34885.296499 1.33792397466e-13 2.96731598057e-14
34908.5223955 1.33145052047e-13 3.26496571378e-14
34931.7482919 1.22811465278e-13 4.21574988854e-14
34954.9741884 1.29495128858e-13 4.81576211014e-14
34978.2000849 1.212636738e-13 5.20111826703e-14
35001.4259814 1.16712811464e-13 5.28533144701e-14
35024.6518778 1.07844117727e-13 5.90570330968e-14
35047.8777743 1.04156960981e-13 5.14934916404e-14
35071.1036708 9.9070028241e-14 5.34986543839e-14
35094.3295672 1.01034907786e-13 4.47953384333e-14
35117.5554637 9.65432432474e-14 4.45363976925e-14
35140.7813602 9.73520769102e-14 3.47828235094e-14
35164.0072566 9.3162366116e-14 2.460289298e-14
35187.2331531 9.80893735366e-14 2.09993426754e-14
35210.4590496 9.8069963723e-14 9.97358651423e-15
35233.6849461 1.03072392675e-13 9.92432131565e-15
35256.9108425 1.01451416228e-13 1.04744357541e-14
35280.136739 9.7244859846e-14 1.47000750191e-14
35303.3626355 9.46001519247e-14 2.23331348556e-14
35326.5885319 9.09451199986e-14 2.61504170782e-14
35349.8144284 8.66783286642e-14 3.14716609468e-14
35373.0403249 7.72940381028e-14 3.50192356211e-14
35396.2662214 7.06518432025e-14 3.78939418667e-14
35419.4921178 6.56207827607e-14 4.24619277813e-14
35442.7180143 6.30270805025e-14 4.10234455108e-14
35465.9439108 6.25641252698e-14 4.14079476813e-14
35489.1698072 6.15296590047e-14 4.15273226742e-14
35512.3957037 5.97837531005e-14 3.81076063941e-14
35535.6216002 6.15951127588e-14 3.64730237808e-14
35558.8474966 6.28966716606e-14 3.3173667225e-14
35582.0733931 6.81205385012e-14 3.00484490195e-14
35605.2992896 6.91668721701e-14 2.63199883069e-14
35628.5251861 6.98613487919e-14 2.30710090161e-14
35651.7510825 6.99771396557e-14 2.22774107046e-14
35674.976979 6.73189950303e-14 1.9678734168e-14
35698.2028755 6.39668613489e-14 1.87038618961e-14
35721.4287719 5.77683366681e-14 2.09156643851e-14
35744.6546684 5.02000247456e-14 2.26195211409e-14
35767.8805649 4.4759287685e-14 2.4318553772e-14
35791.1064614 3.86835997229e-14 2.80245550621e-14
35814.3323578 3.34063350045e-14 2.89809475239e-14
35837.5582543 3.11442680782e-14 2.9165249487e-14
35860.7841508 2.84632065114e-14 3.13206638142e-14
35884.0100472 3.02966415206e-14 3.12348370139e-14
35907.2359437 3.12019819486e-14 3.07560774054e-14
35930.4618402 3.29231205839e-14 2.99959969472e-14
35953.6877366 3.30411057097e-14 2.91721651449e-14
35976.9136331 3.39627224915e-14 2.83683952715e-14
36000.1395296 3.75445681214e-14 2.80738521975e-14
36023.3654261 3.69856977012e-14 2.75941746242e-14
36046.5913225 3.78976015949e-14 2.74068064232e-14
36069.817219 3.6939158963e-14 2.82581187792e-14
36093.0431155 3.51964075312e-14 2.86274282521e-14
36116.2690119 3.141375664e-14 2.86101753747e-14
36139.4949084 2.927843628e-14 2.93503092686e-14
36162.7208049 2.3680646182e-14 2.93208162818e-14
36185.9467014 1.8453106567e-14 2.85339315548e-14
36209.1725978 1.75006126222e-14 2.77921317264e-14
36232.3984943 1.62155098402e-14 2.62228882128e-14
36255.6243908 1.69987249921e-14 2.46916184622e-14
36278.8502872 2.08495789681e-14 2.27946995579e-14
36302.0761837 2.29366153464e-14 2.09748765644e-14
36325.3020802 2.51621303342e-14 2.02508501218e-14
36348.5279767 2.89043596772e-14 2.03679907926e-14
36371.7538731 2.88967651035e-14 2.03537437202e-14
36394.9797696 2.83604602561e-14 2.12771116178e-14
36418.2056661 2.88139466626e-14 2.4025127373e-14
36441.4315625 2.62780784613e-14 2.62296019012e-14
36464.657459 2.42927537865e-14 2.8744691269e-14
36487.8833555 2.15292351605e-14 3.08818014522e-14
36511.1092519 1.95488902234e-14 3.29835644092e-14
36534.3351484 1.67640009682e-14 3.38157561255e-14
36557.5610449 1.33122430232e-14 3.42683227213e-14
36580.7869414 1.04841394896e-14 3.43098186631e-14
36604.0128378 1.03041699466e-14 3.34015350252e-14
36627.2387343 1.15704630614e-14 3.15545309294e-14
36650.4646308 1.39593196724e-14 2.98398043033e-14
36673.6905272 1.82983299811e-14 2.70848540778e-14
36696.9164237 2.0882138133e-14 2.47919222106e-14
36720.1423202 2.3828858486e-14 2.20553023644e-14
36743.3682167 2.58877516667e-14 1.98037556774e-14
36766.5941131 2.59155842262e-14 1.76037966589e-14
36789.8200096 2.64786048535e-14 1.65891689694e-14
36813.0459061 2.62541359164e-14 1.72889258353e-14
36836.2718025 2.47083128059e-14 1.84744226061e-14
36859.497699 2.25805185871e-14 2.06671786924e-14
36882.7235955 2.03153421138e-14 2.3802940901e-14
36905.9494919 1.71326905847e-14 2.63324316589e-14
36929.1753884 1.3542293501e-14 2.91855207385e-14
36952.4012849 9.45253021786e-15 3.13366831711e-14
36975.6271814 6.45989344357e-15 3.31078894253e-14
36998.8530778 4.14082005059e-15 3.40033334877e-14
37022.0789743 4.73631283341e-15 3.45031455009e-14
37045.3048708 7.41258617038e-15 3.45071582816e-14
37068.5307672 1.08002508119e-14 3.36176628335e-14
37091.7566637 1.36463038859e-14 3.25209077778e-14
37114.9825602 1.58974084175e-14 3.05144934145e-14
37138.2084567 1.73250582329e-14 2.81054820595e-14
37161.4343531 1.87349109764e-14 2.5685506554e-14
37184.6602496 1.90955244837e-14 2.31461143613e-14
37207.8861461 1.87698793758e-14 2.06138163483e-14
37231.1120425 1.84946768589e-14 1.90008320964e-14
37254.337939 1.74415096359e-14 1.78913132437e-14
37277.5638355 1.5885758921e-14 1.73231502471e-14
37300.789732 1.39389601967e-14 1.78829195349e-14
37324.0156284 1.18490456375e-14 1.92648827897e-14
37347.2415249 9.71054873621e-15 2.11217845051e-14
37370.4674214 7.8993038632e-15 2.31822603523e-14
37393.6933178 5.99567622321e-15 2.51009143739e-14
37416.9192143 4.26937721895e-15 2.69796363607e-14
37440.1451108 3.60482266214e-15 2.86803758333e-14
37463.3710072 4.66399182531e-15 2.99738190166e-14
37486.5969037 5.99575369869e-15 3.07430389755e-14
37509.8228002 7.58349985363e-15 3.12922772873e-14
37533.0486967 8.50299110473e-15 3.12950922421e-14
37556.2745931 9.53679257534e-15 3.08398910498e-14
37579.5004896 1.00993720065e-14 2.99332198194e-14
37602.7263861 1.05976810973e-14 2.87455138599e-14
37625.9522825 1.06976262982e-14 2.71738323326e-14
37649.178179 1.07481885456e-14 2.5389251965e-14
37672.4040755 1.06638449388e-14 2.35359904139e-14
37695.629972 1.05686764815e-14 2.16669208902e-14
37718.8558684 1.0682693687e-14 2.00433921902e-14
37742.0817649 1.06523880167e-14 1.87517668292e-14
37765.3076614 1.07085141559e-14 1.8104779975e-14
37788.5335578 1.06989365546e-14 1.81104434619e-14
37811.7594543 1.07744470105e-14 1.89177696606e-14
37834.9853508 1.06873179713e-14 2.00751357634e-14
37858.2112472 1.07308498115e-14 2.17345975962e-14
37881.4371437 1.02325678095e-14 2.35076164212e-14
37904.6630402 9.8961568332e-15 2.53236282163e-14
37927.8889367 9.5398442675e-15 2.6954094103e-14
37951.1148331 9.06195058527e-15 2.83935796535e-14
37974.3407296 8.40594476984e-15 2.95327346113e-14
37997.5666261 7.57663354402e-15 3.03055169957e-14
38020.7925225 6.66805240621e-15 3.07483478339e-14
38044.018419 5.80625249016e-15 3.07448557498e-14
38067.2443155 5.59924536612e-15 3.03680235912e-14
38090.470212 6.09504839085e-15 2.95886914423e-14
38113.6961084 7.08330441515e-15 2.8468204649e-14
38136.9220049 8.13653760251e-15 2.69629775165e-14
38160.1479014 9.19876290303e-15 2.53190404995e-14
38183.3737978 1.02756293177e-14 2.35109013266e-14
38206.5996943 1.13703212609e-14 2.17623194455e-14
38229.8255908 1.22121529786e-14 2.01530441208e-14
38253.0514872 1.28767916562e-14 1.88140621449e-14
38276.2773837 1.32079740211e-14 1.80128123089e-14
38299.5032802 1.33023064367e-14 1.78173239957e-14
38322.7291767 1.31160251119e-14 1.82818213728e-14
38345.9550731 1.27074939853e-14 1.93607771499e-14
38369.1809696 1.19196555306e-14 2.08323729938e-14
38392.4068661 1.09676864592e-14 2.25497458367e-14
38415.6327625 9.80998398968e-15 2.43114566372e-14
38438.858659 8.53981346833e-15 2.59884694219e-14
38462.0845555 7.16656512048e-15 2.74695827916e-14
38485.310452 5.77964476437e-15 2.85934250374e-14
38508.5363484 4.67258632906e-15 2.93893252875e-14
38531.7622449 4.35617779575e-15 2.98032053993e-14
38554.9881414 4.81585356767e-15 2.97693856568e-14
38578.2140378 5.86680117971e-15 2.93321299998e-14
38601.4399343 7.13002373867e-15 2.84498461314e-14
38624.6658308 8.41812541258e-15 2.72377159221e-14
38647.8917273 9.62193484094e-15 2.5684543157e-14
38671.1176237 1.06620051837e-14 2.38871694069e-14
38694.3435202 1.14836914657e-14 2.19714177789e-14
38717.5694167 1.21439544291e-14 2.00461701379e-14
38740.7953131 1.26596972842e-14 1.84677215513e-14
38764.0212096 1.28917974516e-14 1.73078061096e-14
38787.2471061 1.30239746608e-14 1.6893914798e-14
38810.4730025 1.2838348659e-14 1.72175170543e-14
38833.698899 1.24338970831e-14 1.83021004712e-14
38856.9247955 1.17678264756e-14 1.99069920383e-14
38880.150692 1.09165377032e-14 2.17935165218e-14
38903.3765884 9.95674923282e-15 2.37750579319e-14
38926.6024849 8.87161073459e-15 2.56370637147e-14
38949.8283814 7.7201046885e-15 2.72842466803e-14
38973.0542778 6.61054853367e-15 2.86309769363e-14
38996.2801743 5.72099179932e-15 2.96203852452e-14
39019.5060708 5.13863987826e-15 3.01858207785e-14
39042.7319673 5.0680956519e-15 3.02844582334e-14
39065.9578637 5.55112232924e-15 2.99645944306e-14
39089.1837602 6.39276748168e-15 2.92006719425e-14
39112.4096567 7.46427568288e-15 2.80393085773e-14
39135.6355531 8.58526872409e-15 2.65467246868e-14
39158.8614496 9.73189098898e-15 2.48054650206e-14
39182.0873461 1.07715847085e-14 2.2894845403e-14
39205.3132425 1.16508275948e-14 2.09831585535e-14
39228.539139 1.23483640403e-14 1.92296508248e-14
39251.7650355 1.28122186781e-14 1.78222476799e-14
39274.990932 1.30258223611e-14 1.69682982224e-14
39298.2168284 1.29974422515e-14 1.68277810543e-14
39321.4427249 1.27019445594e-14 1.7390748706e-14
39344.6686214 1.21930453333e-14 1.85600196034e-14
39367.8945178 1.1482870988e-14 2.01294721889e-14
39391.1204143 1.05535323096e-14 2.18792488666e-14
39414.3463108 9.46676841066e-15 2.36457545671e-14
39437.5722073 8.22751975926e-15 2.53010931989e-14
39460.7981037 6.93715253558e-15 2.67269014403e-14
39484.0240002 5.73903234583e-15 2.78652035701e-14
39507.2498967 4.77599540014e-15 2.8626078142e-14
39530.4757931 4.38663342974e-15 2.89995864942e-14
39553.7016896 4.71606687911e-15 2.89497841125e-14
39576.9275861 5.62487850215e-15 2.85039915894e-14
39600.1534826 6.80289331429e-15 2.76539982508e-14
39623.379379 8.07498971714e-15 2.64620373363e-14
39646.6052755 9.32893432611e-15 2.49722792538e-14
39669.831172 1.04443806614e-14 2.32543295015e-14
39693.0570684 1.13873604831e-14 2.14251212981e-14
39716.2829649 1.21081586593e-14 1.96327391397e-14
39739.5088614 1.26037141553e-14 1.8061727959e-14
39762.7347578 1.2862615168e-14 1.69294186919e-14
39785.9606543 1.28617194419e-14 1.64293871953e-14
39809.1865508 1.26239920016e-14 1.66811185559e-14
39832.4124473 1.217008422e-14 1.76306523112e-14
39855.6383437 1.15049940138e-14 1.91114111418e-14
39878.8642402 1.06513566526e-14 2.08942863112e-14
39902.0901367 9.64274695478e-15 2.27971054502e-14
39925.3160331 8.51755832804e-15 2.46280797554e-14
39948.5419296 7.38381654915e-15 2.6271449905e-14
39971.7678261 6.31648574134e-15 2.76369189489e-14
39994.9937226 5.46306914757e-15 2.86411452274e-14
40018.219619 5.01996965286e-15 2.92524939168e-14
40041.4455155 5.10944752134e-15 2.94346207714e-14
40064.671412 5.70072285016e-15 2.91866624897e-14
40087.8973084 6.59717954337e-15 2.85173760151e-14
40111.1232049 7.62353186897e-15 2.7452643693e-14
40134.3491014 8.66950277649e-15 2.60422457978e-14
40157.5749978 9.63813204656e-15 2.43572392855e-14
40180.8008943 1.05090427253e-14 2.25008114754e-14
40204.0267908 1.12278338496e-14 2.05997683833e-14
40227.2526873 1.17788411777e-14 1.88216865969e-14
40250.4785837 1.21339749654e-14 1.73712184794e-14
40273.7044802 1.22866085907e-14 1.6462972619e-14
40296.9303767 1.22414540547e-14 1.62665619611e-14
40320.1562731 1.19860335931e-14 1.68034564964e-14
40343.3821696 1.15471198457e-14 1.79596245217e-14
40366.6080661 1.09228587556e-14 1.95302354406e-14
40389.8339626 1.01431522279e-14 2.12975925757e-14
40413.059859 9.23967445503e-15 2.30889083774e-14
40436.2857555 8.24713918639e-15 2.4751968575e-14
40459.511652 7.22723989323e-15 2.61855688136e-14
40482.7375484 6.267733752e-15 2.73130250838e-14
40505.9634449 5.49113972359e-15 2.80798533846e-14
40529.1893414 5.04924723662e-15 2.84525862487e-14
40552.4152378 5.07479897876e-15 2.84205713888e-14
40575.6411343 5.56553754434e-15 2.79801478391e-14
40598.8670308 6.39296324625e-15 2.71565853875e-14
40622.0929273 7.40046590417e-15 2.59880920011e-14
40645.3188237 8.451195408e-15 2.45322717786e-14
40668.5447202 9.4604282885e-15 2.28665780874e-14
40691.7706167 1.0376466981e-14 2.11037260607e-14
40714.9965131 1.11551595286e-14 1.9380404129e-14
40738.2224096 1.17611615336e-14 1.78728206835e-14
40761.4483061 1.21691467909e-14 1.67752160645e-14
40784.6742026 1.23702342415e-14 1.62697320882e-14
40807.900099 1.23526010382e-14 1.64564644264e-14
40831.1259955 1.21230309905e-14 1.72968425618e-14
40854.351892 1.16775947188e-14 1.864117807e-14
40877.5777884 1.10296745765e-14 2.0296008428e-14
40900.8036849 1.01992247219e-14 2.20667539734e-14
40924.0295814 9.21896045243e-15 2.38050182936e-14
40947.2554779 8.13598421207e-15 2.53828161243e-14
40970.4813743 7.01857875568e-15 2.67074205375e-14
40993.7072708 5.96793454585e-15 2.77153417399e-14
41016.9331673 5.14792534821e-15 2.83581175531e-14
41040.1590637 4.76865128482e-15 2.86076780553e-14
41063.3849602 4.97747142918e-15 2.84520136012e-14
41086.6108567 5.69543571676e-15 2.78970536311e-14
41109.8367531 6.71622119384e-15 2.6961978421e-14
41133.0626496 7.85914605921e-15 2.56918305637e-14
41156.2885461 8.99602047831e-15 2.41478835799e-14
41179.5144426 1.0047871686e-14 2.24112231477e-14
41202.740339 1.096069676e-14 2.06013775802e-14
41225.9662355 1.16961527498e-14 1.88666691109e-14
41249.192132 1.22271997264e-14 1.739791882e-14
41272.4180284 1.25378443163e-14 1.64045925901e-14
41295.6439249 1.26131803564e-14 1.60583178153e-14
41318.8698214 1.24534981092e-14 1.64298554298e-14
41342.0957179 1.20621943615e-14 1.74455325509e-14
41365.3216143 1.14459275925e-14 1.89192405894e-14
41388.5475108 1.06326951771e-14 2.06494721649e-14
41411.7734073 9.65051187662e-15 2.24405909636e-14
41434.9993037 8.5365055044e-15 2.41477716924e-14
41458.2252002 7.36210199997e-15 2.56561013885e-14
41481.4510967 6.21281087716e-15 2.68757157205e-14
41504.6769931 5.23783733009e-15 2.77485470047e-14
41527.9028896 4.65355382638e-15 2.82352163843e-14
41551.1287861 4.66222489319e-15 2.83106423283e-14
41574.3546826 5.25223678414e-15 2.79772735964e-14
41597.580579 6.21714910093e-15 2.7242965359e-14
41620.8064755 7.34618598998e-15 2.6141105473e-14
41644.032372 8.49349650375e-15 2.47271108896e-14
41667.2582684 9.57599374923e-15 2.3073275606e-14
41690.4841649 1.05283101415e-14 2.12843151694e-14
41713.7100614 1.13131520832e-14 1.94949713702e-14
41736.9359579 1.19053260325e-14 1.78782471389e-14
41760.1618543 1.22847080619e-14 1.66416091728e-14
41783.3877508 1.2437657236e-14 1.59858099358e-14
41806.6136473 1.23682648074e-14 1.60402116314e-14
41829.8395437 1.20712349401e-14 1.67927303055e-14
41853.0654402 1.15680286663e-14 1.81010712354e-14
41876.2913367 1.08709341966e-14 1.9755548446e-14
41899.5172332 1.00116694157e-14 2.1556305434e-14
41922.7431296 9.02395954082e-15 2.33339838187e-14
41945.9690261 7.95380151349e-15 2.4960898317e-14
41969.1949226 6.87963466378e-15 2.63365786654e-14
41992.420819 5.90138430077e-15 2.73941970529e-14
42015.6467155 5.17539408525e-15 2.80817554436e-14
42038.872612 4.87704471025e-15 2.83704562892e-14
42062.0985084 5.10520028386e-15 2.82511194283e-14
42085.3244049 5.77762562837e-15 2.77236083825e-14
42108.5503014 6.71724811979e-15 2.681610581e-14
42131.7761979 7.76578840582e-15 2.5565778661e-14
42155.0020943 8.81056480859e-15 2.40359983465e-14
42178.2279908 9.78541270663e-15 2.23117638492e-14
42201.4538873 1.06354210954e-14 2.0507050798e-14
42224.6797837 1.13279895034e-14 1.87750135198e-14
42247.9056802 1.18370214515e-14 1.73011378666e-14
42271.1315767 1.21484698154e-14 1.62920836347e-14
