# 1:freq 2:Re 3:Im
23.2258964707 5.74739792761e-07 1.57411402792e-06
46.4517929414 5.36459939847e-07 4.40528874376e-07
69.6776894121 4.46611703861e-07 4.4805043387e-07
92.9035858828 2.76700142662e-07 3.90767475686e-07
116.129482354 7.68575535281e-08 1.59106423512e-07
139.355378824 1.4375728529e-07 1.79956588858e-07
162.581275295 3.76518717553e-07 7.92032485702e-08
185.807171766 5.00231958045e-07 8.64105846636e-08
209.033068236 7.40162189507e-07 9.68952308735e-08
232.258964707 1.19131488259e-06 1.29099357883e-07
255.484861178 1.19431354449e-06 1.35193212781e-07
278.710757648 5.37973155113e-07 1.74792394295e-07
301.936654119 4.1147096018e-07 2.04355823229e-07
325.16255059 6.96297175699e-07 2.30245385549e-07
348.388447061 1.34001757643e-06 2.47765240968e-07
371.614343531 1.24556577882e-06 2.7047882605e-07
394.840240002 7.9945252926e-07 3.30456580357e-07
418.066136473 3.41350264292e-07 3.74450182694e-07
441.292032943 4.50401306152e-07 4.04975246454e-07
464.517929414 1.15443188405e-06 4.37393421023e-07
487.743825885 9.53424878442e-07 4.57746062851e-07
510.969722355 7.52918188611e-07 4.49911038601e-07
534.195618826 1.01824220187e-06 4.3289870875e-07
557.421515297 7.16514602908e-07 4.35387393107e-07
580.647411768 7.62858664416e-07 5.45517130351e-07
603.873308238 1.53244380613e-06 6.56782577611e-07
627.099204709 1.67633591812e-06 8.560390841e-07
650.32510118 2.02931748226e-06 1.0253953529e-06
673.55099765 2.77487858249e-06 1.32595373953e-06
696.776894121 3.43225398128e-06 1.7028991474e-06
720.002790592 3.84933611586e-06 2.09810689257e-06
743.228687063 4.51807494592e-06 2.47125670598e-06
766.454583533 5.16537034516e-06 2.77046343265e-06
789.680480004 5.20912044016e-06 2.93097508756e-06
812.906376475 4.83962971665e-06 2.85910663897e-06
836.132272945 4.3213207436e-06 2.54445354962e-06
859.358169416 3.55122181932e-06 1.95740469272e-06
882.584065887 2.44584372501e-06 1.24681496595e-06
905.809962357 2.02020078801e-06 9.08353144314e-07
929.035858828 2.57930929313e-06 1.48973751434e-06
952.261755299 3.38179489478e-06 2.12069216973e-06
975.48765177 3.45971909533e-06 2.29391630795e-06
998.71354824 2.91161489479e-06 1.86227349785e-06
1021.93944471 1.9335363207e-06 9.05964015012e-07
1045.16534118 1.38935593415e-06 4.39851782982e-07
1068.39123765 2.38776836984e-06 1.74094514072e-06
1091.61713412 3.47152998954e-06 2.65800561547e-06
1114.84303059 3.99345631247e-06 3.02232626913e-06
1138.06892706 3.30462772449e-06 2.62834599287e-06
1161.29482354 1.43386110997e-06 1.8173091972e-06
1184.52072001 2.10557778173e-06 2.14082912713e-06
1207.74661648 2.5855363012e-06 2.92964861525e-06
1230.97251295 4.75069020747e-06 4.10486147639e-06
1254.19840942 4.76407596292e-06 4.10481741632e-06
1277.42430589 3.60167990028e-06 3.45620359598e-06
1300.65020236 2.30147376539e-06 3.10193720798e-06
1323.87609883 4.33154281629e-06 4.48049314436e-06
1347.1019953 6.93386082698e-06 6.52835997569e-06
1370.32789177 8.76525231865e-06 8.453890026e-06
1393.55378824 1.01550650538e-05 1.01083911179e-05
1416.77968471 1.13460493195e-05 1.16602987823e-05
1440.00558118 1.25404512593e-05 1.32994304306e-05
1463.23147765 1.41603334717e-05 1.48755960903e-05
1486.45737413 1.61498031519e-05 1.63422532759e-05
1509.6832706 1.72273111942e-05 1.71222816373e-05
1532.90916707 1.70472107826e-05 1.68139899055e-05
1556.13506354 1.54937551832e-05 1.54562827157e-05
1579.36096001 1.30451541634e-05 1.33564130921e-05
1602.58685648 1.02720397907e-05 1.10101730836e-05
1625.81275295 8.25177824609e-06 9.2123263004e-06
1649.03864942 7.6000546551e-06 8.44722372044e-06
1672.26454589 7.87260470384e-06 8.53998747739e-06
1695.49044236 8.64445559613e-06 8.98342501133e-06
1718.71633883 9.04743862731e-06 9.10948470522e-06
1741.9422353 8.59060241315e-06 8.71336837662e-06
1765.16813177 8.21413439045e-06 8.4525564805e-06
1788.39402824 8.70500300781e-06 8.85596267047e-06
1811.61992471 1.06409546737e-05 1.03788988454e-05
1834.84582119 1.28717345677e-05 1.21226407732e-05
1858.07171766 1.35866178366e-05 1.28168326775e-05
1881.29761413 1.27234295934e-05 1.23679027836e-05
1904.5235106 1.06349812689e-05 1.0808161659e-05
1927.74940707 9.13142230964e-06 9.61520429926e-06
1950.97530354 9.1131320772e-06 9.56991155592e-06
1974.20120001 1.01226609065e-05 1.0344807363e-05
1997.42709648 1.09908401043e-05 1.09446553004e-05
2020.65299295 1.05504406733e-05 1.06505889792e-05
2043.87888942 9.31899674442e-06 9.65442938479e-06
2067.10478589 8.5767877957e-06 9.06518737933e-06
2090.33068236 9.63955726773e-06 9.61047197072e-06
2113.55657883 1.10762327808e-05 1.05033362393e-05
2136.7824753 1.09791498661e-05 1.05069472221e-05
2160.00837178 9.40637196026e-06 9.50465722202e-06
2183.23426825 7.70615845996e-06 8.36808509744e-06
2206.46016472 6.88650485563e-06 7.67777272095e-06
2229.68606119 8.14008581528e-06 8.2798399229e-06
2252.91195766 8.65382598864e-06 8.60983753758e-06
2276.13785413 8.81578307477e-06 8.66028852733e-06
2299.3637506 8.41950231e-06 8.33326756961e-06
2322.58964707 7.97305337844e-06 8.03938545316e-06
2345.81554354 7.03269549702e-06 6.97450281918e-06
2369.04144001 6.04836474953e-06 6.8585971755e-06
2392.26733648 6.98553084613e-06 7.40933498898e-06
2415.49323295 6.59892810403e-06 7.02504879956e-06
2438.71912942 5.02540893273e-06 6.17152106512e-06
2461.94502589 5.57965273506e-06 6.65605002421e-06
2485.17092237 8.05053028494e-06 7.90208615451e-06
2508.39681884 9.59257492096e-06 8.59011365773e-06
2531.62271531 8.90818860139e-06 8.11650292954e-06
2554.84861178 7.427975009e-06 7.39336437688e-06
2578.07450825 7.13365444823e-06 7.35752665616e-06
2601.30040472 8.47203652209e-06 8.01838240983e-06
2624.52630119 9.2847995039e-06 8.40950444645e-06
2647.75219766 8.16992584796e-06 7.60907150577e-06
2670.97809413 6.15093645371e-06 6.38769082255e-06
2694.2039906 5.70004327623e-06 6.27398876513e-06
2717.42988707 7.19074935187e-06 7.20466012217e-06
2740.65578354 8.35943658653e-06 7.87529939506e-06
2763.88168001 8.12761053591e-06 7.61087896317e-06
2787.10757648 6.38177148012e-06 6.39454853373e-06
2810.33347296 5.67619755767e-06 5.96748154095e-06
2833.55936943 7.06915956927e-06 6.84992549297e-06
2856.7852659 8.53750404746e-06 8.0269841474e-06
2880.01116237 7.9290450212e-06 7.93044108704e-06
2903.23705884 5.88836133472e-06 6.90758343523e-06
2926.46295531 5.13820470385e-06 5.88623631564e-06
2949.68885178 6.87429619117e-06 5.94579797956e-06
2972.91474825 8.87244946225e-06 6.95846050547e-06
2996.14064472 8.82440849533e-06 7.39177964289e-06
3019.36654119 6.81923039526e-06 6.98264337669e-06
3042.59243766 5.69852225752e-06 6.95577468261e-06
3065.81833413 7.19559994339e-06 7.80775369877e-06
3089.0442306 8.04728055339e-06 7.91388774306e-06
3112.27012707 7.29730294008e-06 7.24530997957e-06
3135.49602355 5.02385126166e-06 5.69074073684e-06
3158.72192002 4.59581495968e-06 5.30009852294e-06
3181.94781649 6.21776724244e-06 5.70649885578e-06
3205.17371296 7.27675287516e-06 6.13418790886e-06
3228.39960943 6.80260989483e-06 5.94517754085e-06
3251.6255059 5.28598749431e-06 5.42667782306e-06
3274.85140237 4.39442349901e-06 5.2427042133e-06
3298.07729884 5.75476042287e-06 5.72167495413e-06
3321.30319531 7.46919094868e-06 6.61273574169e-06
3344.52909178 7.74700888085e-06 6.90086732789e-06
3367.75498825 6.73899618187e-06 7.04836984753e-06
3390.98088472 5.8378206e-06 7.17474262171e-06
3414.20678119 7.3266339321e-06 7.62675440159e-06
3437.43267766 9.51126229382e-06 8.72238911074e-06
3460.65857413 8.39113488604e-06 7.92817338273e-06
3483.88447061 7.14973670169e-06 7.66586940814e-06
3507.11036708 7.44810114204e-06 8.20110323368e-06
3530.33626355 8.73637976998e-06 8.16830071706e-06
3553.56216002 9.84732933293e-06 8.55375983808e-06
3576.78805649 9.20193425252e-06 8.30935654648e-06
3600.01395296 7.72314914159e-06 8.30416275449e-06
3623.23984943 7.30404322234e-06 8.08051239706e-06
3646.4657459 9.28650511013e-06 8.78481936847e-06
3669.69164237 9.09554791531e-06 8.10706145935e-06
3692.91753884 7.09234036783e-06 7.03488690004e-06
3716.14343531 5.34499617096e-06 6.50151331224e-06
3739.36933178 6.72154214383e-06 7.0933547723e-06
3762.59522825 7.75195311181e-06 6.92375651244e-06
3785.82112472 5.64620687723e-06 4.87969556555e-06
3809.0470212 3.64625734193e-06 3.74079158352e-06
3832.27291767 3.4699210545e-06 4.30868510052e-06
3855.49881414 4.32242372343e-06 3.79688441954e-06
3878.72471061 3.82978254732e-06 2.98933480168e-06
3901.95060708 9.03605704845e-07 9.02647432583e-07
3925.17650355 2.80012948144e-06 1.96007423223e-06
3948.40240002 3.52785263272e-06 2.60756942822e-06
3971.62829649 2.10058345672e-06 2.67267934584e-06
3994.85419296 2.8314712869e-06 3.1752151494e-06
4018.08008943 5.31833336661e-06 4.56927845496e-06
4041.3059859 5.10216091102e-06 4.48064343167e-06
4064.53188237 4.05217875289e-06 3.94213256709e-06
4087.75777884 4.28709081158e-06 5.65402251433e-06
4110.98367531 6.9709749585e-06 7.38517328893e-06
4134.20957179 1.10602896078e-05 9.74326078909e-06
4157.43546826 1.00628569976e-05 9.2176740819e-06
4180.66136473 9.03696688356e-06 9.82667588759e-06
4203.8872612 9.78918378499e-06 1.07016093446e-05
4227.11315767 1.30589661769e-05 1.22236079635e-05
4250.33905414 1.58294310529e-05 1.444939089e-05
4273.56495061 1.25124063702e-05 1.30055660571e-05
4296.79084708 9.01674357159e-06 1.0619783485e-05
4320.01674355 1.12496088443e-05 1.14795454958e-05
4343.24264002 1.43873322393e-05 1.27560742103e-05
4366.46853649 1.34892366015e-05 1.24832848548e-05
4389.69443296 8.22763277111e-06 9.29633622318e-06
4412.92032943 6.49079558908e-06 7.26698761806e-06
4436.1462259 6.5596722721e-06 6.17654587615e-06
4459.37212238 7.58902032159e-06 6.66066466621e-06
4482.59801885 8.53624177307e-06 8.38470071131e-06
4505.82391532 8.30249533668e-06 9.27303894216e-06
4529.04981179 1.06924521694e-05 1.02482024932e-05
4552.27570826 1.14661154955e-05 1.07140452091e-05
4575.50160473 6.27411042889e-06 7.91204180614e-06
4598.7275012 1.06603586994e-05 9.19596306767e-06
4621.95339767 9.02290509013e-06 1.00393528727e-05
4645.17929414 1.0183072286e-05 1.00682002967e-05
4668.40519061 1.00101944795e-06 9.46057121e-07
4691.63108708 1.37862818981e-05 1.19916310406e-05
4714.85698355 1.58290751516e-05 1.63968576432e-05
4738.08288002 1.08751609076e-05 1.08974585539e-05
4761.30877649 3.59922152241e-06 2.31241449608e-06
4784.53467297 6.41321619959e-06 5.40748471287e-06
4807.76056944 6.68382113493e-06 7.4846970542e-06
4830.98646591 5.06046410562e-06 4.61917790645e-06
4854.21236238 6.65737494732e-06 5.23749284253e-06
4877.43825885 4.05758357203e-06 4.48379761175e-06
4900.66415532 5.09262679824e-06 5.58124671317e-06
4923.89005179 6.91609980277e-06 5.68379550094e-06
4947.11594826 5.95964164759e-06 5.93077417257e-06
4970.34184473 4.41086701312e-06 5.57447441422e-06
4993.5677412 4.97781029945e-06 4.34092640387e-06
5016.79363767 3.79267811452e-06 2.77378462952e-06
5040.01953414 2.07123329159e-06 1.1578908456e-06
5063.24543061 6.24864630741e-07 1.5170605046e-06
5086.47132708 2.41023484053e-06 2.41336344184e-06
5109.69722355 3.25834139702e-06 2.04086349104e-06
5132.92312003 2.23413900916e-06 1.22884073533e-06
5156.1490165 6.46002232336e-07 1.42684620602e-06
5179.37491297 1.96471823281e-06 1.26839912342e-06
5202.60080944 2.22706072523e-06 1.04196853808e-06
5225.82670591 9.3499015102e-07 4.57940986366e-07
5249.05260238 2.00536694571e-06 1.2964637346e-06
5272.27849885 2.14994460936e-06 9.3195650914e-07
5295.50439532 1.40027440903e-06 5.67162695542e-07
5318.73029179 5.78420030954e-07 8.72886645035e-07
5341.95618826 1.84377790034e-06 1.37596361877e-06
5365.18208473 2.24766942975e-06 1.20961592557e-06
5388.4079812 2.28724015715e-06 1.21302889063e-06
5411.63387767 4.17057791097e-07 1.24768023472e-06
5434.85977414 1.36127758836e-06 1.46218838963e-06
5458.08567062 2.66683562735e-06 1.65141599198e-06
5481.31156709 2.1055746275e-06 8.87414939448e-07
5504.53746356 1.28528629065e-06 7.84390181322e-07
5527.76336003 6.85209587158e-07 1.31427135793e-06
5550.9892565 1.88161205361e-06 1.31275284549e-06
5574.21515297 2.57188640683e-06 1.36196882811e-06
5597.44104944 1.68439085053e-06 7.75461872046e-07
5620.66694591 3.89278651335e-07 7.81620943923e-07
5643.89284238 1.35802725377e-06 1.04113447779e-06
5667.11873885 1.89778978354e-06 9.68041244878e-07
5690.34463532 1.62468477933e-06 5.02353026939e-07
5713.57053179 9.1537106582e-07 2.47886676945e-07
5736.79642826 9.28773908803e-07 8.02533280321e-07
5760.02232473 1.5301409505e-06 8.65380923884e-07
5783.24822121 1.48578628432e-06 6.49957012833e-07
5806.47411768 1.01041414399e-06 2.34397009818e-07
5829.70001415 1.20999816283e-06 5.02885781849e-07
5852.92591062 1.13018392772e-06 2.64716268038e-07
5876.15180709 9.42477239469e-07 4.06629586087e-07
5899.37770356 1.40336057476e-06 5.97072113875e-07
5922.60360003 1.19863236223e-06 1.8431378528e-07
5945.8294965 8.59468654625e-07 3.06343504669e-07
5969.05539297 1.0372061669e-06 4.30126235424e-07
5992.28128944 1.07388395949e-06 5.79056803674e-07
6015.50718591 1.04496692847e-06 4.45189788369e-07
6038.73308238 1.19233192121e-06 6.61583767114e-07
6061.95897885 9.9281303539e-07 2.6217826606e-07
6085.18487532 7.74140060664e-07 5.09600397221e-07
6108.4107718 1.17135838359e-06 8.02471581694e-07
6131.63666827 1.23587874496e-06 5.64848225616e-07
6154.86256474 8.48042150203e-07 3.01272105171e-07
6178.08846121 8.38888609716e-07 3.44465236703e-07
6201.31435768 9.47134734833e-07 4.54678858065e-07
6224.54025415 9.4577734436e-07 4.7826345653e-07
6247.76615062 1.1287802649e-06 5.45985865722e-07
6270.99204709 8.76110310956e-07 2.34348329995e-07
6294.21794356 6.10479173055e-07 4.10911483524e-07
6317.44384003 8.90015599436e-07 5.59418895659e-07
6340.6697365 9.39615607478e-07 4.56985983481e-07
6363.89563297 9.98298687318e-07 4.59521947846e-07
6387.12152944 7.6640502634e-07 2.26939739066e-07
6410.34742591 6.20486604331e-07 4.567931791e-07
6433.57332239 7.76596671616e-07 5.40407673843e-07
6456.79921886 9.466142436e-07 5.30861939726e-07
6480.02511533 9.19872325868e-07 3.88605705059e-07
6503.2510118 6.17095277677e-07 2.25602025372e-07
6526.47690827 4.92323384807e-07 5.03981976245e-07
6549.70280474 8.4212775898e-07 6.38039343847e-07
6572.92870121 9.49690351759e-07 5.04316178664e-07
6596.15459768 7.64097450712e-07 1.88948263162e-07
6619.38049415 4.55923279159e-07 3.17351729334e-07
6642.60639062 5.6686789304e-07 6.10969974047e-07
6665.83228709 9.08338752285e-07 6.97212826118e-07
6689.05818356 8.87327854251e-07 4.08580570794e-07
6712.28408003 4.73482892869e-07 1.67223861717e-07
6735.5099765 4.71920761064e-07 5.47384510818e-07
6758.73587297 7.344105417e-07 6.42912885505e-07
6781.96176945 8.15688958578e-07 5.57762606423e-07
6805.18766592 6.65420534789e-07 2.69862446148e-07
6828.41356239 3.99571739721e-07 2.96384120251e-07
6851.63945886 5.37472136316e-07 5.58544156013e-07
6874.86535533 6.81135927711e-07 5.58423824419e-07
6898.0912518 5.65943494224e-07 3.80065885371e-07
6921.31714827 4.90688333711e-07 3.52686603522e-07
6944.54304474 5.30285628919e-07 3.8749098202e-07
6967.76894121 4.91123467216e-07 3.82625576939e-07
6990.99483768 4.82189314744e-07 4.82956738958e-07
7014.22073415 6.26366147055e-07 5.64975381524e-07
7037.44663062 5.59909595227e-07 3.93449468192e-07
7060.67252709 3.03850393271e-07 1.87670826952e-07
7083.89842356 3.53111576427e-07 4.16613444376e-07
7107.12432004 5.53618199269e-07 5.39556520237e-07
7130.35021651 6.02904472176e-07 5.01313364187e-07
7153.57611298 4.14833721703e-07 2.9581342415e-07
7176.80200945 2.73353812094e-07 2.80656820378e-07
7200.02790592 3.9395298229e-07 4.15436276315e-07
7223.25380239 5.11290159952e-07 4.52320984545e-07
7246.47969886 4.41945867245e-07 3.21648745278e-07
7269.70559533 3.30690221808e-07 2.02199885777e-07
7292.9314918 2.56433151435e-07 3.08396492557e-07
7316.15738827 3.99199196504e-07 4.68628325629e-07
7339.38328474 4.83653142715e-07 5.19073270297e-07
7362.60918121 4.48086511526e-07 4.43864834755e-07
7385.83507768 2.97272648102e-07 2.99615752284e-07
7409.06097415 2.35536336836e-07 2.9738517121e-07
7432.28687063 4.12312747279e-07 4.12383547644e-07
7455.5127671 4.94078299489e-07 4.50805482592e-07
7478.73866357 4.12388775903e-07 3.47409337062e-07
7501.96456004 1.87477338441e-07 1.69687147082e-07
7525.19045651 1.82294735476e-07 2.01317012221e-07
7548.41635298 3.41696149074e-07 3.09335533916e-07
7571.64224945 3.52566980853e-07 3.0194420851e-07
7594.86814592 2.41123660735e-07 2.36204894702e-07
7618.09404239 1.42885635375e-07 2.16554372306e-07
7641.31993886 2.69707564392e-07 3.4981307958e-07
7664.54583533 3.73426547489e-07 4.25061657863e-07
7687.7717318 3.46699743473e-07 3.50637280883e-07
7710.99762827 1.92125285933e-07 1.62687691095e-07
7734.22352474 1.68175408196e-07 2.23182461784e-07
7757.44942122 3.08203755592e-07 3.71246662612e-07
7780.67531769 3.34843109074e-07 3.51996307639e-07
7803.90121416 2.41621047792e-07 2.2377884538e-07
7827.12711063 1.39013790814e-07 1.51317643005e-07
7850.3530071 1.95249628859e-07 2.40807759143e-07
7873.57890357 2.9175777938e-07 3.1629897759e-07
7896.80480004 3.05124434817e-07 3.18600989276e-07
7920.03069651 2.35104222875e-07 2.27601295293e-07
7943.25659298 1.20778813347e-07 1.62648974328e-07
7966.48248945 1.64213397362e-07 2.0722629849e-07
7989.70838592 2.45709116888e-07 2.84418375601e-07
8012.93428239 3.01410677749e-07 2.70977163004e-07
8036.16017886 2.15130478971e-07 1.79974238888e-07
8059.38607533 1.08563386059e-07 1.50065205554e-07
8082.6119718 2.07476910825e-07 2.75145399755e-07
8105.83786828 2.87149405397e-07 3.05061184476e-07
8129.06376475 2.57059763792e-07 2.26223853237e-07
8152.28966122 1.39131592361e-07 9.63020061617e-08
8175.51555769 1.15744505158e-07 1.88307944697e-07
8198.74145416 2.0494964464e-07 2.75560237809e-07
8221.96735063 2.26062131819e-07 2.47583603838e-07
8245.1932471 1.88196427836e-07 1.31488718527e-07
8268.41914357 1.47047325097e-07 1.2496823483e-07
8291.64504004 1.56525304421e-07 1.93335941055e-07
8314.87093651 1.62540022217e-07 2.04383691648e-07
8338.09683298 1.95212457201e-07 1.8525641933e-07
8361.32272945 1.72728284889e-07 1.36345494024e-07
8384.54862592 1.25509789897e-07 9.8217544041e-08
8407.77452239 1.00729266712e-07 9.21925152444e-08
8431.00041887 1.80691180112e-07 1.88396073084e-07
8454.22631534 1.80590905226e-07 2.2367260177e-07
8477.45221181 1.42948697376e-07 1.61276012347e-07
8500.67810828 1.0327128398e-07 5.69337607371e-08
8523.90400475 1.10747962742e-07 8.32392228e-08
8547.12990122 1.41695766755e-07 1.57298645902e-07
8570.35579769 1.73245643892e-07 1.71307485738e-07
8593.58169416 1.49994047437e-07 1.01108325635e-07
8616.80759063 8.74988948796e-08 2.51709036036e-08
8640.0334871 1.19854966506e-07 1.1626226916e-07
8663.25938357 1.83336172186e-07 1.70260129448e-07
8686.48528004 1.43639023017e-07 1.48997826182e-07
8709.71117651 7.31799452844e-08 5.25798530826e-08
8732.93707298 9.25706847776e-08 6.20543950638e-08
8756.16296946 1.61873783836e-07 1.07296072479e-07
8779.38886593 1.62128537433e-07 8.88692776612e-08
8802.6147624 9.61801655498e-08 9.03070183185e-08
8825.84065887 9.13786658079e-08 1.21828586648e-07
8849.06655534 1.51465098324e-07 1.20926273988e-07
8872.29245181 1.53369686842e-07 8.3293623424e-08
8895.51834828 1.21552048879e-07 8.06659126694e-08
8918.74424475 9.01791280832e-08 6.19582398161e-08
8941.97014122 1.16770598904e-07 6.43399907939e-08
8965.19603769 1.11607858405e-07 9.37136503427e-08
8988.42193416 9.86703420164e-08 9.25231869326e-08
9011.64783063 8.63264286038e-08 1.90411017356e-08
9034.8737271 5.53075988006e-08 7.59559764744e-08
9058.09962357 1.43444033163e-07 3.32734391841e-08
9081.32552005 8.47699283918e-08 4.19730155395e-08
9104.55141652 7.52190636101e-08 1.14002353511e-07
9127.77731299 1.36762447337e-07 6.21796657908e-08
9151.00320946 1.07566378948e-07 5.73847579594e-08
9174.22910593 8.3158429972e-08 7.92821696543e-08
9197.4550024 5.34412069718e-08 7.61361275167e-08
9220.68089887 1.31040721699e-07 4.22721658483e-08
9243.90679534 7.3796331309e-08 4.56859753004e-08
9267.13269181 6.02105179479e-08 7.02392182356e-08
9290.35858828 1.14216996905e-07 6.66766309957e-08
9313.58448475 8.56691954444e-08 4.6840590827e-08
9336.81038122 4.77382496867e-08 7.58314941881e-08
9360.03627769 1.17562368007e-07 3.1448622408e-08
9383.26217416 1.12175589147e-07 4.18628377159e-08
9406.48807064 8.94964330413e-08 2.1698221787e-08
9429.71396711 1.09646823493e-07 1.16781015368e-07
9452.93986358 6.63629039857e-08 7.8608619464e-08
9476.16576005 1.37926023581e-07 2.86730478041e-08
9499.39165652 6.84051213094e-08 3.14602269871e-08
9522.61755299 4.23362444545e-08 5.18925003866e-08
9545.84344946 4.04830300949e-08 6.38234432423e-08
9569.06934593 1.0486780612e-07 1.1494365758e-08
9592.2952424 9.55570351349e-08 4.99073343645e-08
9615.52113887 8.30959770993e-08 2.68801221742e-08
9638.74703534 7.27746330695e-08 5.61897617895e-09
9661.97293181 3.95655991124e-08 1.77741126458e-08
9685.19882828 6.76863773714e-08 2.12764130283e-08
9708.42472475 1.15934856413e-07 2.88498245125e-08
9731.65062122 1.0804643024e-07 4.48036899444e-08
9754.8765177 4.00074227618e-08 4.86049273452e-08
9778.10241417 3.81149712196e-08 8.13244412257e-09
9801.32831064 4.2372510787e-08 9.19978196983e-09
9824.55420711 3.04024689681e-08 2.23817124474e-08
9847.78010358 5.92483730227e-08 1.10763538351e-08
9871.00600005 6.1908636929e-08 7.66746881207e-09
9894.23189652 6.88061572147e-08 1.12881023363e-08
9917.45779299 5.13076136333e-08 1.3565702776e-08
9940.68368946 3.37538886082e-08 1.00382823451e-08
9963.90958593 5.29174249795e-08 5.97357525486e-09
9987.1354824 6.8456824495e-08 1.33000237052e-08
10010.3613789 5.93728964921e-08 3.3933141763e-08
10033.5872753 4.10123630581e-08 2.90688561624e-08
10056.8131718 3.0213121518e-08 2.16740853759e-08
10080.0390683 5.52432927683e-08 1.95145792344e-08
10103.2649648 5.64512371426e-08 2.7436081308e-08
10126.4908612 3.39474127707e-08 3.69513760812e-08
10149.7167577 2.4491209175e-08 2.03880236106e-08
10172.9426542 6.32291089459e-08 3.11667973019e-09
10196.1685506 7.33063840798e-08 9.60574269739e-09
10219.3944471 5.34931589037e-08 2.10252624703e-08
10242.6203436 3.52502391834e-08 1.96122276996e-08
10265.8462401 1.55439553524e-08 1.35955031957e-08
10289.0721365 4.34069034209e-08 2.03998724264e-08
10312.298033 5.35972202101e-08 3.02623867721e-08
10335.5239295 1.93724716402e-08 3.91767663478e-08
10358.7498259 5.36694716281e-09 1.57966298045e-08
10381.9757224 4.97491726665e-08 8.82034403035e-09
10405.2016189 6.28368418079e-08 2.09766508357e-08
10428.4275153 5.95780734179e-08 2.5105574573e-08
10451.6534118 4.40330830052e-08 2.77107005583e-08
10474.8793083 2.02183241764e-08 7.93239097469e-09
10498.1052048 4.78037951282e-08 7.63919547818e-09
10521.3311012 6.81302717232e-08 1.69191917114e-08
10544.5569977 6.72934073322e-08 1.81312832502e-08
10567.7828942 3.24335771172e-08 8.7128277721e-09
10591.0087906 2.40435228478e-08 6.11067292142e-09
10614.2346871 5.96419793572e-08 1.22898725846e-08
10637.4605836 4.99449203623e-08 2.81507567382e-08
10660.6864801 3.16171503942e-08 2.88426411973e-08
10683.9123765 2.5484979054e-08 2.71188621507e-08
10707.138273 5.63900534616e-08 1.57575593654e-08
10730.3641695 7.4588037718e-08 2.41850707217e-08
10753.5900659 5.46052512485e-08 2.68824335321e-08
10776.8159624 1.54499492648e-08 1.88577722644e-08
10800.0418589 4.49654360511e-08 1.99264059603e-08
10823.2677553 6.19648105634e-08 2.81996531656e-08
10846.4936518 4.00813254455e-08 2.7512972222e-08
10869.7195483 3.02631122002e-08 1.59232301953e-08
10892.9454448 2.88233251996e-08 3.11331783709e-08
10916.1713412 4.08401952373e-08 3.29603113267e-08
10939.3972377 3.20922277308e-08 2.79863554826e-08
10962.6231342 1.83646332546e-08 2.0658735042e-08
10985.8490306 2.07062378337e-08 1.86297856895e-08
11009.0749271 1.60806990198e-08 2.10675287667e-08
11032.3008236 2.50399872519e-08 1.56651220811e-08
11055.5267201 3.39157873857e-08 1.33225963956e-08
11078.7526165 2.70810937641e-08 1.12885197729e-08
11101.978513 2.14528910801e-08 1.56857198241e-08
11125.2044095 1.76635780462e-08 1.37069408981e-08
11148.4303059 3.73829250496e-08 2.29703024342e-08
11171.6562024 2.44115583881e-08 1.72223486481e-08
11194.8820989 1.17667893e-08 8.39147048317e-09
11218.1079954 1.60376172327e-08 1.03450504031e-08
11241.3338918 3.19715851343e-08 2.32306937541e-08
11264.5597883 2.79278281556e-08 2.21101898107e-08
11287.7856848 1.42334840039e-08 6.87513948297e-09
11311.0115812 1.06740811799e-08 1.92853198962e-08
11334.2374777 3.08492158039e-08 3.07124521025e-08
11357.4633742 2.44617543388e-08 2.28241119788e-08
11380.6892706 1.10652478774e-08 1.03711955555e-08
11403.9151671 8.594448353e-09 1.81104727002e-08
11427.1410636 1.66731881943e-08 1.69106116552e-08
11450.3669601 1.91231664325e-08 1.5339677801e-08
11473.5928565 1.17390783076e-08 2.27795312758e-08
11496.818753 1.22496030045e-08 2.73653760328e-08
11520.0446495 1.04185596845e-08 2.30996181118e-08
11543.2705459 9.41320388321e-09 1.81227647106e-08
11566.4964424 9.84355257761e-09 2.18002393769e-08
11589.7223389 1.75039412094e-08 2.54809770052e-08
11612.9482354 1.43937668428e-08 2.57535222567e-08
11636.1741318 2.85628869773e-09 1.95480159299e-08
11659.4000283 1.77115674638e-08 2.06273917836e-08
11682.6259248 2.24181292027e-08 1.63663970333e-08
11705.8518212 1.78823242063e-08 1.91750623371e-08
11729.0777177 2.90711105386e-09 2.10186872618e-08
11752.3036142 1.1312341289e-08 1.21137623546e-08
11775.5295106 2.04051522239e-08 3.97990266916e-09
11798.7554071 1.7360878568e-08 1.75942754094e-08
11821.9813036 1.36811624085e-08 2.33487631728e-08
11845.2072001 2.61680429545e-08 2.08736883199e-08
11868.4330965 2.19174042227e-08 1.12026612003e-08
11891.658993 2.44980587933e-08 1.69063756212e-08
11914.8848895 1.65628174242e-08 2.81892785186e-08
11938.1107859 7.00418424598e-09 2.68259674723e-08
11961.3366824 8.83756164389e-09 1.34085859623e-08
11984.5625789 2.35192587077e-08 8.25763382878e-09
12007.7884754 1.45678046032e-08 1.93368568538e-08
12031.0143718 2.79862001561e-09 2.09255450838e-08
12054.2402683 1.13958253049e-08 1.03277109343e-08
12077.4661648 1.26066124723e-08 9.19070678486e-09
12100.6920612 1.22934534837e-08 1.72284321485e-08
12123.9179577 1.22823495481e-08 1.85824722685e-08
12147.1438542 1.94960585684e-08 1.58710528101e-08
12170.3697506 1.38570064691e-08 5.44296193501e-09
12193.5956471 7.51878758982e-09 9.00382202395e-09
12216.8215436 6.16980747789e-09 1.79200353788e-08
12240.0474401 9.94679286978e-09 1.61255633223e-08
12263.2733365 1.31108065191e-08 8.40480026733e-09
12286.499233 3.45759583713e-09 1.30470664312e-09
12309.7251295 4.79547652797e-09 5.42433314884e-09
12332.9510259 9.3961980682e-09 1.06339925367e-08
12356.1769224 9.77393097615e-09 7.25605926787e-09
12379.4028189 1.60280055131e-08 2.72898555796e-09
12402.6287154 1.37965434619e-08 7.81164277853e-09
12425.8546118 1.28147422644e-08 9.83838887023e-09
12449.0805083 1.62604129579e-08 8.31022418853e-09
12472.3064048 9.5660322596e-09 7.70706011316e-09
12495.5323012 4.17406156767e-09 1.44350871559e-08
12518.7581977 4.8789328876e-09 1.6117557125e-08
12541.9840942 6.04518858648e-09 1.42171865145e-08
12565.2099907 1.14831959671e-08 8.97841276149e-09
12588.4358871 8.17168632594e-09 1.10991633023e-08
12611.6617836 4.04482524797e-09 1.53996707851e-08
12634.8876801 1.30092898939e-08 1.89185257102e-08
12658.1135765 1.42494337956e-08 9.31631848613e-09
12681.339473 5.39936191284e-09 6.89673251512e-09
12704.5653695 1.00168854115e-08 1.6955875413e-08
12727.7912659 9.1420956584e-09 1.60125791433e-08
12751.0171624 4.64954493674e-09 7.0121632705e-09
12774.2430589 6.19881920556e-09 6.79854558322e-09
12797.4689554 1.20371246209e-08 1.06555363931e-08
12820.6948518 1.44345410381e-08 1.34604156078e-08
12843.9207483 7.57534300947e-09 1.11078970476e-08
12867.1466448 6.79447837673e-09 9.29885209347e-09
12890.3725412 7.88713664958e-09 6.85909587445e-09
12913.5984377 1.62786512771e-08 1.5159246366e-08
12936.8243342 1.02169739717e-08 2.13480573764e-08
12960.0502307 9.05043486936e-09 1.59211987277e-08
12983.2761271 6.38122545492e-09 9.3125497594e-09
13006.5020236 1.24297546925e-08 1.16408374674e-08
13029.7279201 1.45473051709e-08 2.64790658891e-08
13052.9538165 2.50779302537e-08 2.13715679778e-08
13076.179713 1.59605591687e-08 1.6591916712e-08
13099.4056095 1.2157659154e-08 1.48484297852e-08
13122.6315059 1.20342398505e-09 1.43957078017e-08
13145.8574024 1.06154068223e-08 1.91728618477e-08
13169.0832989 1.47466908583e-08 1.92501579707e-08
13192.3091954 6.96287050643e-09 2.01850275188e-08
13215.5350918 1.25920365742e-08 1.1432744656e-08
13238.7609883 1.50637802968e-08 1.26215262623e-08
13261.9868848 1.88581357039e-08 1.50093837555e-08
13285.2127812 1.33960013664e-08 1.79319261041e-08
13308.4386777 1.61494917319e-08 1.9858414643e-09
13331.6645742 1.44632659567e-08 8.14376681983e-09
13354.8904707 6.62616455007e-09 1.89145483389e-08
13378.1163671 3.75255732629e-09 2.65054907562e-08
13401.3422636 5.59738457305e-09 1.8846619777e-08
13424.5681601 4.82778207675e-09 8.49075987303e-09
13447.7940565 7.11636578691e-09 1.42127329612e-08
13471.019953 1.02358683255e-08 1.55388338545e-08
13494.2458495 7.00303377159e-09 1.63146178573e-08
13517.4717459 9.48673913835e-09 1.24723667648e-08
13540.6976424 9.67147332117e-09 3.09595618947e-09
13563.9235389 8.70871643101e-09 8.79125595079e-09
13587.1494354 1.11104459746e-08 1.60833993054e-08
13610.3753318 7.40662540894e-09 8.87276293426e-09
13633.6012283 9.79475541937e-09 3.20294909248e-09
13656.8271248 7.16659917877e-09 1.84306309399e-08
13680.0530212 8.16988164048e-09 1.0788791988e-08
13703.2789177 6.50431129668e-09 1.16966872756e-08
13726.5048142 1.13602986164e-08 1.11110003667e-08
13749.7307107 5.25686597329e-09 1.04819306733e-08
13772.9566071 2.10072804738e-09 2.79507065837e-09
13796.1825036 7.14313595917e-09 6.84828305045e-09
13819.4084001 1.01451658126e-08 8.22290010704e-09
13842.6342965 6.7574670815e-09 7.65922122091e-09
13865.860193 4.22671664167e-09 2.94973830128e-09
13889.0860895 7.32760026173e-09 4.20069543618e-09
13912.311986 6.38570686753e-09 9.78318363997e-09
13935.5378824 1.68387648015e-08 3.01034181481e-09
13958.7637789 2.73284805995e-09 1.16421842775e-08
13981.9896754 2.57928684631e-08 1.1594709952e-08
14005.2155718 8.55254323888e-09 5.51908440544e-09
14028.4414683 1.23060863389e-08 4.74936074728e-09
14051.6673648 8.11776444499e-09 1.13560572428e-08
14074.8932612 1.72762156339e-08 1.17765234604e-08
14098.1191577 2.47743207872e-09 1.67546326946e-08
14121.3450542 2.17819127652e-08 9.67094141227e-09
14144.5709507 2.01189088064e-08 1.81016169183e-08
14167.7968471 2.31173638656e-08 2.16895142957e-08
14191.0227436 6.55810107147e-09 4.93907682056e-09
14214.2486401 1.15237783112e-08 3.34454058843e-09
14237.4745365 1.93164999327e-08 7.83100441673e-09
14260.700433 1.28080970153e-08 1.88531274853e-08
14283.9263295 7.51341053396e-09 1.40758556004e-08
14307.152226 1.01969107707e-08 1.02732450649e-08
14330.3781224 4.27427514485e-09 9.71457406907e-09
14353.6040189 4.91507002898e-09 1.6952462722e-08
14376.8299154 8.30315397002e-09 5.11722760822e-09
14400.0558118 2.06281881234e-09 6.29099359659e-09
14423.2817083 5.49825496748e-09 1.22811385701e-08
14446.5076048 1.18666480524e-08 1.84740144393e-09
14469.7335012 4.5340153317e-09 8.51540780437e-09
14492.9593977 5.7459934063e-09 1.16632517628e-08
14516.1852942 4.47289033756e-09 4.13965283144e-09
14539.4111907 8.89209769283e-09 1.47710095187e-08
14562.6370871 1.02566009547e-08 1.06677173307e-08
14585.8629836 3.74999078337e-09 8.19355283735e-09
14609.0888801 5.43243890173e-09 9.03197144042e-09
14632.3147765 1.39117948629e-08 1.41240121275e-08
14655.540673 1.22079936985e-08 1.59941138525e-08
14678.7665695 1.31070909367e-09 1.32045307185e-08
14701.992466 2.70712870139e-09 1.07447679506e-08
14725.2183624 3.78396826261e-09 7.8756165686e-09
14748.4442589 8.01378565848e-09 6.85776951903e-09
14771.6701554 1.06807584285e-08 4.89529136756e-09
14794.8960518 1.13639320818e-08 9.77923026347e-09
14818.1219483 6.1047914098e-09 9.35665079879e-09
14841.3478448 7.92644047029e-10 9.25514045272e-09
14864.5737413 5.83302647045e-09 9.91837288276e-09
14887.7996377 5.33006267282e-09 1.09135622581e-08
14911.0255342 7.05437270296e-09 8.58721018492e-09
14934.2514307 6.24312556809e-09 9.91179439973e-09
14957.4773271 6.74190051652e-09 7.59618189919e-09
14980.7032236 8.52100116867e-09 3.48996065966e-09
15003.9291201 1.02623310081e-08 4.80941660737e-09
15027.1550165 8.80264233626e-09 5.86362488316e-09
15050.380913 1.06029280402e-08 7.80140727813e-09
15073.6068095 1.50761160548e-08 1.05391150785e-08
15096.832706 8.63572031657e-09 6.55864664901e-09
15120.0586024 3.62272862026e-09 7.29755762861e-09
15143.2844989 6.40660095185e-09 7.48881328874e-09
15166.5103954 8.63348001935e-09 4.4925020273e-09
15189.7362918 1.16374945806e-08 5.31177045371e-09
15212.9621883 1.04610188603e-08 8.47383008413e-09
15236.1880848 8.5073132291e-09 3.70259044258e-09
15259.4139813 9.27211964879e-09 5.55554596863e-09
15282.6398777 1.01963206742e-08 6.85100665008e-09
15305.8657742 6.0265224557e-09 3.84312238294e-09
15329.0916707 5.95688831644e-09 2.55392568306e-09
15352.3175671 9.99213787178e-09 4.22279664078e-09
15375.5434636 1.14102783007e-08 3.08823642093e-09
15398.7693601 1.09432691025e-08 2.32718126838e-09
15421.9952565 9.23579192417e-09 3.40340537596e-09
15445.221153 7.24634671138e-09 4.35151563093e-09
15468.4470495 8.71003365684e-09 3.08062682136e-09
15491.672946 1.00450098284e-08 3.66211253558e-09
15514.8988424 8.74210353976e-09 4.88473712204e-09
15538.1247389 5.61999895813e-09 4.70749267129e-09
15561.3506354 7.44766359492e-09 3.66965961427e-09
15584.5765318 8.63488958858e-09 4.93098404727e-09
15607.8024283 9.04221327367e-09 3.52388895639e-09
15631.0283248 8.94875130286e-09 4.63431977299e-09
15654.2542213 8.73918121949e-09 6.40735308991e-09
15677.4801177 6.05240535867e-09 6.96846862969e-09
15700.7060142 4.25751445186e-09 5.56003270675e-09
15723.9319107 6.47497146289e-09 4.08849255266e-09
15747.1578071 9.09973182416e-09 4.72514609441e-09
15770.3837036 9.20008493765e-09 4.17470546225e-09
15793.6096001 8.40385973823e-09 6.59043544418e-09
15816.8354965 4.38977249124e-09 5.38890047082e-09
15840.061393 4.34605241047e-09 5.25357112779e-09
15863.2872895 7.26222909528e-09 3.40378589673e-09
15886.513186 9.89475239613e-09 3.71771272048e-09
15909.7390824 9.31187156381e-09 5.62060982256e-09
15932.9649789 6.91296896621e-09 5.972142257e-09
15956.1908754 4.79377017852e-09 6.29337701735e-09
15979.4167718 5.93425747031e-09 4.12997353836e-09
16002.6426683 9.79671924408e-09 3.79453069024e-09
16025.8685648 1.0422431639e-08 5.37331725986e-09
16049.0944613 8.94460849706e-09 5.54812853584e-09
16072.3203577 6.79144979904e-09 4.69287225785e-09
16095.5462542 5.11816926713e-09 3.18420467507e-09
16118.7721507 9.01907457794e-09 4.54545879541e-09
16141.9980471 1.15542118804e-08 5.14106310933e-09
16165.2239436 1.09556668884e-08 5.64184289448e-09
16188.4498401 8.28379424992e-09 4.75204950262e-09
16211.6757366 7.45747420505e-09 4.58360112904e-09
16234.901633 8.37884214602e-09 4.65971235339e-09
16258.1275295 9.18246156183e-09 5.65689925044e-09
16281.353426 8.66870537757e-09 4.64111801393e-09
16304.5793224 7.07523987937e-09 3.43696359361e-09
16327.8052189 7.11806823508e-09 3.99017228594e-09
16351.0311154 8.86394419126e-09 3.56676469931e-09
16374.2570118 1.06295249623e-08 2.70687559968e-09
16397.4829083 1.00838796875e-08 3.41995629165e-09
16420.7088048 9.25825153614e-09 4.11128987626e-09
16443.9347013 8.91833469604e-09 5.46927838698e-09
16467.1605977 8.8741427199e-09 4.80123086678e-09
16490.3864942 9.31561152002e-09 3.32812037338e-09
16513.6123907 8.84044096669e-09 3.04159990249e-09
16536.8382871 8.13630293708e-09 4.00825125015e-09
16560.0641836 9.21200250422e-09 3.11797347003e-09
16583.2900801 1.01604373939e-08 2.22970812477e-09
16606.5159766 8.96589028488e-09 1.40091938044e-09
16629.741873 8.4034951422e-09 1.71198260128e-09
16652.9677695 9.44193366507e-09 2.89030663506e-09
16676.193666 9.63876181541e-09 3.96230240616e-09
16699.4195624 8.82869982628e-09 2.20580133168e-09
16722.6454589 8.41335677877e-09 1.48995738441e-09
16745.8713554 8.84141531321e-09 2.02144716554e-09
16769.0972518 8.37146499529e-09 5.31781460638e-10
16792.3231483 8.31085872248e-09 1.32498097014e-09
16815.5490448 7.86674381176e-09 1.67899371921e-09
16838.7749413 7.28179750807e-09 1.63910524754e-09
16862.0008377 8.72974781808e-09 1.46796363619e-09
16885.2267342 7.55197445854e-09 9.770752714e-10
16908.4526307 6.20975270416e-09 2.53609597051e-10
16931.6785271 7.98475357508e-09 1.92539805707e-10
16954.9044236 8.17960211168e-09 6.43047357241e-10
16978.1303201 6.39597519193e-09 6.19098859204e-10
17001.3562166 6.39727690005e-09 8.3646853275e-10
17024.582113 7.60772553342e-09 1.10844428811e-09
17047.8080095 6.21669885092e-09 1.34099269249e-09
17071.033906 7.3347419529e-09 2.52992454387e-10
17094.2598024 7.35728747942e-09 1.24741020573e-09
17117.4856989 5.9622783586e-09 9.4357163345e-10
17140.7115954 6.96463243917e-09 1.11789528864e-09
17163.9374919 7.26555293715e-09 5.13970114573e-10
17187.1633883 6.54473583025e-09 8.74454125607e-10
17210.3892848 7.64523258714e-09 9.90437854592e-10
17233.6151813 6.98492066105e-09 1.9884910009e-09
17256.8410777 4.9727872595e-09 1.64892017582e-09
17280.0669742 5.82788498317e-09 1.97730841839e-09
17303.2928707 6.46059248283e-09 5.17729664518e-10
17326.5187671 5.81039368485e-09 1.53627997125e-09
17349.7446636 4.27903841088e-09 2.19307982404e-09
17372.9705601 5.48503181848e-09 1.43263182084e-09
17396.1964566 4.90713952518e-09 6.19668982786e-10
17419.422353 5.71149300265e-09 1.27285812367e-09
17442.6482495 4.90593061661e-09 2.65883856749e-09
17465.874146 3.84681893095e-09 1.85621785334e-09
17489.1000424 4.21446949343e-09 1.40450404784e-09
17512.3259389 4.1197496149e-09 3.63129012055e-10
17535.5518354 4.68943828124e-09 1.42586770693e-09
17558.7777319 3.3293958879e-09 2.0652905366e-09
17582.0036283 3.41572713797e-09 1.29507003846e-09
17605.2295248 3.78069458747e-09 1.59060246743e-09
17628.4554213 3.30339657627e-09 1.75513780898e-09
17651.6813177 5.482575581e-09 2.17087602609e-09
17674.9072142 4.98766861135e-09 2.17983945996e-09
17698.1331107 3.11431983156e-09 1.46348833519e-09
17721.3590071 3.35835985254e-09 7.67812214166e-10
17744.5849036 4.25644577058e-09 7.70175527788e-10
17767.8108001 5.3300092209e-09 1.69599156349e-09
17791.0366966 4.1085857472e-09 1.97301875481e-09
17814.262593 3.753266948e-09 2.04348700639e-09
17837.4884895 2.60008539888e-09 1.75686799071e-09
17860.714386 1.97624153147e-09 1.74888255546e-09
17883.9402824 2.87595749804e-09 2.29572838079e-09
17907.1661789 2.1703377399e-09 1.45405136947e-09
17930.3920754 2.68826292304e-09 5.97442000424e-10
17953.6179719 3.59590193015e-09 1.66876433842e-09
17976.8438683 2.90120572477e-09 1.41956392855e-09
18000.0697648 4.03901751573e-09 1.18930507931e-09
18023.2956613 4.30191174019e-09 2.06977416651e-09
18046.5215577 1.43818912873e-09 7.66182820217e-10
18069.7474542 3.1783131553e-09 1.6077800858e-09
18092.9733507 2.25789078944e-09 1.76275734924e-09
18116.1992471 2.51462460883e-09 1.48547939231e-09
18139.4251436 3.19016763966e-09 9.95638971508e-10
18162.6510401 1.90497603984e-09 3.87514986339e-10
18185.8769366 1.54061397183e-09 1.0478001428e-09
18209.102833 2.40159606134e-09 1.29597131241e-09
18232.3287295 2.61946381999e-09 7.67839801565e-10
18255.554626 2.1846298718e-09 1.58619587756e-09
18278.7805224 2.50033309763e-09 1.719915849e-09
18302.0064189 3.6128295597e-09 1.70663885848e-09
18325.2323154 1.38302672601e-09 7.55682368279e-10
18348.4582119 4.05213644253e-09 3.52546444099e-09
18371.6841083 2.41936939666e-09 8.01811911536e-10
18394.9100048 9.5978466913e-10 1.64380294582e-09
18418.1359013 2.49728292761e-09 1.40021503148e-09
18441.3617977 2.45394611596e-09 3.59866596698e-10
18464.5876942 9.03604851762e-10 8.61754352719e-10
18487.8135907 2.00238603283e-09 9.92033145845e-10
18511.0394872 1.62523501254e-09 1.07553857014e-09
18534.2653836 1.3444088084e-09 6.59486767648e-10
18557.4912801 9.99862551681e-10 1.13619638005e-09
18580.7171766 2.17516071093e-09 1.09493005186e-09
18603.943073 2.74286240723e-09 4.27279120256e-10
18627.1689695 1.42209924642e-09 1.62414586748e-09
18650.394866 1.41971449249e-09 4.35455742965e-10
18673.6207624 1.34750111432e-09 8.98541191067e-10
18696.8466589 1.73160520622e-09 1.15337192651e-09
18720.0725554 3.1527894532e-09 1.54441104696e-09
18743.2984519 2.44026769507e-09 1.31167530013e-10
18766.5243483 1.58850492054e-09 1.60307141498e-09
18789.7502448 7.6613294197e-10 5.32131156915e-10
18812.9761413 1.77751244534e-09 1.08553294314e-09
18836.2020377 7.77415286811e-10 7.53518862584e-10
18859.4279342 1.09026704624e-09 2.12878922155e-10
18882.6538307 1.0774275822e-09 1.29515569285e-09
18905.8797272 1.96678210135e-09 8.545896952e-10
18929.1056236 1.38114483921e-10 6.90378786705e-10
18952.3315201 2.93584307724e-10 7.31346801807e-10
18975.5574166 1.59697663034e-09 4.20276285627e-10
18998.783313 1.10180166441e-09 1.12230507778e-09
19022.0092095 2.76277398701e-10 8.93059924292e-10
19045.235106 9.09016055774e-10 3.83176865002e-10
19068.4610024 8.27135625086e-10 4.55179852879e-10
19091.6868989 1.23940153926e-09 6.05422007439e-10
19114.9127954 1.54552556339e-09 3.64885879527e-10
19138.1386919 9.93721296188e-10 5.48502813506e-10
19161.3645883 1.69598819483e-09 8.50312399258e-10
19184.5904848 3.12794394254e-10 6.17581773694e-10
19207.8163813 4.43758931985e-10 5.09608146708e-10
19231.0422777 2.10022143012e-09 2.0418782442e-10
19254.2681742 9.07147676246e-10 6.30103545385e-10
19277.4940707 1.44808907783e-10 1.03085055796e-09
19300.7199672 1.58163026383e-09 9.72169842876e-10
19323.9458636 1.87311253619e-09 6.37209236409e-10
19347.1717601 8.4349667733e-10 3.2874378309e-10
19370.3976566 8.69258814491e-10 2.95975582607e-10
19393.623553 1.44637045889e-10 7.14556856892e-10
19416.8494495 8.06344697848e-10 4.98334799717e-10
19440.075346 1.88030621842e-10 4.67265351199e-10
19463.3012424 6.28193107268e-10 3.22077687687e-10
19486.5271389 1.05327199589e-09 2.70357451898e-10
19509.7530354 1.10475321149e-09 4.15232575426e-10
19532.9789319 1.00327946407e-09 4.7645734837e-10
19556.2048283 3.25856610423e-10 4.91803998774e-10
19579.4307248 6.80880750129e-10 5.50101527274e-10
19602.6566213 8.07779146999e-10 5.46529793377e-10
19625.8825177 4.01256921206e-10 6.83236027261e-10
19649.1084142 1.80279555135e-10 7.31837947851e-10
19672.3343107 2.71236689208e-10 3.99613109486e-10
19695.5602072 4.85525262127e-10 4.68632406347e-10
19718.7861036 6.43374374447e-10 5.54570453784e-10
19742.0120001 3.35286079276e-10 5.23996859427e-10
19765.2378966 5.12965246785e-10 5.47431024614e-10
19788.463793 3.99937278402e-10 4.67092325775e-10
19811.6896895 2.36318051547e-10 6.59044618497e-10
19834.915586 5.24265184029e-10 6.16771075777e-10
19858.1414825 5.98363037327e-10 3.55741590434e-10
19881.3673789 2.58391287125e-10 7.3565609558e-10
19904.5932754 1.89257627813e-10 6.64787329947e-10
19927.8191719 2.64677083096e-10 5.34066557972e-10
19951.0450683 5.53179308829e-10 6.20787856465e-10
19974.2709648 5.25695554927e-10 8.23087145134e-10
19997.4968613 6.58859769748e-10 6.68466567871e-10
20020.7227577 6.06984821944e-10 5.84517336776e-10
20043.9486542 4.62666104272e-10 7.92756774005e-10
20067.1745507 4.85066968234e-10 7.73200844655e-10
20090.4004472 5.5168349933e-10 5.36451067378e-10
20113.6263436 3.51547771726e-10 4.98952597436e-10
20136.8522401 4.34431342418e-10 5.87344307846e-10
20160.0781366 8.04571149895e-10 5.53660565253e-10
20183.304033 9.25880419019e-10 5.25162690112e-10
20206.5299295 4.90451605547e-10 7.39023814169e-10
20229.755826 2.97467348316e-10 8.34801603978e-10
20252.9817225 3.59835595749e-10 6.19637136669e-10
20276.2076189 5.06862105722e-10 5.19352567487e-10
20299.4335154 6.16637947677e-10 5.99829057698e-10
20322.6594119 6.16065078648e-10 6.50087568262e-10
20345.8853083 6.59486154297e-10 6.68160168805e-10
20369.1112048 5.95667051774e-10 7.27639504825e-10
20392.3371013 6.7181570676e-10 6.92399239217e-10
20415.5629977 5.94856025144e-10 5.31770665142e-10
20438.7888942 4.59952590949e-10 5.0863769634e-10
20462.0147907 6.72654386238e-10 7.47280209816e-10
20485.2406872 9.20923435451e-10 7.79222978375e-10
20508.4665836 9.89777858951e-10 6.2660400229e-10
20531.6924801 7.55997196919e-10 4.41762631977e-10
20554.9183766 3.19627059844e-10 5.26416442463e-10
20578.144273 5.32775418435e-10 4.6929527775e-10
20601.3701695 8.2131322816e-10 4.71760884112e-10
20624.596066 7.77077090652e-10 5.40747530246e-10
20647.8219625 6.01437315472e-10 5.35483287644e-10
20671.0478589 5.62387614654e-10 4.30967199979e-10
20694.2737554 6.22725661285e-10 3.45716092305e-10
20717.4996519 6.49817561944e-10 4.1749482034e-10
20740.7255483 6.5860433287e-10 4.15262167497e-10
20763.9514448 7.24191279214e-10 3.57804699325e-10
20787.1773413 7.45232736312e-10 4.12579569259e-10
20810.4032378 6.73034763188e-10 5.29410900039e-10
20833.6291342 5.83661094236e-10 4.79178534464e-10
20856.8550307 5.04313060939e-10 4.30493521664e-10
20880.0809272 4.99237425872e-10 4.12136267095e-10
20903.3068236 6.76145326192e-10 2.56648813332e-10
20926.5327201 7.90541410448e-10 1.64012689074e-10
20949.7586166 6.94966977998e-10 2.72799145961e-10
20972.984513 6.27451682559e-10 3.2474812199e-10
20996.2104095 6.20863898121e-10 3.0172734278e-10
21019.436306 6.60139426078e-10 3.39625210395e-10
21042.6622025 5.78134992197e-10 3.60425273765e-10
21065.8880989 5.2402180537e-10 3.08042797775e-10
21089.1139954 4.46688863207e-10 2.09315494079e-10
21112.3398919 5.43582326491e-10 2.33399192921e-10
21135.5657883 5.13559292794e-10 2.0607862027e-10
21158.7916848 5.19864586556e-10 2.03544199803e-10
21182.0175813 5.44104633468e-10 2.04629057382e-10
21205.2434778 5.45266644789e-10 1.71807657706e-10
21228.4693742 5.33283712023e-10 9.69851918345e-11
21251.6952707 5.5313126472e-10 1.28580800476e-10
21274.9211672 5.02548095586e-10 1.67874236453e-10
21298.1470636 5.04019428925e-10 1.92947006488e-10
21321.3729601 5.48698260748e-10 1.93172467379e-10
21344.5988566 5.35114769365e-10 1.89470840062e-10
21367.824753 4.41209471822e-10 2.05920556708e-10
21391.0506495 3.53033401923e-10 1.6558604499e-10
21414.276546 4.18682171447e-10 1.26535894637e-10
21437.5024425 4.62573812825e-10 1.42472636777e-10
21460.7283389 4.6794046585e-10 1.83346698814e-10
21483.9542354 4.21910245023e-10 1.2399615813e-10
21507.1801319 4.12892781964e-10 1.14646543506e-10
21530.4060283 4.03734111365e-10 1.31397772645e-10
21553.6319248 4.00416043805e-10 1.60718591036e-10
21576.8578213 3.93663418868e-10 1.4521993726e-10
21600.0837178 3.76158162193e-10 1.12828206944e-10
21623.3096142 3.61257508129e-10 7.6292074927e-11
21646.5355107 3.3744144463e-10 1.08247418758e-10
21669.7614072 3.96598040869e-10 1.47877727997e-10
21692.9873036 4.051257531e-10 1.42348875067e-10
21716.2132001 3.77745967535e-10 1.03421650047e-10
21739.4390966 3.20867586102e-10 9.64195193941e-11
21762.664993 2.55036783706e-10 1.11856991832e-10
21785.8908895 2.96512008189e-10 1.1794313424e-10
21809.116786 3.58939009929e-10 9.6340204831e-11
21832.3426825 3.57499425487e-10 7.04981441892e-11
21855.5685789 3.71390348027e-10 1.04939604113e-10
21878.7944754 3.40920592765e-10 1.0978633985e-10
21902.0203719 3.15994179977e-10 9.82595633516e-11
21925.2462683 2.6078966017e-10 8.4769888002e-11
21948.4721648 2.69504325961e-10 7.64447910785e-11
21971.6980613 3.31586843158e-10 8.04608740117e-11
21994.9239578 3.56947853789e-10 8.27792488336e-11
22018.1498542 3.15346535692e-10 9.31777589991e-11
22041.3757507 2.46249311432e-10 8.16488141702e-11
22064.6016472 2.47074257453e-10 6.26978445746e-11
22087.8275436 2.88856305458e-10 4.43849984046e-11
22111.0534401 2.87262489185e-10 5.3902137922e-11
22134.2793366 3.00576688709e-10 6.700145781e-11
22157.5052331 2.84018320688e-10 5.43523938592e-11
22180.7311295 2.72364479889e-10 4.37193711523e-11
22203.957026 2.29109352727e-10 2.26528053308e-11
22227.1829225 2.84567424625e-10 3.36700533593e-11
22250.4088189 2.96648792708e-10 4.91159407448e-11
22273.6347154 3.31413172755e-10 2.31142901939e-11
22296.8606119 3.2184667898e-10 3.65627579274e-11
22320.0865083 2.86661724543e-10 4.3822870682e-11
22343.3124048 2.7575345148e-10 4.65330424654e-11
22366.5383013 2.40441621652e-10 6.91443743146e-11
22389.7641978 2.39570689001e-10 6.50669298908e-11
22412.9900942 3.2789238178e-10 2.53226801842e-11
22436.2159907 3.1214207238e-10 2.3657866663e-11
22459.4418872 2.38675663645e-10 3.81960493329e-11
22482.6677836 2.89084353361e-10 3.64351232118e-11
22505.8936801 3.39284266206e-10 5.50079340605e-11
22529.1195766 2.97634032958e-10 7.40174299682e-11
22552.3454731 2.44676285103e-10 6.02489368868e-11
22575.5713695 2.81839826224e-10 4.67230254746e-11
22598.797266 2.64156431838e-10 4.14295702836e-11
22622.0231625 2.82397061038e-10 4.702698881e-11
22645.2490589 2.54176601852e-10 5.64025257869e-11
22668.4749554 2.15741705881e-10 6.44023664346e-11
22691.7008519 2.12805669222e-10 5.75841550304e-11
22714.9267483 2.19117393036e-10 7.19947972747e-11
22738.1526448 2.51656684237e-10 6.76359333415e-11
22761.3785413 2.37868719549e-10 6.41098647857e-11
22784.6044378 2.09109509509e-10 6.05065654077e-11
22807.8303342 2.29050915515e-10 6.28632405392e-11
22831.0562307 2.18756153846e-10 7.50140747158e-11
22854.2821272 2.18103708959e-10 6.99687745487e-11
22877.5080236 2.34722716243e-10 7.58655801427e-11
22900.7339201 1.90352058294e-10 6.4110232604e-11
22923.9598166 2.09307975439e-10 7.80176164003e-11
22947.1857131 1.91523207981e-10 7.09705250008e-11
22970.4116095 2.23371062112e-10 7.6871576061e-11
22993.637506 1.9437871849e-10 9.36786397078e-11
23016.8634025 1.8646037223e-10 6.72565963652e-11
23040.0892989 1.66902509165e-10 8.15081002768e-11
23063.3151954 1.80707493431e-10 7.07434969522e-11
23086.5410919 2.17317425611e-10 9.42990500362e-11
23109.7669884 1.7994752018e-10 8.01680759245e-11
23132.9928848 1.77146739226e-10 8.24256232179e-11
23156.2187813 1.77365122424e-10 8.87792706221e-11
23179.4446778 1.82467797817e-10 7.31665331834e-11
23202.6705742 1.78730743281e-10 8.77066430361e-11
23225.8964707 1.83986505252e-10 8.43029454091e-11
23249.1223672 1.8131989764e-10 8.81060316596e-11
23272.3482636 1.74650169832e-10 7.11794691484e-11
23295.5741601 1.44953905541e-10 8.73605229323e-11
23318.8000566 1.49434336943e-10 7.1570517843e-11
23342.0259531 1.47300273532e-10 1.00057890254e-10
23365.2518495 1.38887751116e-10 7.56212867667e-11
23388.477746 1.61358923914e-10 1.06670936717e-10
23411.7036425 1.34090590873e-10 7.20433712057e-11
23434.9295389 1.46004839324e-10 8.41647224645e-11
23458.1554354 1.26567184352e-10 8.2297313372e-11
23481.3813319 1.34756818836e-10 9.384309965e-11
23504.6072284 1.36533440147e-10 8.80426493787e-11
23527.8331248 1.49512859158e-10 9.18068809334e-11
23551.0590213 1.3298026957e-10 8.45879682766e-11
23574.2849178 1.28336687083e-10 8.82962004545e-11
23597.5108142 1.17865609405e-10 7.87387576058e-11
23620.7367107 1.27282202903e-10 9.14460656792e-11
23643.9626072 1.24613980154e-10 1.02271031275e-10
23667.1885036 1.14906544448e-10 9.11350339177e-11
23690.4144001 1.31481436906e-10 9.50858211827e-11
23713.6402966 1.1679052707e-10 8.17369668554e-11
23736.8661931 1.14768014108e-10 9.84014603537e-11
23760.0920895 1.28555798756e-10 1.12225972646e-10
23783.317986 1.23161393696e-10 9.90327649091e-11
23806.5438825 1.15297612172e-10 9.50528441024e-11
23829.7697789 1.17065825882e-10 9.66862197492e-11
23852.9956754 1.40079759329e-10 9.99049331099e-11
23876.2215719 1.27270683637e-10 8.89141355907e-11
23899.4474684 1.07694735953e-10 9.39125888766e-11
23922.6733648 1.10915858464e-10 1.03969016411e-10
23945.8992613 1.14580180921e-10 9.88660341661e-11
23969.1251578 1.12640222573e-10 1.06042770201e-10
23992.3510542 1.18169545287e-10 9.82228997607e-11
24015.5769507 1.08351679281e-10 9.97364061805e-11
24038.8028472 1.09530002636e-10 9.39895350364e-11
24062.0287436 1.06579494544e-10 9.46722423652e-11
24085.2546401 9.72872002311e-11 9.810220965e-11
24108.4805366 1.13124113886e-10 1.03973152285e-10
24131.7064331 9.50473878427e-11 1.00973338746e-10
24154.9323295 8.66672467864e-11 1.00828480024e-10
24178.158226 9.1708231202e-11 9.92607630446e-11
24201.3841225 8.67752708911e-11 9.9825745487e-11
24224.6100189 8.19470413285e-11 1.0212427649e-10
24247.8359154 8.1134144373e-11 1.00841780202e-10
24271.0618119 7.90174600911e-11 1.01750027822e-10
24294.2877084 8.82129256377e-11 1.03124214315e-10
24317.5136048 9.3766604923e-11 1.03672188299e-10
24340.7395013 9.16682548225e-11 1.02012975703e-10
24363.9653978 8.46242789547e-11 1.00058565361e-10
24387.1912942 7.66738549146e-11 1.02637748182e-10
24410.4171907 8.09220422877e-11 1.03757945107e-10
24433.6430872 8.09818035884e-11 1.04957617979e-10
24456.8689837 7.1514426052e-11 1.03491565604e-10
24480.0948801 7.45087068222e-11 1.00670580279e-10
24503.3207766 7.43864203457e-11 9.75824157577e-11
24526.5466731 8.21348578956e-11 1.00662191203e-10
24549.7725695 7.91538926473e-11 1.00707041112e-10
24572.998466 7.76711315289e-11 9.8175112044e-11
24596.2243625 7.61231109294e-11 9.40387516431e-11
24619.4502589 8.16831857122e-11 9.11721623801e-11
24642.6761554 8.51363586528e-11 9.33083311863e-11
24665.9020519 8.26968671693e-11 9.24029475121e-11
24689.1279484 7.68809456788e-11 8.8691597964e-11
24712.3538448 7.80836375557e-11 8.52376472278e-11
24735.5797413 8.72869673684e-11 8.56705909227e-11
24758.8056378 8.14273792279e-11 8.76767875502e-11
24782.0315342 7.85055742194e-11 8.74327465619e-11
24805.2574307 7.82368012882e-11 8.86041781649e-11
24828.4833272 7.84218663647e-11 8.93840614027e-11
24851.7092237 7.70277393931e-11 8.67706344605e-11
24874.9351201 7.41331979535e-11 8.6913881921e-11
24898.1610166 6.75881030803e-11 8.82901369835e-11
24921.3869131 6.80972185363e-11 8.94134807512e-11
24944.6128095 6.72616723445e-11 8.69786601445e-11
24967.838706 6.92659619373e-11 8.63399387913e-11
24991.0646025 7.19147706666e-11 8.76907769529e-11
25014.2904989 7.58539617682e-11 8.60238179637e-11
25037.5163954 7.20671465831e-11 8.30106744664e-11
25060.7422919 7.0954560476e-11 8.29759771798e-11
25083.9681884 7.25601351187e-11 8.70196241184e-11
25107.1940848 7.44012835405e-11 8.67279490773e-11
25130.4199813 6.89743624783e-11 8.5189399261e-11
25153.6458778 6.61946573153e-11 8.34085470564e-11
25176.8717742 6.39377163961e-11 8.33878242079e-11
25200.0976707 6.64563318354e-11 8.38858923461e-11
25223.3235672 6.39081402202e-11 8.34192226584e-11
25246.5494637 5.91304165524e-11 8.36554281119e-11
25269.7753601 5.89713598701e-11 8.33041663843e-11
25293.0012566 6.33104457639e-11 8.41478673974e-11
25316.2271531 6.72339521611e-11 8.16835261921e-11
25339.4530495 6.29727757824e-11 8.14746710944e-11
25362.678946 6.39663187192e-11 8.29736714251e-11
25385.9048425 6.68215326497e-11 8.31347645643e-11
25409.130739 6.86503229821e-11 8.20989479901e-11
25432.3566354 6.82286912839e-11 7.9254344048e-11
25455.5825319 6.95225170075e-11 7.86028559205e-11
25478.8084284 6.74321612772e-11 7.66952401656e-11
25502.0343248 6.1732471654e-11 7.79763112903e-11
25525.2602213 6.29090172304e-11 7.97593083061e-11
25548.4861178 6.31887261299e-11 7.94176579754e-11
25571.7120142 6.15719471141e-11 7.69313850685e-11
25594.9379107 5.81190015584e-11 7.52332246305e-11
25618.1638072 5.59306998142e-11 7.46219217387e-11
25641.3897037 5.57659804918e-11 7.30753039954e-11
25664.6156001 5.30665506624e-11 7.23676927558e-11
25687.8414966 4.83129359519e-11 7.2301198965e-11
25711.0673931 4.64126864625e-11 7.19893006836e-11
25734.2932895 4.71414707175e-11 7.23265311671e-11
25757.519186 4.9014736234e-11 6.97630018495e-11
25780.7450825 4.82068727129e-11 6.71623592266e-11
25803.970979 4.88890136814e-11 6.62119955386e-11
25827.1968754 4.90902722489e-11 6.51748761972e-11
25850.4227719 4.34098257809e-11 6.4928752792e-11
25873.6486684 4.0017402053e-11 6.38755322844e-11
25896.8745648 4.10254853861e-11 6.46593740032e-11
25920.1004613 4.29255380489e-11 6.28794093578e-11
25943.3263578 4.05065643472e-11 6.09922940888e-11
25966.5522542 4.0599362343e-11 6.06352542247e-11
25989.7781507 4.14229080626e-11 5.79053613999e-11
26013.0040472 4.5729516335e-11 5.72163135906e-11
26036.2299437 4.52983365723e-11 5.68055654635e-11
26059.4558401 4.56245607662e-11 5.59401879255e-11
26082.6817366 4.57521805913e-11 5.55467756167e-11
26105.9076331 4.72630700171e-11 5.30464344714e-11
26129.1335295 5.05205215001e-11 5.24578307725e-11
26152.359426 4.77290236909e-11 5.13904064898e-11
26175.5853225 4.92693712968e-11 5.18892269263e-11
26198.811219 5.05368887702e-11 5.15132510405e-11
26222.0371154 5.09579009027e-11 4.98255791436e-11
26245.2630119 4.84075838299e-11 4.75602849073e-11
26268.4889084 4.71934534624e-11 4.68016946797e-11
26291.7148048 4.59957363867e-11 4.64644304794e-11
26314.9407013 4.63548598204e-11 4.67878884669e-11
26338.1665978 4.52340405945e-11 4.46867779251e-11
26361.3924942 4.3563614208e-11 4.33830339511e-11
26384.6183907 4.35519487552e-11 4.35608149654e-11
26407.8442872 4.30849496256e-11 4.49292913895e-11
26431.0701837 4.45993569046e-11 4.41487229728e-11
26454.2960801 4.60739693251e-11 4.34139383286e-11
26477.5219766 4.63564152855e-11 4.29864755733e-11
26500.7478731 4.50940405665e-11 4.30094835501e-11
26523.9737695 4.68455234352e-11 4.23723718587e-11
26547.199666 4.98461263879e-11 4.28553016429e-11
26570.4255625 4.87609416424e-11 4.40447340808e-11
26593.651459 4.58509568422e-11 4.38886108912e-11
26616.8773554 4.46585234888e-11 4.55663581536e-11
26640.1032519 4.50252919777e-11 4.43538322756e-11
26663.3291484 4.05184366012e-11 4.16735875054e-11
26686.5550448 4.11620057372e-11 4.28366640076e-11
26709.7809413 4.24443245752e-11 4.40160381326e-11
26733.0068378 4.19714463218e-11 4.54023554536e-11
26756.2327343 4.45124002307e-11 4.45500225274e-11
26779.4586307 4.43944879569e-11 4.34391724108e-11
26802.6845272 4.49813602341e-11 4.34417485121e-11
26825.9104237 4.51489361948e-11 4.44176702418e-11
26849.1363201 4.40926250909e-11 4.62691568969e-11
26872.3622166 4.5016658124e-11 4.59001134538e-11
26895.5881131 4.53736552175e-11 4.57958567343e-11
26918.8140095 4.67024179427e-11 4.58089107162e-11
26942.039906 4.58631106243e-11 4.48622732382e-11
26965.2658025 4.72288509563e-11 4.58788625599e-11
26988.491699 4.63354356987e-11 4.45445608794e-11
27011.7175954 4.60026551266e-11 4.28658858549e-11
27034.9434919 4.23429458221e-11 4.12358603186e-11
27058.1693884 4.17278708737e-11 3.94277516085e-11
27081.3952848 3.96780638131e-11 3.91512826254e-11
27104.6211813 3.75030545402e-11 4.01944300042e-11
27127.8470778 3.68166298448e-11 4.22682200064e-11
27151.0729743 3.54198621467e-11 4.21848745695e-11
27174.2988707 3.6569639047e-11 4.28630629923e-11
27197.5247672 3.43549922121e-11 4.18241058381e-11
27220.7506637 3.30235292197e-11 4.20993725975e-11
27243.9765601 3.43027093425e-11 4.10008520065e-11
27267.2024566 3.4445427335e-11 4.17841544642e-11
27290.4283531 3.53020800031e-11 4.3184825366e-11
27313.6542495 3.55903017296e-11 4.14099096271e-11
27336.880146 3.42668863566e-11 4.2408486336e-11
27360.1060425 3.44561785171e-11 4.29283210071e-11
27383.331939 3.22326295781e-11 4.00477454336e-11
27406.5578354 3.1838897454e-11 3.9985835899e-11
27429.7837319 3.10912476974e-11 3.93437311484e-11
27453.0096284 3.07962013908e-11 3.91921654878e-11
27476.2355248 3.22823166151e-11 4.02623216829e-11
27499.4614213 3.05180688695e-11 3.8729465606e-11
27522.6873178 3.13873350232e-11 3.87916631877e-11
27545.9132143 3.34706838667e-11 3.89391773319e-11
27569.1391107 3.30523317613e-11 3.84772213802e-11
27592.3650072 3.40725728087e-11 3.83996048412e-11
27615.5909037 3.30388251234e-11 3.76027730293e-11
27638.8168001 3.27205600544e-11 3.78815241426e-11
27662.0426966 3.25951151277e-11 3.519125673e-11
27685.2685931 3.09875782719e-11 3.69136988898e-11
27708.4944895 2.97492795108e-11 3.64477045645e-11
27731.720386 2.76587335326e-11 3.4053013345e-11
27754.9462825 2.71837833071e-11 3.48560168086e-11
27778.172179 2.58182310256e-11 3.4306610894e-11
27801.3980754 2.50553611748e-11 3.42611945789e-11
27824.6239719 2.33184562429e-11 3.46829907371e-11
27847.8498684 2.23211282949e-11 3.39838721134e-11
27871.0757648 2.24859001269e-11 3.37630611269e-11
27894.3016613 2.09659416652e-11 3.3373062969e-11
27917.5275578 2.09045217359e-11 3.4069151764e-11
27940.7534543 2.16646973914e-11 3.35108491052e-11
27963.9793507 2.15507625882e-11 3.46459388971e-11
27987.2052472 2.20572009855e-11 3.30596273674e-11
28010.4311437 2.11814287206e-11 3.37263904742e-11
28033.6570401 2.07758896381e-11 3.25203000748e-11
28056.8829366 2.03680538529e-11 3.20928136719e-11
28080.1088331 1.99251497097e-11 3.20517626207e-11
28103.3347296 1.84527415717e-11 3.22950559454e-11
28126.560626 1.89991304283e-11 3.11260370683e-11
28149.7865225 1.75321820238e-11 3.12207600602e-11
28173.012419 1.75393375204e-11 3.1094563701e-11
28196.2383154 1.68136524701e-11 3.09188280771e-11
28219.4642119 1.70360938517e-11 3.1108790673e-11
28242.6901084 1.69081005426e-11 3.07502843476e-11
28265.9160048 1.71811750361e-11 3.10156933852e-11
28289.1419013 1.72894930788e-11 3.00661192977e-11
28312.3677978 1.80043311744e-11 2.9575513746e-11
28335.5936943 1.71944633188e-11 3.02697477481e-11
28358.8195907 1.66500432284e-11 2.80769594653e-11
28382.0454872 1.69829665939e-11 2.86025191583e-11
28405.2713837 1.5382628831e-11 2.77482330271e-11
28428.4972801 1.43657722565e-11 2.74751437667e-11
28451.7231766 1.24833381054e-11 2.70062443146e-11
28474.9490731 1.19699415016e-11 2.63118159157e-11
28498.1749696 1.2057299847e-11 2.64233861151e-11
28521.400866 1.12073986313e-11 2.7074547783e-11
28544.6267625 1.06738993651e-11 2.63576006972e-11
28567.852659 1.05048125653e-11 2.58060126319e-11
28591.0785554 9.69188842487e-12 2.58668240089e-11
28614.3044519 9.45520745515e-12 2.5750397034e-11
28637.5303484 9.64679423099e-12 2.54058831669e-11
28660.7562448 8.70439227368e-12 2.54989923026e-11
28683.9821413 7.570473952e-12 2.4897347676e-11
28707.2080378 7.62205099384e-12 2.45746381224e-11
28730.4339343 7.93910588078e-12 2.45524113021e-11
28753.6598307 7.90579214532e-12 2.47879322081e-11
28776.8857272 7.59023538092e-12 2.43661749982e-11
28800.1116237 7.15644193388e-12 2.35893702938e-11
28823.3375201 7.11764376164e-12 2.31784891946e-11
28846.5634166 6.24531871365e-12 2.25580942251e-11
28869.7893131 6.07052019064e-12 2.25993942042e-11
28893.0152096 6.7752675735e-12 2.32013203592e-11
28916.241106 6.74821288267e-12 2.34479631543e-11
28939.4670025 6.70051037892e-12 2.28467148965e-11
28962.692899 6.42377994281e-12 2.25247862196e-11
28985.9187954 6.38110627048e-12 2.25725841869e-11
29009.1446919 6.7016708977e-12 2.20029460161e-11
29032.3705884 6.94303373716e-12 2.16351785286e-11
29055.5964849 6.30075983939e-12 2.15124876175e-11
29078.8223813 5.85288205076e-12 2.12061399597e-11
29102.0482778 5.61636529326e-12 2.0494241943e-11
29125.2741743 5.58836872558e-12 2.03271342938e-11
29148.5000707 4.52033143415e-12 2.00155851784e-11
29171.7259672 3.78184306077e-12 1.96219957311e-11
29194.9518637 3.64542269608e-12 1.97613996687e-11
29218.1777601 3.10658523331e-12 1.93035309013e-11
29241.4036566 3.31101036189e-12 1.90247636916e-11
29264.6295531 2.94121677221e-12 1.88416682859e-11
29287.8554496 3.22510601846e-12 1.86006002674e-11
29311.081346 3.00988132817e-12 1.83161780252e-11
29334.3072425 3.2768783819e-12 1.84620327817e-11
29357.533139 3.59763792797e-12 1.82876988057e-11
29380.7590354 3.38374830284e-12 1.82077079003e-11
29403.9849319 3.37333219201e-12 1.81217375138e-11
29427.2108284 3.38090790962e-12 1.80780563756e-11
29450.4367249 3.13545494195e-12 1.78339290905e-11
29473.6626213 2.93221273709e-12 1.7467764028e-11
29496.8885178 2.78158317207e-12 1.70443888955e-11
29520.1144143 2.80138680702e-12 1.70677162342e-11
29543.3403107 2.5612584634e-12 1.7103769875e-11
29566.5662072 2.64887825717e-12 1.66690287849e-11
29589.7921037 2.718894706e-12 1.64034755943e-11
29613.0180001 2.99629192742e-12 1.61906759666e-11
29636.2438966 2.95380889644e-12 1.61700561451e-11
29659.4697931 2.64123995067e-12 1.59721864993e-11
29682.6956896 2.54433130781e-12 1.59129016962e-11
29705.921586 2.69969739349e-12 1.55202337386e-11
29729.1474825 2.82006573289e-12 1.52541865621e-11
29752.373379 2.4309167402e-12 1.49052350262e-11
29775.5992754 2.22856321287e-12 1.45789787388e-11
29798.8251719 2.07400721694e-12 1.41465391172e-11
29822.0510684 2.30687164298e-12 1.38077530045e-11
29845.2769649 2.28038909879e-12 1.36238433409e-11
29868.5028613 2.45846763248e-12 1.35603522892e-11
29891.7287578 2.48135445849e-12 1.33964800763e-11
29914.9546543 2.66030722532e-12 1.33880089419e-11
29938.1805507 2.94361897141e-12 1.3176006673e-11
29961.4064472 3.28693852015e-12 1.29353413112e-11
29984.6323437 3.28947200371e-12 1.26572678479e-11
30007.8582401 3.26789076326e-12 1.2659593266e-11
30031.0841366 3.25234993709e-12 1.26457899542e-11
30054.3100331 3.40570904026e-12 1.24485536433e-11
30077.5359296 3.47723584502e-12 1.22623879553e-11
30100.761826 3.48260039072e-12 1.21912096199e-11
30123.9877225 3.20214378334e-12 1.21395253454e-11
30147.213619 3.1675911039e-12 1.18641424434e-11
30170.4395154 3.19397028073e-12 1.1645992138e-11
30193.6654119 3.12074813543e-12 1.14928652287e-11
30216.8913084 2.92769020249e-12 1.14019060874e-11
30240.1172049 2.93616928222e-12 1.11933674216e-11
30263.3431013 2.91088788315e-12 1.10944530826e-11
30286.5689978 3.00973162672e-12 1.08483774109e-11
30309.7948943 3.17336717393e-12 1.05841943737e-11
30333.0207907 3.18019729187e-12 1.03806819921e-11
30356.2466872 3.33126014312e-12 1.028264228e-11
30379.4725837 3.38825148298e-12 1.03080160968e-11
30402.6984802 3.4647917778e-12 1.024567717e-11
30425.9243766 3.60393659172e-12 1.01050927521e-11
30449.1502731 3.54112625557e-12 9.94994628646e-12
30472.3761696 3.5051345932e-12 9.59672518934e-12
30495.602066 3.57555167936e-12 9.43465345169e-12
30518.8279625 3.65625029945e-12 9.16325752992e-12
30542.053859 3.76658887833e-12 8.93045970729e-12
30565.2797554 3.81835167647e-12 8.6103864587e-12
30588.5056519 3.86422786089e-12 8.31586489054e-12
30611.7315484 3.84786931653e-12 8.12768415561e-12
30634.9574449 3.71195746708e-12 8.05871546198e-12
30658.1833413 3.71377074335e-12 8.05381330637e-12
30681.4092378 3.53256951899e-12 7.95257179734e-12
30704.6351343 3.38421142805e-12 7.80162490442e-12
30727.8610307 3.23313184992e-12 7.68503629044e-12
30751.0869272 3.11911885161e-12 7.52237846945e-12
30774.3128237 3.07315936361e-12 7.46742536393e-12
30797.5387202 2.83982143286e-12 7.25507064281e-12
30820.7646166 2.78432153319e-12 7.27574031725e-12
30843.9905131 2.92963777663e-12 7.24042151148e-12
30867.2164096 3.11892311535e-12 7.02113700828e-12
30890.442306 3.2536287958e-12 6.80615199514e-12
30913.6682025 3.27391556956e-12 6.65798192474e-12
30936.894099 3.40873463714e-12 6.66845641181e-12
30960.1199954 3.45367524704e-12 6.59303295865e-12
30983.3458919 3.5410650097e-12 6.4068215189e-12
31006.5717884 3.63676873654e-12 6.27038682134e-12
31029.7976849 3.65518418729e-12 6.05636466692e-12
31053.0235813 3.54620201717e-12 5.90051350969e-12
31076.2494778 3.41089312166e-12 5.86975767954e-12
31099.4753743 3.32215214427e-12 5.84056529155e-12
31122.7012707 3.0636586781e-12 5.78848199197e-12
31145.9271672 3.02128891859e-12 5.78008445162e-12
31169.1530637 2.89918974561e-12 5.73738102982e-12
31192.3789602 2.76087538048e-12 5.58329041471e-12
31215.6048566 2.80349977453e-12 5.38611797188e-12
31238.8307531 2.74291948722e-12 5.14964759691e-12
31262.0566496 2.82148539639e-12 4.91833673041e-12
31285.282546 2.80851829002e-12 4.78749990845e-12
31308.5084425 2.8636167757e-12 4.61042429777e-12
31331.734339 2.87608910827e-12 4.41273049842e-12
31354.9602355 2.83860828815e-12 4.35854075402e-12
31378.1861319 2.82227765849e-12 4.21679944664e-12
31401.4120284 2.6784903924e-12 4.24200323972e-12
31424.6379249 2.50998169584e-12 4.23214499042e-12
31447.8638213 2.37056045732e-12 4.24919696516e-12
31471.0897178 2.3472140611e-12 4.32128076355e-12
31494.3156143 2.31938816635e-12 4.28683292574e-12
31517.5415107 2.27667540501e-12 4.21485068842e-12
31540.7674072 2.34778544284e-12 4.20220348864e-12
31563.9933037 2.31219114078e-12 4.1003296796e-12
31587.2192002 2.37173071089e-12 4.00749282174e-12
31610.4450966 2.40733021633e-12 3.91259426051e-12
31633.6709931 2.45051925995e-12 3.83392214899e-12
31656.8968896 2.41637681217e-12 3.74837076605e-12
31680.122786 2.38571684198e-12 3.626327745e-12
31703.3486825 2.37821748629e-12 3.48094798942e-12
31726.574579 2.36607377791e-12 3.40945177196e-12
31749.8004755 2.35653821186e-12 3.23190231231e-12
31773.0263719 2.22937847266e-12 3.10794699574e-12
31796.2522684 2.11833001827e-12 3.01899896814e-12
31819.4781649 2.01767699518e-12 2.97047903722e-12
31842.7040613 1.85621039295e-12 2.9830973264e-12
31865.9299578 1.73927345223e-12 3.01594003046e-12
31889.1558543 1.63046104285e-12 2.93906708514e-12
31912.3817507 1.62573888301e-12 3.00045834237e-12
31935.6076472 1.62524635614e-12 2.97725948627e-12
31958.8335437 1.61214164088e-12 2.77287743348e-12
31982.0594402 1.65643358864e-12 2.73307486401e-12
32005.2853366 1.63299362626e-12 2.60697531399e-12
32028.5112331 1.63759289187e-12 2.51960215584e-12
32051.7371296 1.63363015195e-12 2.4603155087e-12
32074.963026 1.62365282154e-12 2.40028067775e-12
32098.1889225 1.73604365091e-12 2.38229972157e-12
32121.414819 1.72126340539e-12 2.28782118545e-12
32144.6407155 1.70796031016e-12 2.23202542335e-12
32167.8666119 1.72614614367e-12 2.19322449957e-12
32191.0925084 1.67185840168e-12 2.18227215323e-12
32214.3184049 1.59197696075e-12 2.17236071459e-12
32237.5443013 1.46040887491e-12 2.0999423369e-12
32260.7701978 1.36201489207e-12 2.14171516587e-12
32283.9960943 1.29569940913e-12 2.12692737069e-12
32307.2219907 1.18047532555e-12 2.04565055331e-12
32330.4478872 1.17552185755e-12 1.98754731734e-12
32353.6737837 1.16124914796e-12 1.87386533287e-12
32376.8996802 1.1386877748e-12 1.81448628345e-12
32400.1255766 1.07417290864e-12 1.75603465704e-12
32423.3514731 1.13897147109e-12 1.73840865044e-12
32446.5773696 1.12557297716e-12 1.65822141889e-12
32469.803266 1.14244187405e-12 1.64812571628e-12
32493.0291625 1.22650075929e-12 1.51689210012e-12
32516.255059 1.22148670187e-12 1.4808847715e-12
32539.4809555 1.19408462868e-12 1.47778063444e-12
32562.7068519 1.14859387005e-12 1.39907218077e-12
32585.9327484 1.12139920458e-12 1.42769345994e-12
32609.1586449 1.12187484994e-12 1.40070062148e-12
32632.3845413 1.07757751779e-12 1.35950894361e-12
32655.6104378 1.03767319866e-12 1.36335121905e-12
32678.8363343 9.69863392873e-13 1.28964315722e-12
32702.0622308 8.84945198939e-13 1.29144825457e-12
32725.2881272 8.4560675244e-13 1.25162368453e-12
32748.5140237 8.24749295741e-13 1.26751498516e-12
32771.7399202 7.80913150489e-13 1.17280018572e-12
32794.9658166 7.92059401963e-13 1.20504069039e-12
32818.1917131 8.29723042239e-13 1.11468481971e-12
32841.4176096 8.40983950157e-13 1.08994400014e-12
32864.643506 8.66633189364e-13 1.04727355605e-12
32887.8694025 8.39862510209e-13 1.00886689453e-12
32911.095299 8.77123594538e-13 9.66790958691e-13
32934.3211955 8.56773728589e-13 8.66221547349e-13
32957.5470919 8.44407336607e-13 8.39422859345e-13
32980.7729884 8.11027464114e-13 8.36280762508e-13
33003.9988849 7.75345825873e-13 8.1265300479e-13
33027.2247813 7.0342185156e-13 7.90349201371e-13
33050.4506778 6.46673521667e-13 8.53061684409e-13
33073.6765743 6.19899816026e-13 8.10894857597e-13
33096.9024708 5.96114149763e-13 8.45743979616e-13
33120.1283672 5.74698832673e-13 7.89182019322e-13
33143.3542637 5.77684793479e-13 8.13209457099e-13
33166.5801602 6.20706708608e-13 7.92576909799e-13
33189.8060566 6.66599579448e-13 7.77935156199e-13
33213.0319531 6.98944234625e-13 7.38691790349e-13
33236.2578496 7.22808485428e-13 7.41490400345e-13
33259.483746 7.37880668343e-13 6.91497343776e-13
33282.7096425 7.46373497803e-13 6.35755672113e-13
33305.935539 7.53641755773e-13 6.02880179714e-13
33329.1614355 7.18662163018e-13 5.36495737124e-13
33352.3873319 6.90721170416e-13 5.44666868126e-13
33375.6132284 6.29263605331e-13 5.22327923774e-13
33398.8391249 5.60706448974e-13 5.29098090354e-13
33422.0650213 4.98951469662e-13 5.50402987818e-13
33445.2909178 4.35932865629e-13 5.59034023246e-13
33468.5168143 3.75892421733e-13 5.59380191782e-13
33491.7427108 3.35144442346e-13 5.81878338761e-13
33514.9686072 3.36032197138e-13 5.63695927167e-13
33538.1945037 3.49443529941e-13 5.57048208428e-13
33561.4204002 3.84625169703e-13 5.48463172881e-13
33584.6462966 4.26677720934e-13 5.23448540391e-13
33607.8721931 4.4063023195e-13 5.02097701441e-13
33631.0980896 4.76675593449e-13 4.76828500632e-13
33654.3239861 5.05467981075e-13 4.56110028467e-13
33677.5498825 5.21498231282e-13 4.22624258429e-13
33700.775779 5.27980702067e-13 3.90841604289e-13
33724.0016755 5.24930477792e-13 3.68549925218e-13
33747.2275719 5.09042734298e-13 3.5067532106e-13
33770.4534684 4.64658070625e-13 3.34978698082e-13
33793.6793649 4.05792575955e-13 3.50761188708e-13
33816.9052613 3.51674002492e-13 3.8166470587e-13
33840.1311578 2.873162505e-13 4.00039217045e-13
33863.3570543 2.23905397976e-13 4.15148323524e-13
33886.5829508 1.8621700071e-13 4.12384212845e-13
33909.8088472 1.73247913779e-13 4.09795061255e-13
33933.0347437 1.81860905239e-13 3.91753194596e-13
33956.2606402 2.05953322737e-13 3.89657668996e-13
33979.4865366 2.41170755665e-13 3.60550855371e-13
34002.7124331 2.70072640353e-13 3.31111179464e-13
34025.9383296 2.91600620083e-13 3.13369556208e-13
34049.1642261 3.11810524649e-13 2.85768053424e-13
34072.3901225 3.18235792427e-13 2.55965359171e-13
34095.616019 3.1577049778e-13 2.26022828079e-13
34118.8419155 3.07133491792e-13 2.0508295437e-13
34142.0678119 2.81260383778e-13 1.78100252373e-13
34165.2937084 2.57615372441e-13 1.7395604235e-13
34188.5196049 2.19247506234e-13 1.8572159549e-13
34211.7455013 1.77840157565e-13 1.95677424217e-13
34234.9713978 1.43798743723e-13 2.15833979288e-13
34258.1972943 1.00428605697e-13 2.17311115212e-13
34281.4231908 6.3144673826e-14 2.30305051135e-13
34304.6490872 6.76759466005e-14 2.3272515222e-13
34327.8749837 1.07024305441e-13 2.38602686775e-13
34351.1008802 1.46573812357e-13 2.35241220359e-13
34374.3267766 1.87544188608e-13 2.23064328112e-13
34397.5526731 2.11250206314e-13 2.06994914407e-13
34420.7785696 2.34870126051e-13 1.8621920922e-13
34444.0044661 2.44845244919e-13 1.6108280365e-13
34467.2303625 2.44008550425e-13 1.32671445838e-13
34490.456259 2.29209648089e-13 9.63157765383e-14
34513.6821555 2.17885168889e-13 7.18981473781e-14
34536.9080519 1.99688657789e-13 5.6244480481e-14
34560.1339484 1.65547141272e-13 5.54695551157e-14
34583.3598449 1.28531332641e-13 6.70171712854e-14
34606.5857413 8.64401303425e-14 8.57304071595e-14
34629.8116378 4.23075250547e-14 1.02359488179e-13
34653.0375343 1.78173130297e-14 1.18414383089e-13
34676.2634308 4.03599454902e-14 1.33398291783e-13
34699.4893272 7.11678438578e-14 1.38896086113e-13
34722.7152237 1.07885792004e-13 1.36906258491e-13
34745.9411202 1.39804831903e-13 1.30263391824e-13
34769.1670166 1.65649312693e-13 1.17834149861e-13
34792.3929131 1.87031234295e-13 9.86705975417e-14
34815.6188096 2.01988090214e-13 8.07162482941e-14
34838.8447061 2.11395699375e-13 6.0922407782e-14
34862.0706025 2.10196996872e-13 3.79490946617e-14
34885.296499 2.05033001411e-13 1.14267225672e-14
34908.5223955 1.95493835268e-13 1.7169838429e-14
34931.7482919 1.74970694113e-13 4.17672249366e-14
34954.9741884 1.45468978864e-13 5.9125411021e-14
34978.2000849 1.11568674211e-13 7.71765007803e-14
35001.4259814 7.31173691554e-14 9.27527853898e-14
35024.6518778 3.74247271729e-14 1.07841820749e-13
35047.8777743 2.00128030487e-14 1.17595512158e-13
35071.1036708 4.24953256458e-14 1.21978928689e-13
35094.3295672 7.30257225842e-14 1.2201504399e-13
35117.5554637 1.0399382684e-13 1.18877267281e-13
35140.7813602 1.26687503428e-13 1.12549251878e-13
35164.0072566 1.47611557415e-13 9.94655365367e-14
35187.2331531 1.61179751939e-13 8.49755670082e-14
35210.4590496 1.73517517409e-13 6.78394741533e-14
35233.6849461 1.78844710809e-13 4.89937504417e-14
35256.9108425 1.76257277061e-13 2.88317327616e-14
35280.136739 1.74605901585e-13 1.21978891998e-14
35303.3626355 1.64245457432e-13 1.98379516798e-14
35326.5885319 1.56941525917e-13 4.01221494352e-14
35349.8144284 1.42604650457e-13 6.0424566377e-14
35373.0403249 1.2249327617e-13 7.58368268078e-14
35396.2662214 1.05028706917e-13 9.48386108902e-14
35419.4921178 8.60350395393e-14 1.06466058209e-13
35442.7180143 6.66356472168e-14 1.14306359497e-13
35465.9439108 5.6447637146e-14 1.22550915388e-13
35489.1698072 5.65589232169e-14 1.26009664108e-13
35512.3957037 6.68605251962e-14 1.2403745653e-13
35535.6216002 8.2100424282e-14 1.19619174105e-13
35558.8474966 9.65891476256e-14 1.1199839133e-13
35582.0733931 1.1151851252e-13 9.96758916354e-14
35605.2992896 1.24010064676e-13 8.53994817864e-14
35628.5251861 1.32772812935e-13 6.99978192042e-14
35651.7510825 1.38796174834e-13 5.35360506478e-14
35674.976979 1.40130577198e-13 3.6975990403e-14
35698.2028755 1.40342961877e-13 1.88728482791e-14
35721.4287719 1.38165540911e-13 9.32309660345e-16
35744.6546684 1.33799178057e-13 1.75243791241e-14
35767.8805649 1.32174473869e-13 3.44042213333e-14
35791.1064614 1.24396823285e-13 5.16086572164e-14
35814.3323578 1.14504162081e-13 6.19730789595e-14
35837.5582543 1.05097150366e-13 7.45784362808e-14
35860.7841508 9.38652473644e-14 8.26268015292e-14
35884.0100472 8.56195896321e-14 8.89802576889e-14
35907.2359437 8.59915533913e-14 9.30697736951e-14
35930.4618402 8.99551422172e-14 9.67222522835e-14
35953.6877366 9.53302711606e-14 9.76301020302e-14
35976.9136331 1.01024739524e-13 9.46297041037e-14
36000.1395296 1.06149913779e-13 8.92485197706e-14
36023.3654261 1.06727782373e-13 8.23875349035e-14
36046.5913225 1.05464559561e-13 7.46471908409e-14
36069.817219 1.04852462558e-13 6.49373998962e-14
36093.0431155 1.01484260334e-13 5.47274983904e-14
36116.2690119 9.88000142146e-14 4.66316054701e-14
36139.4949084 9.89217283141e-14 3.83953523328e-14
36162.7208049 9.69481544595e-14 3.44272751369e-14
36185.9467014 9.88440798307e-14 2.94694012218e-14
36209.1725978 1.02140665449e-13 2.87185863668e-14
36232.3984943 1.07054216011e-13 3.00676202148e-14
36255.6243908 1.14753765721e-13 3.49805296025e-14
36278.8502872 1.20810176745e-13 4.15005419288e-14
36302.0761837 1.23715951088e-13 4.69848039393e-14
36325.3020802 1.26890263591e-13 5.32735156459e-14
36348.5279767 1.29211836465e-13 6.0399083441e-14
36371.7538731 1.28290567258e-13 6.67159725752e-14
36394.9797696 1.22684291578e-13 7.05814413481e-14
36418.2056661 1.14036951372e-13 7.34917717266e-14
36441.4315625 1.06115714773e-13 7.5692115563e-14
36464.657459 9.52618514956e-14 7.64694111718e-14
36487.8833555 8.31374189515e-14 7.75238217411e-14
36511.1092519 7.21930586054e-14 7.70490326051e-14
36534.3351484 6.55597049508e-14 7.54417717049e-14
36557.5610449 6.56060787049e-14 7.3174720221e-14
36580.7869414 7.24454688902e-14 7.05647229563e-14
36604.0128378 8.22148287404e-14 6.63857328804e-14
36627.2387343 9.44259429469e-14 6.16783668824e-14
36650.4646308 1.06045957782e-13 5.44243016881e-14
36673.6905272 1.1513962705e-13 4.8500310687e-14
36696.9164237 1.23623137993e-13 3.99413131593e-14
36720.1423202 1.29243648527e-13 3.20424841217e-14
36743.3682167 1.31937839527e-13 2.60914077945e-14
36766.5941131 1.31767628033e-13 2.36502445029e-14
36789.8200096 1.30899034968e-13 2.61068034769e-14
36813.0459061 1.25868005907e-13 3.28421338111e-14
36836.2718025 1.20174426642e-13 4.10656920496e-14
36859.497699 1.13309165128e-13 4.92069487803e-14
36882.7235955 1.05541337614e-13 5.76998804948e-14
36905.9494919 9.76258936295e-14 6.46536995142e-14
36929.1753884 9.14092739196e-14 7.11015375093e-14
36952.4012849 8.62611070324e-14 7.65075331987e-14
36975.6271814 8.23038356661e-14 7.97696886289e-14
36998.8530778 8.09727190908e-14 8.18679060775e-14
37022.0789743 8.08207193205e-14 8.2320697022e-14
37045.3048708 8.31049782765e-14 8.01239974687e-14
37068.5307672 8.65436249418e-14 7.68265687757e-14
37091.7566637 8.9983200626e-14 7.20209253588e-14
37114.9825602 9.51455138801e-14 6.51240535863e-14
37138.2084567 1.00508183548e-13 5.68784384671e-14
37161.4343531 1.05317961459e-13 4.7656443529e-14
37184.6602496 1.09970018001e-13 3.79752150926e-14
37207.8861461 1.13778975673e-13 2.83550396161e-14
37231.1120425 1.1664165476e-13 2.09746352107e-14
37254.337939 1.19345608727e-13 1.87525297165e-14
37277.5638355 1.19709526289e-13 2.36944938439e-14
37300.789732 1.1947448243e-13 3.22275777013e-14
37324.0156284 1.17615531004e-13 4.1846095213e-14
37347.2415249 1.1449074666e-13 5.18374600216e-14
37370.4674214 1.09317621538e-13 6.05227791929e-14
37393.6933178 1.03672941659e-13 6.88272935753e-14
37416.9192143 9.74252189172e-14 7.50437530793e-14
37440.1451108 9.04499080234e-14 8.033546572e-14
37463.3710072 8.41215716354e-14 8.37192768818e-14
37486.5969037 7.80414772763e-14 8.53848906443e-14
37509.8228002 7.43124740077e-14 8.53615828015e-14
37533.0486967 7.26204964813e-14 8.32206580904e-14
37556.2745931 7.35263324866e-14 7.98826804456e-14
37579.5004896 7.69788454477e-14 7.47188802367e-14
37602.7263861 8.24287705014e-14 6.84072001769e-14
37625.9522825 8.90947497405e-14 6.08327865473e-14
37649.178179 9.59797693215e-14 5.22351884228e-14
37672.4040755 1.02548508724e-13 4.32496571757e-14
37695.629972 1.08448636144e-13 3.41601167544e-14
37718.8558684 1.13293052639e-13 2.57427224231e-14
37742.0817649 1.16826631898e-13 2.01671816947e-14
37765.3076614 1.19178861866e-13 1.98365137715e-14
37788.5335578 1.19837074811e-13 2.52447005641e-14
37811.7594543 1.19180063235e-13 3.31270955274e-14
37834.9853508 1.16851955578e-13 4.1823238162e-14
37858.2112472 1.1354038056e-13 5.00335754421e-14
37881.4371437 1.08350082218e-13 5.74091604451e-14
37904.6630402 1.02243461811e-13 6.36654081395e-14
37927.8889367 9.54499963667e-14 6.87791129966e-14
37951.1148331 8.89867090116e-14 7.27543547508e-14
37974.3407296 8.26783890932e-14 7.51925319036e-14
37997.5666261 7.77228750095e-14 7.59662341807e-14
38020.7925225 7.48925915029e-14 7.53635596826e-14
38044.018419 7.47294550925e-14 7.33482528386e-14
38067.2443155 7.68943913592e-14 7.00550185472e-14
38090.470212 8.14981649124e-14 6.55361559526e-14
38113.6961084 8.7273611507e-14 5.97538983156e-14
38136.9220049 9.39138981955e-14 5.29778858078e-14
38160.1479014 1.00566990169e-13 4.54868313849e-14
38183.3737978 1.06722702989e-13 3.74884788278e-14
38206.5996943 1.11855361583e-13 2.98236199487e-14
38229.8255908 1.15694574479e-13 2.36646645072e-14
38253.0514872 1.18060184638e-13 2.1026851446e-14
38276.2773837 1.18919367443e-13 2.34604730662e-14
38299.5032802 1.17924486961e-13 2.9647228825e-14
38322.7291767 1.15211185597e-13 3.74385558799e-14
38345.9550731 1.11014633759e-13 4.55611978134e-14
38369.1809696 1.05715872693e-13 5.34201518309e-14
38392.4068661 9.94027524408e-14 6.05725563238e-14
38415.6327625 9.24417767026e-14 6.68196845356e-14
38438.858659 8.54904671135e-14 7.19007813217e-14
38462.0845555 7.90512766303e-14 7.57973258253e-14
38485.310452 7.38738999382e-14 7.82661181077e-14
38508.5363484 7.05844430955e-14 7.92434829021e-14
38531.7622449 6.94633477028e-14 7.88297173322e-14
38554.9881414 7.10321956033e-14 7.68145720293e-14
38578.2140378 7.46890629491e-14 7.33664168661e-14
38601.4399343 7.99936019372e-14 6.86247678459e-14
38624.6658308 8.61515507774e-14 6.25941815651e-14
38647.8917273 9.26507281856e-14 5.54509533171e-14
38671.1176237 9.88540351143e-14 4.74985099779e-14
38694.3435202 1.0431241119e-13 3.9051193843e-14
38717.5694167 1.08766906686e-13 3.06532811373e-14
38740.7953131 1.12088326933e-13 2.32748864285e-14
38764.0212096 1.1407250753e-13 1.9100176346e-14
38787.2471061 1.14568437844e-13 2.05267170679e-14
38810.4730025 1.13682119412e-13 2.65146556918e-14
38833.698899 1.11461399761e-13 3.43638093364e-14
38856.9247955 1.08002503882e-13 4.25948797892e-14
38880.150692 1.03488469382e-13 5.04775351729e-14
38903.3765884 9.81350744567e-14 5.75743868172e-14
38926.6024849 9.23811575836e-14 6.36335776275e-14
38949.8283814 8.65381545038e-14 6.84855658273e-14
38973.0542778 8.11666963299e-14 7.19802372903e-14
38996.2801743 7.68670276757e-14 7.39960536334e-14
39019.5060708 7.42654134565e-14 7.44797637347e-14
39042.7319673 7.3720216561e-14 7.34885096848e-14
39065.9578637 7.53293325843e-14 7.09787372617e-14
39089.1837602 7.87879462385e-14 6.71069486564e-14
39112.4096567 8.36244685694e-14 6.19048433099e-14
39135.6355531 8.92780497817e-14 5.5540814655e-14
39158.8614496 9.51088915577e-14 4.82507873747e-14
39182.0873461 1.00623268581e-13 4.02903342449e-14
39205.3132425 1.05490975915e-13 3.21036960023e-14
39228.539139 1.09366776015e-13 2.4603898874e-14
39251.7650355 1.12046186699e-13 1.94887268929e-14
39274.990932 1.1340394836e-13 1.94480244084e-14
39298.2168284 1.1329791022e-13 2.45523015482e-14
39321.4427249 1.11737008156e-13 3.21806069226e-14
39344.6686214 1.08715377565e-13 4.05148736571e-14
39367.8945178 1.04418848565e-13 4.86917429527e-14
39391.1204143 9.90201798423e-14 5.62690696848e-14
39414.3463108 9.27762729268e-14 6.29392490367e-14
39437.5722073 8.61624289299e-14 6.84816390484e-14
39460.7981037 7.96745374084e-14 7.27763296209e-14
39484.0240002 7.39117331608e-14 7.57050766632e-14
39507.2498967 6.96032018255e-14 7.71762560988e-14
39530.4757931 6.74379371872e-14 7.71664962168e-14
39553.7016896 6.77610823913e-14 7.56962500376e-14
39576.9275861 7.05176000849e-14 7.27851922455e-14
39600.1534826 7.52509447392e-14 6.84971626416e-14
39623.379379 8.12446504088e-14 6.29398757672e-14
39646.6052755 8.77983907418e-14 5.62852794763e-14
39669.831172 9.43079140195e-14 4.87462390767e-14
39693.0570684 1.0026565732e-13 4.05938567406e-14
39716.2829649 1.05326924596e-13 3.22724678034e-14
39739.5088614 1.09200532873e-13 2.45966246218e-14
39762.7347578 1.11677693974e-13 1.92683355747e-14
39785.9606543 1.12665248699e-13 1.88601286246e-14
39809.1865508 1.12137543664e-13 2.35807066699e-14
39832.4124473 1.10141862552e-13 3.08764344312e-14
39855.6383437 1.0677467308e-13 3.88574339502e-14
39878.8642402 1.02214044783e-13 4.66694877091e-14
39902.0901367 9.67187128276e-14 5.38583399989e-14
39925.3160331 9.06508149477e-14 6.01163081952e-14
39948.5419296 8.44750260323e-14 6.52495293368e-14
39971.7678261 7.87185783817e-14 6.91193323681e-14
39994.9937226 7.40493011423e-14 7.16235061274e-14
40018.219619 7.1085859605e-14 7.26932126604e-14
40041.4455155 7.03103598929e-14 7.23001648448e-14
40064.671412 7.18279760462e-14 7.04731150211e-14
40087.8973084 7.5391642221e-14 6.72473845835e-14
40111.1232049 8.04178448646e-14 6.27170104058e-14
40134.3491014 8.62516900076e-14 5.70030330558e-14
40157.5749978 9.22855612269e-14 5.02837465084e-14
40180.8008943 9.80178490308e-14 4.28024052424e-14
40204.0267908 1.03021826755e-13 3.49017340524e-14
40227.2526873 1.06995503296e-13 2.7193113111e-14
40250.4785837 1.09737298732e-13 2.0902815639e-14
40273.7044802 1.11107646498e-13 1.8360535663e-14
40296.9303767 1.11039806107e-13 2.11879076141e-14
40320.1562731 1.09518848423e-13 2.76535870726e-14
40343.3821696 1.06621455059e-13 3.55006337547e-14
40366.6080661 1.02481224347e-13 4.35375729598e-14
40389.8339626 9.7301018118e-14 5.11641121574e-14
40413.059859 9.13510976509e-14 5.80507738132e-14
40436.2857555 8.50283229864e-14 6.39599836469e-14
40459.511652 7.88349027531e-14 6.87046704116e-14
40482.7375484 7.33521649392e-14 7.21552098322e-14
40505.9634449 6.92136922785e-14 7.42401045501e-14
40529.1893414 6.70575403903e-14 7.49046670006e-14
40552.4152378 6.7231800067e-14 7.41288611928e-14
40575.6411343 6.96775006003e-14 7.19241192352e-14
40598.8670308 7.39732823757e-14 6.8356487536e-14
40622.0929273 7.95139474313e-14 6.35258692288e-14
40645.3188237 8.56235357802e-14 5.75487751461e-14
40668.5447202 9.17460702683e-14 5.060496191e-14
40691.7706167 9.74209498637e-14 4.2926369991e-14
40714.9965131 1.02296718136e-13 3.48855369219e-14
40738.2224096 1.06094232354e-13 2.70750580227e-14
40761.4483061 1.0863592867e-13 2.071071125e-14
40784.6742026 1.09807023074e-13 1.81160211269e-14
40807.900099 1.09560375916e-13 2.0925486178e-14
40831.1259955 1.0791302622e-13 2.73215270208e-14
40854.351892 1.04937493218e-13 3.50255768679e-14
40877.5777884 1.0079019992e-13 4.28725475069e-14
40900.8036849 9.56977353835e-14 5.02719300859e-14
40924.0295814 8.99565184136e-14 5.68941963182e-14
40947.2554779 8.3964324341e-14 6.24986845047e-14
40970.4813743 7.82364299947e-14 6.69274502939e-14
40993.7072708 7.33810920676e-14 7.00543632443e-14
41016.9331673 7.0011498311e-14 7.18093313919e-14
41040.1590637 6.86590951164e-14 7.21333433623e-14
41063.3849602 6.95710053945e-14 7.10229385806e-14
41086.6108567 7.25761635684e-14 6.8510932857e-14
41109.8367531 7.72045695284e-14 6.465588547e-14
41133.0626496 8.28377342948e-14 5.95556974678e-14
41156.2885461 8.88578389975e-14 5.33588086295e-14
41179.5144426 9.47199212007e-14 4.62610394613e-14
41202.740339 1.00000195193e-13 3.85428230409e-14
41225.9662355 1.04360505586e-13 3.06299661977e-14
41249.192132 1.07555916549e-13 2.33470627406e-14
41272.4180284 1.09421761066e-13 1.84316319048e-14
41295.6439249 1.09854243269e-13 1.8443388954e-14
41318.8698214 1.08824812519e-13 2.33970253998e-14
41342.0957179 1.06385655081e-13 3.07351422292e-14
41365.3216143 1.02630584079e-13 3.8728035684e-14
41388.5475108 9.7754457783e-14 4.65617531559e-14
41411.7734073 9.20124594607e-14 5.3785036492e-14
41434.9993037 8.57811246185e-14 6.01271514722e-14
41458.2252002 7.9522781038e-14 6.53922785478e-14
41481.4510967 7.38208363534e-14 6.94265321253e-14
41504.6769931 6.93443245757e-14 7.21164307722e-14
41527.9028896 6.67505890871e-14 7.34075649872e-14
41551.1287861 6.64729809313e-14 7.32696947486e-14
41574.3546826 6.85589406058e-14 7.16918041209e-14
41597.580579 7.26349200631e-14 6.87222060827e-14
41620.8064755 7.80750587319e-14 6.44423147242e-14
41644.032372 8.41959110166e-14 5.89653273253e-14
41667.2582684 9.03974606053e-14 5.24338235731e-14
41690.4841649 9.61870907364e-14 4.50719520306e-14
41713.7100614 1.01190682711e-13 3.71965252623e-14
41736.9359579 1.051147334e-13 2.92747153505e-14
41760.1618543 1.07767395274e-13 2.22520197913e-14
41783.3877508 1.09033344086e-13 1.81012065869e-14
41806.6136473 1.08858025728e-13 1.91734553637e-14
41829.8395437 1.07246781316e-13 2.47063712479e-14
41853.0654402 1.04294827318e-13 3.21692679662e-14
41876.2913367 1.00153071795e-13 4.00705312191e-14
41899.5172332 9.50245467553e-14 4.76931993246e-14
41922.7431296 8.92315819465e-14 5.46286167057e-14
41945.9690261 8.31849906848e-14 6.06296548229e-14
41969.1949226 7.73741050883e-14 6.55225476319e-14
41992.420819 7.24042306845e-14 6.91728717404e-14
42015.6467155 6.89123619121e-14 7.14664607709e-14
42038.872612 6.74247708058e-14 7.23564162552e-14
42062.0985084 6.81880318693e-14 7.18326648124e-14
42085.3244049 7.10646230489e-14 6.99069619687e-14
42108.5503014 7.5596149853e-14 6.66153804031e-14
42131.7761979 8.11490900877e-14 6.20525245288e-14
42155.0020943 8.71196447233e-14 5.6346487792e-14
42178.2279908 9.29764586591e-14 4.96653051357e-14
42201.4538873 9.82923053321e-14 4.22339370194e-14
42224.6797837 1.02737570699e-13 3.43975280556e-14
42247.9056802 1.06082818661e-13 2.67388333561e-14
42271.1315767 1.0814830024e-13 2.04332953847e-14
