# 1:freq 2:Re 3:Im
23.2258964707 8.16760438043e-07 6.27518179084e-07
46.4517929414 8.90647072496e-07 6.23126332191e-07
69.6776894121 8.31118821467e-07 6.34937474193e-07
92.9035858828 8.10580151802e-07 6.38677789813e-07
116.129482354 9.03297054703e-07 6.48099430639e-07
139.355378824 9.31736471662e-07 6.76755102882e-07
162.581275295 9.32117797691e-07 6.93598556096e-07
185.807171766 9.86059041495e-07 7.33681585849e-07
209.033068236 1.06554901147e-06 7.6478363265e-07
232.258964707 1.15214018286e-06 8.34359798756e-07
255.484861178 1.22603187685e-06 9.74947930187e-07
278.710757648 1.15572317261e-06 9.90803821104e-07
301.936654119 9.3642272717e-07 9.14300260114e-07
325.16255059 6.79730102595e-07 8.93637455381e-07
348.388447061 5.16929737072e-07 8.73484335595e-07
371.614343531 3.31703322011e-07 6.81622423832e-07
394.840240002 3.83093400246e-07 7.68325210788e-07
418.066136473 2.92304083962e-07 5.32545560783e-07
441.292032943 4.06417822356e-07 5.17639077902e-07
464.517929414 7.40594906522e-07 2.92577765065e-07
487.743825885 8.68851476217e-07 2.20912337733e-07
510.969722355 1.03849096709e-06 2.82373205739e-07
534.195618826 1.21063275933e-06 4.31833569613e-07
557.421515297 1.24997953759e-06 5.09377910738e-07
580.647411768 1.47660585965e-06 7.46221551237e-07
603.873308238 1.64757832822e-06 9.23381354216e-07
627.099204709 2.12517125632e-06 1.32359314322e-06
650.32510118 2.51888980923e-06 1.75792438926e-06
673.55099765 2.83850596139e-06 2.11571226089e-06
696.776894121 3.23661379687e-06 2.44033221717e-06
720.002790592 3.90333587161e-06 2.80335779949e-06
743.228687063 4.58734017368e-06 2.8607241865e-06
766.454583533 5.26939486016e-06 2.98724578465e-06
789.680480004 5.6316746504e-06 3.09524390692e-06
812.906376475 5.58115136495e-06 3.12599057682e-06
836.132272945 4.6239459541e-06 2.91872679486e-06
859.358169416 3.18537091546e-06 2.28152384389e-06
882.584065887 2.27172724194e-06 1.62783834719e-06
905.809962357 2.66119093351e-06 1.50584323126e-06
929.035858828 3.31928850186e-06 1.81249131157e-06
952.261755299 3.20847487034e-06 1.9783223763e-06
975.48765177 2.65430961268e-06 1.8307789192e-06
998.71354824 2.63800271345e-06 1.75076567937e-06
1021.93944471 2.73185855515e-06 1.6063446781e-06
1045.16534118 2.56895096356e-06 1.64226803475e-06
1068.39123765 2.36398373868e-06 1.55468414131e-06
1091.61713412 2.08571475232e-06 1.52394827679e-06
1114.84303059 2.36975006985e-06 1.23542399046e-06
1138.06892706 2.1703755475e-06 1.1878759148e-06
1161.29482354 1.31785235795e-06 1.10524848332e-06
1184.52072001 2.20973144188e-06 8.52545443118e-07
1207.74661648 1.63835587109e-06 1.55479965305e-06
1230.97251295 2.68122086599e-06 1.48239849815e-06
1254.19840942 1.90857594763e-06 1.11022070429e-06
1277.42430589 1.30130431305e-06 9.58047039358e-07
1300.65020236 1.34932957031e-06 8.02524518016e-07
1323.87609883 1.53012814793e-06 7.4204499392e-07
1347.1019953 1.39317323741e-06 5.31276944373e-07
1370.32789177 1.45774061457e-06 1.00319420781e-06
1393.55378824 1.19435615921e-06 1.00686503312e-06
1416.77968471 1.52092967938e-06 1.11333011473e-06
1440.00558118 1.60546255155e-06 1.04312642061e-06
1463.23147765 1.31567758529e-06 7.56945342801e-07
1486.45737413 1.31927711096e-06 8.80064682281e-07
1509.6832706 1.15014324241e-06 7.15465080825e-07
1532.90916707 1.25541552362e-06 7.82193577105e-07
1556.13506354 1.30253596947e-06 7.43806306757e-07
1579.36096001 9.93239343618e-07 5.74199111065e-07
1602.58685648 1.43898026488e-06 8.64793104175e-07
1625.81275295 1.29919586291e-06 8.42758485754e-07
1649.03864942 1.23460783782e-06 9.20450096248e-07
1672.26454589 1.48727353881e-06 1.01489599386e-06
1695.49044236 1.487689317e-06 8.34108696949e-07
1718.71633883 1.60691213681e-06 1.08000461973e-06
1741.9422353 1.5217967485e-06 1.15599390199e-06
1765.16813177 1.83770130217e-06 1.35516396362e-06
1788.39402824 1.87752327304e-06 1.16834039572e-06
1811.61992471 2.02074588686e-06 1.36411253479e-06
1834.84582119 1.49666180162e-06 9.37022541631e-07
1858.07171766 1.49342043151e-06 1.02229568059e-06
1881.29761413 1.9208497125e-06 1.31533544025e-06
1904.5235106 1.98599808e-06 1.41501460222e-06
1927.74940707 1.38254505065e-06 1.10009715448e-06
1950.97530354 8.6529632194e-07 5.6128829337e-07
1974.20120001 1.50523942652e-06 1.25249083337e-06
1997.42709648 1.342245286e-06 1.13555183342e-06
2020.65299295 1.17909968182e-06 1.04339694681e-06
2043.87888942 1.0050514886e-06 1.02440066252e-06
2067.10478589 1.54881888828e-06 1.25773916755e-06
2090.33068236 2.07460329182e-06 1.65332836491e-06
2113.55657883 2.24527715382e-06 1.95311958561e-06
2136.7824753 2.11536969679e-06 1.8185000661e-06
2160.00837178 2.6289193625e-06 2.37627196956e-06
2183.23426825 2.53603758537e-06 2.26908922306e-06
2206.46016472 2.05372001312e-06 1.88656168984e-06
2229.68606119 3.38146685757e-06 3.15323796433e-06
2252.91195766 3.10926077159e-06 2.81000925522e-06
2276.13785413 2.07775841278e-06 1.88896917533e-06
2299.3637506 1.68229475014e-06 1.81227887928e-06
2322.58964707 1.11760398001e-06 1.58946755237e-06
2345.81554354 1.41517147683e-06 7.91092820858e-08
2369.04144001 2.03149227681e-06 1.74775149582e-06
2392.26733648 1.22625949572e-06 1.27781180527e-06
2415.49323295 1.00245682373e-06 1.69103089989e-06
2438.71912942 9.01120782054e-07 3.49635273209e-07
2461.94502589 1.41417537623e-06 1.30450026484e-06
2485.17092237 4.42718563351e-07 9.51142560126e-07
2508.39681884 8.66557518177e-07 1.00222269549e-06
2531.62271531 4.54926823928e-07 5.41139842238e-07
2554.84861178 3.10875180959e-06 2.54558908439e-06
2578.07450825 3.42869864149e-06 3.00294151771e-06
2601.30040472 3.21432910743e-06 3.34355859017e-06
2624.52630119 2.23757817369e-06 2.21614172488e-06
2647.75219766 2.97694210088e-06 2.95844068295e-06
2670.97809413 2.34372346886e-06 2.46119941218e-06
2694.2039906 1.78706624695e-06 1.80746710604e-06
2717.42988707 3.26596866587e-06 3.29860534896e-06
2740.65578354 5.04230128754e-06 5.02384934225e-06
2763.88168001 6.6967091041e-06 6.66466381392e-06
2787.10757648 7.44994200984e-06 7.33404047597e-06
2810.33347296 5.07834231482e-06 4.91704489595e-06
2833.55936943 7.56918717433e-06 7.37256018382e-06
2856.7852659 6.54181895404e-06 6.49848511375e-06
2880.01116237 4.37276210911e-06 4.41551017609e-06
2903.23705884 5.86611355781e-06 5.97647815136e-06
2926.46295531 1.01620554382e-05 1.02163273232e-05
2949.68885178 7.47050734961e-06 7.39080976567e-06
2972.91474825 9.03060553786e-06 8.95692224341e-06
2996.14064472 6.75680873128e-06 6.65983820763e-06
3019.36654119 1.60286246185e-06 1.6178780984e-06
3042.59243766 7.39143689039e-06 7.34560132713e-06
3065.81833413 1.33509669722e-05 1.32466348825e-05
3089.0442306 1.60491914293e-05 1.59591543232e-05
3112.27012707 1.18740669546e-05 1.17635339607e-05
3135.49602355 6.45176704964e-06 6.37528849765e-06
3158.72192002 7.86685333439e-06 7.80928245932e-06
3181.94781649 5.67086633505e-06 5.62207453516e-06
3205.17371296 5.45208355122e-06 5.42167009826e-06
3228.39960943 8.70192631249e-06 8.71626777139e-06
3251.6255059 1.36092342561e-05 1.35744743768e-05
3274.85140237 1.29862394546e-05 1.29265663139e-05
3298.07729884 2.78241765437e-05 2.77550594027e-05
3321.30319531 3.69075795356e-05 3.68268407351e-05
3344.52909178 3.51058041193e-05 3.49815366309e-05
3367.75498825 4.40286386337e-05 4.39380655701e-05
3390.98088472 4.47402971566e-05 4.45958589303e-05
3414.20678119 5.42201327771e-05 5.4056905863e-05
3437.43267766 6.2721853702e-05 6.25854959348e-05
3460.65857413 7.33590167052e-05 7.31968822988e-05
3483.88447061 8.80176311955e-05 8.7860015601e-05
3507.11036708 7.93041502925e-05 7.90947023482e-05
3530.33626355 4.02295658752e-05 4.01465762415e-05
3553.56216002 3.70265610016e-05 3.69733177592e-05
3576.78805649 1.98890362437e-05 1.98036781079e-05
3600.01395296 3.64730711008e-05 3.63588105794e-05
3623.23984943 3.60065243373e-05 3.59343005272e-05
3646.4657459 2.45866312771e-05 2.45312115339e-05
3669.69164237 1.96282164436e-05 1.96025444256e-05
3692.91753884 2.50811346036e-05 2.50514163784e-05
3716.14343531 1.19342615943e-05 1.19266681089e-05
3739.36933178 1.0710064722e-05 1.07051258266e-05
3762.59522825 5.72699967291e-06 5.71827260835e-06
3785.82112472 5.07210830706e-06 5.06194987708e-06
3809.0470212 5.27014198772e-06 5.26299105923e-06
3832.27291767 6.51230394546e-06 6.52019094659e-06
3855.49881414 7.58150990896e-06 7.5808708647e-06
3878.72471061 4.56140179214e-06 4.5530278702e-06
3901.95060708 4.28850706031e-06 4.29379645615e-06
3925.17650355 6.07872251032e-06 6.08713593348e-06
3948.40240002 4.52981909118e-06 4.52922967079e-06
3971.62829649 3.91725636573e-06 3.92647286619e-06
3994.85419296 7.84577575506e-06 7.83526958136e-06
4018.08008943 6.90200090701e-06 6.89679741988e-06
4041.3059859 5.00740071369e-06 5.00491333137e-06
4064.53188237 5.2616406689e-06 5.2642228402e-06
4087.75777884 4.91000424978e-06 4.89672537985e-06
4110.98367531 3.58862987296e-06 3.57899728933e-06
4134.20957179 4.4666734979e-06 4.49161475156e-06
4157.43546826 4.65912354965e-06 4.66723437203e-06
4180.66136473 2.44423954381e-06 2.42593806552e-06
4203.8872612 2.12991207592e-06 2.13403828453e-06
4227.11315767 2.78019381582e-06 2.78269580429e-06
4250.33905414 2.23753277029e-06 2.23613079121e-06
4273.56495061 2.19549690996e-06 2.16465604781e-06
4296.79084708 2.54094526534e-06 2.53525544792e-06
4320.01674355 9.36083123602e-07 9.20531634387e-07
4343.24264002 2.32307577817e-07 2.62732278681e-07
4366.46853649 1.32061659435e-06 1.28700211623e-06
4389.69443296 1.15799877057e-06 1.13574172793e-06
4412.92032943 6.33851626201e-07 6.2411536889e-07
4436.1462259 6.73637381611e-07 6.54871584381e-07
4459.37212238 8.47903930419e-07 8.27326238776e-07
4482.59801885 1.08212346215e-06 1.05348204978e-06
4505.82391532 1.21829606656e-06 1.19792459899e-06
4529.04981179 1.41835947547e-06 1.41376646595e-06
4552.27570826 1.61284951299e-06 1.61676837202e-06
4575.50160473 1.6200184689e-06 1.61685172851e-06
4598.7275012 1.35976313203e-06 1.3919698715e-06
4621.95339767 1.34956664072e-06 1.3675402457e-06
4645.17929414 1.61886021305e-06 1.60133734936e-06
4668.40519061 1.52462119974e-06 1.52797908032e-06
4691.63108708 1.33329149785e-06 1.41907675664e-06
4714.85698355 6.95166917728e-07 7.16040597662e-07
4738.08288002 4.41093046728e-07 3.96240657797e-07
4761.30877649 7.1365345789e-07 6.95850625549e-07
4784.53467297 8.31367612117e-07 8.20577809322e-07
4807.76056944 9.26740072788e-07 9.07305679753e-07
4830.98646591 8.80561816707e-07 8.72026997106e-07
4854.21236238 8.10837494634e-07 8.03386785961e-07
4877.43825885 8.15645086943e-07 8.04356957653e-07
4900.66415532 5.88656414135e-07 6.18123524761e-07
4923.89005179 6.02286123445e-07 5.8351974684e-07
4947.11594826 4.21440973625e-07 3.81092817339e-07
4970.34184473 7.98486857637e-08 8.06814019578e-08
4993.5677412 3.46980005742e-07 3.6499869228e-07
5016.79363767 3.37886521704e-07 3.45018070833e-07
5040.01953414 4.0750559522e-08 4.27622646484e-08
5063.24543061 1.29170923406e-07 1.40448497291e-07
5086.47132708 4.74829677392e-08 7.59838689489e-08
5109.69722355 1.33166807982e-07 1.01735323455e-07
5132.92312003 2.57738415191e-07 2.56961401973e-07
5156.1490165 4.14379902957e-07 4.54107437215e-07
5179.37491297 6.71800980751e-07 6.91177517643e-07
5202.60080944 8.08762214287e-07 8.13885516933e-07
5225.82670591 7.59308232159e-07 7.91000551538e-07
5249.05260238 7.45602124786e-07 7.99323974893e-07
5272.27849885 7.2635497027e-07 7.38470267744e-07
5295.50439532 8.35611645546e-07 8.41319255813e-07
5318.73029179 9.56646715483e-07 9.47502636306e-07
5341.95618826 9.11882012046e-07 9.3902449591e-07
5365.18208473 8.683983887e-07 9.22894705393e-07
5388.4079812 9.13654918582e-07 9.21920519219e-07
5411.63387767 8.76218309432e-07 8.66145086587e-07
5434.85977414 7.52231692131e-07 7.78551880285e-07
5458.08567062 6.48814592495e-07 7.08624725532e-07
5481.31156709 6.15707579804e-07 6.34575151558e-07
5504.53746356 6.20423867351e-07 5.99085789522e-07
5527.76336003 5.17454108925e-07 5.07487188907e-07
5550.9892565 3.8531684265e-07 4.07535777719e-07
5574.21515297 2.37278406249e-07 2.80580116638e-07
5597.44104944 2.18278943129e-07 2.20048539401e-07
5620.66694591 3.23826691241e-07 2.85590966176e-07
5643.89284238 3.1569802898e-07 3.38682801829e-07
5667.11873885 3.67464747726e-07 4.15034556139e-07
5690.34463532 4.78039748543e-07 4.73464803708e-07
5713.57053179 6.58920960458e-07 5.78737806611e-07
5736.79642826 6.60619745874e-07 6.19127433464e-07
5760.02232473 5.89066511782e-07 5.79159807775e-07
5783.24822121 4.65332575357e-07 4.73083225759e-07
5806.47411768 4.17448328442e-07 4.13864084139e-07
5829.70001415 4.30323546302e-07 3.96456543077e-07
5852.92591062 4.80607969317e-07 4.39777597611e-07
5876.15180709 5.58830151652e-07 5.01973947507e-07
5899.37770356 5.00448863486e-07 6.1259238175e-07
5922.60360003 6.26215737116e-07 6.15300223063e-07
5945.8294965 7.0921806668e-07 6.84869753456e-07
5969.05539297 7.41611539639e-07 6.84215170215e-07
5992.28128944 6.31892011522e-07 6.86659560649e-07
6015.50718591 5.78453793555e-07 5.89951311371e-07
6038.73308238 5.29347296872e-07 5.06283756662e-07
6061.95897885 4.46035331106e-07 4.36221699891e-07
6085.18487532 3.80359811491e-07 3.54605904986e-07
6108.4107718 3.01368191008e-07 3.0616136394e-07
6131.63666827 2.2925968731e-07 2.66095786868e-07
6154.86256474 2.92941497593e-07 2.40997205612e-07
6178.08846121 3.36195316023e-07 3.13976486298e-07
6201.31435768 4.41862795603e-07 4.26232743244e-07
6224.54025415 5.22465705654e-07 5.21808752453e-07
6247.76615062 5.14271309452e-07 5.16509370186e-07
6270.99204709 5.03082544783e-07 4.96770395416e-07
6294.21794356 5.18037560333e-07 5.04935544504e-07
6317.44384003 5.0996724371e-07 4.84462547924e-07
6340.6697365 4.67438834212e-07 4.69734875867e-07
6363.89563297 4.65183505729e-07 4.83033480384e-07
6387.12152944 4.82246362913e-07 4.55268188852e-07
6410.34742591 4.59668836989e-07 4.42936691686e-07
6433.57332239 4.64703108817e-07 4.60991976773e-07
6456.79921886 4.80094722775e-07 4.85474860821e-07
6480.02511533 4.50668718353e-07 4.58213637253e-07
6503.2510118 4.17152178453e-07 3.94149295781e-07
6526.47690827 3.69257860603e-07 3.38856112157e-07
6549.70280474 3.37940853425e-07 3.27491863908e-07
6572.92870121 3.60556041404e-07 3.35992250728e-07
6596.15459768 3.74814127924e-07 3.4147635138e-07
6619.38049415 3.51925289639e-07 3.2613304066e-07
6642.60639062 3.23845737288e-07 2.98859992674e-07
6665.83228709 2.86199186277e-07 2.84548879153e-07
6689.05818356 2.78842765047e-07 2.83823768083e-07
6712.28408003 2.83792455566e-07 2.74997719176e-07
6735.5099765 2.61242126037e-07 2.51762845706e-07
6758.73587297 2.39401817416e-07 2.44578880528e-07
6781.96176945 2.35802042499e-07 2.52594133789e-07
6805.18766592 2.36742631308e-07 2.42744153931e-07
6828.41356239 2.61272246707e-07 2.73211541633e-07
6851.63945886 2.91087215287e-07 2.72866573993e-07
6874.86535533 2.98284001293e-07 2.81132576462e-07
6898.0912518 2.92237631893e-07 2.9407038459e-07
6921.31714827 2.99117437479e-07 3.16747380837e-07
6944.54304474 3.39050259012e-07 3.2874359944e-07
6967.76894121 3.66018747345e-07 3.10148302075e-07
6990.99483768 3.18778136147e-07 3.15965652653e-07
7014.22073415 3.18910846395e-07 2.92541395393e-07
7037.44663062 3.26608125994e-07 3.1625995448e-07
7060.67252709 3.41389497896e-07 3.14758112869e-07
7083.89842356 2.88780597159e-07 2.95490281803e-07
7107.12432004 2.66378291625e-07 2.42478869051e-07
7130.35021651 2.45213380802e-07 2.54173693304e-07
7153.57611298 2.44759038757e-07 2.47413239066e-07
7176.80200945 2.19901567727e-07 2.15503249707e-07
7200.02790592 1.97848104291e-07 1.95654839641e-07
7223.25380239 1.59812818815e-07 1.55658077472e-07
7246.47969886 1.45075987503e-07 1.70201886377e-07
7269.70559533 1.69732708614e-07 1.71242584506e-07
7292.9314918 1.99011980456e-07 1.6099682733e-07
7316.15738827 1.89209838267e-07 1.91035458899e-07
7339.38328474 1.97070678582e-07 1.95539864261e-07
7362.60918121 2.11146486062e-07 1.85984902708e-07
7385.83507768 2.10649178566e-07 1.92105860164e-07
7409.06097415 2.20460536053e-07 2.15972457631e-07
7432.28687063 2.43669157277e-07 2.20570180477e-07
7455.5127671 2.42728066286e-07 2.44239560479e-07
7478.73866357 2.44321761384e-07 2.47395429509e-07
7501.96456004 2.49073987943e-07 2.43213495897e-07
7525.19045651 2.56813558979e-07 2.3708059627e-07
7548.41635298 2.58543683043e-07 2.49848347141e-07
7571.64224945 2.44477415369e-07 2.49635276541e-07
7594.86814592 2.36228826531e-07 2.35921978079e-07
7618.09404239 2.06886955142e-07 2.01340847131e-07
7641.31993886 1.73977890705e-07 1.81018662216e-07
7664.54583533 1.66332231813e-07 1.76828582887e-07
7687.7717318 1.75784129766e-07 1.81545920593e-07
7710.99762827 1.78061855709e-07 1.69758671703e-07
7734.22352474 1.66605430024e-07 1.53035714332e-07
7757.44942122 1.65269612067e-07 1.49101171164e-07
7780.67531769 1.61403976405e-07 1.58099463142e-07
7803.90121416 1.53814089351e-07 1.46736827601e-07
7827.12711063 1.68282933262e-07 1.50722171983e-07
7850.3530071 1.81957994736e-07 1.66799197438e-07
7873.57890357 1.62480905746e-07 1.47031798178e-07
7896.80480004 1.50892740989e-07 1.40240855952e-07
7920.03069651 1.63499448071e-07 1.4509207085e-07
7943.25659298 1.61413282217e-07 1.41035368831e-07
7966.48248945 1.49281420633e-07 1.24430673606e-07
7989.70838592 1.6094190266e-07 1.44996563933e-07
8012.93428239 1.57761939911e-07 1.40163522011e-07
8036.16017886 1.82607518401e-07 1.58803397478e-07
8059.38607533 1.66104831696e-07 1.48979737651e-07
8082.6119718 1.47170112867e-07 1.2804025767e-07
8105.83786828 1.20156629801e-07 1.02710989518e-07
8129.06376475 1.46497569288e-07 1.27629970587e-07
8152.28966122 1.53605388103e-07 1.48058904925e-07
8175.51555769 1.53095512117e-07 1.46596232436e-07
8198.74145416 1.59406648995e-07 1.48982393416e-07
8221.96735063 1.54409092871e-07 1.59184303636e-07
8245.1932471 1.32222019154e-07 1.38375148815e-07
8268.41914357 1.07902380144e-07 9.58261031767e-08
8291.64504004 1.15361092872e-07 1.04528539601e-07
8314.87093651 1.10220946887e-07 1.16829185843e-07
8338.09683298 9.19427911502e-08 9.42804369032e-08
8361.32272945 1.01135098577e-07 9.10930608289e-08
8384.54862592 1.05006942256e-07 9.16594642668e-08
8407.77452239 8.74090250561e-08 7.96336957381e-08
8431.00041887 7.73064409271e-08 7.34142113281e-08
8454.22631534 7.23515941996e-08 5.99799553983e-08
8477.45221181 5.50787747718e-08 4.21183296418e-08
8500.67810828 5.76835311983e-08 4.45498227546e-08
8523.90400475 5.26204950604e-08 4.01124657994e-08
8547.12990122 4.38075347006e-08 3.13101977682e-08
8570.35579769 3.17600780596e-08 3.01911920947e-08
8593.58169416 2.85286477527e-08 2.57384009754e-08
8616.80759063 2.25272373005e-08 1.89301922978e-08
8640.0334871 3.76700200528e-08 3.08952155245e-08
8663.25938357 4.08954479601e-08 3.47203171642e-08
8686.48528004 4.12580679073e-08 3.32203529893e-08
8709.71117651 4.09115499301e-08 3.93320018916e-08
8732.93707298 4.41292339671e-08 3.97357944053e-08
8756.16296946 4.09450390338e-08 4.06301155334e-08
8779.38886593 4.19246279725e-08 5.43339442611e-08
8802.6147624 3.41034022595e-08 4.37000752438e-08
8825.84065887 4.30637200564e-08 4.60149410079e-08
8849.06655534 5.05690968617e-08 4.67382936339e-08
8872.29245181 6.21413996804e-08 6.03717658795e-08
8895.51834828 7.35016486037e-08 6.61208670781e-08
8918.74424475 6.82101758785e-08 6.97632880191e-08
8941.97014122 7.714387994e-08 7.86359999047e-08
8965.19603769 7.93826553811e-08 7.47523024074e-08
8988.42193416 8.85269455899e-08 8.08707142192e-08
9011.64783063 8.62896765608e-08 7.57934628456e-08
9034.8737271 7.56675314262e-08 8.14780799017e-08
9058.09962357 8.22633607255e-08 6.92069245962e-08
9081.32552005 8.01550000284e-08 6.35995904406e-08
9104.55141652 7.36356870588e-08 6.94775031359e-08
9127.77731299 5.87821674885e-08 6.53087897322e-08
9151.00320946 6.39325085229e-08 6.38269973072e-08
9174.22910593 6.15786141121e-08 5.60616338422e-08
9197.4550024 7.25325416261e-08 6.09136740285e-08
9220.68089887 6.02683961868e-08 6.72204548485e-08
9243.90679534 5.89433111772e-08 6.66698122115e-08
9267.13269181 7.02223078275e-08 5.80770172643e-08
9290.35858828 6.80057669396e-08 6.01057429823e-08
9313.58448475 6.66075713089e-08 5.46971821047e-08
9336.81038122 5.61303193035e-08 4.96250519864e-08
9360.03627769 3.94177756377e-08 4.77429971503e-08
9383.26217416 4.0302911616e-08 4.0419067265e-08
9406.48807064 4.72558287288e-08 3.24388435151e-08
9429.71396711 2.73343119188e-08 3.80077532673e-08
9452.93986358 3.22155911185e-08 3.93130613634e-08
9476.16576005 3.93862368111e-08 2.13760884653e-08
9499.39165652 3.96634123128e-08 2.82999987132e-08
9522.61755299 3.88596342041e-08 3.52533107804e-08
9545.84344946 2.80035295346e-08 3.52480251578e-08
9569.06934593 3.37410007492e-08 1.92130243319e-08
9592.2952424 2.44855492228e-08 1.93785992034e-08
9615.52113887 1.23605793983e-08 1.67278601273e-08
9638.74703534 1.14018547989e-08 1.22614653571e-08
9661.97293181 2.69187967254e-08 1.30285052204e-08
9685.19882828 1.1918634936e-08 1.77996372422e-08
9708.42472475 5.76310042635e-09 1.50243258558e-08
9731.65062122 1.91649367908e-08 2.0114759968e-08
9754.8765177 2.73137790362e-08 2.04470998148e-08
9778.10241417 6.79119971482e-09 2.09153627087e-08
9801.32831064 1.11396736175e-08 1.89289087583e-08
9824.55420711 2.9209575808e-08 2.06628960999e-08
9847.78010358 2.42360743727e-08 1.79497243548e-08
9871.00600005 1.94658359977e-08 2.34317230517e-08
9894.23189652 2.56221136553e-08 2.39448055778e-08
9917.45779299 2.19210881529e-08 2.14748906704e-08
9940.68368946 1.78470715917e-08 1.82910246226e-08
9963.90958593 2.89356040616e-08 8.2630840238e-09
9987.1354824 1.88358793934e-08 1.25049298591e-08
10010.3613789 1.26369319306e-08 1.57099998426e-08
10033.5872753 1.30071134647e-08 8.5201918968e-09
10056.8131718 1.47825682388e-08 4.72340833566e-09
10080.0390683 7.72521301354e-09 7.13002293014e-09
10103.2649648 1.50172054013e-08 3.12744944952e-09
10126.4908612 1.88004574204e-08 1.89394703221e-08
10149.7167577 7.41076204836e-09 2.0020481872e-08
10172.9426542 6.35839615502e-09 2.06510964825e-08
10196.1685506 1.77090118968e-08 1.26040144773e-08
10219.3944471 2.74789023303e-08 4.10564062235e-09
10242.6203436 2.14722918391e-08 2.32203575048e-08
10265.8462401 1.16969166476e-08 3.27455837984e-08
10289.0721365 1.04838720076e-08 3.61743725555e-08
10312.298033 2.96042326545e-08 2.58975214648e-08
10335.5239295 3.2927700767e-08 1.19304894764e-08
10358.7498259 2.95964564642e-08 1.85005369336e-08
10381.9757224 1.59431686249e-08 3.96390551991e-08
10405.2016189 1.75509297274e-08 3.46167697571e-08
10428.4275153 2.77760440246e-08 2.29782082756e-08
10451.6534118 2.92298242026e-08 1.39166446577e-08
10474.8793083 2.54269818036e-08 1.28367115467e-08
10498.1052048 2.27182457605e-08 1.6437510259e-08
10521.3311012 1.45995339066e-08 1.51779557052e-08
10544.5569977 6.57838440893e-09 1.73531378924e-08
10567.7828942 1.13640446576e-08 1.43388309564e-08
10591.0087906 8.54735597489e-09 2.50247116501e-09
10614.2346871 4.58367186685e-09 6.5479181018e-09
10637.4605836 8.24053418127e-09 2.37583644579e-09
10660.6864801 8.14679633906e-09 2.54808885832e-09
10683.9123765 4.32073553744e-09 6.62875313513e-09
10707.138273 2.21515051078e-09 9.86858879464e-09
10730.3641695 8.93012524265e-09 7.21700452269e-09
10753.5900659 1.01715302766e-08 2.63707909426e-09
10776.8159624 9.51846857349e-09 1.21757467932e-08
10800.0418589 7.08321670411e-09 7.00590720593e-09
10823.2677553 8.83514631828e-09 1.11121061958e-08
10846.4936518 1.04693091511e-08 8.859660801e-09
10869.7195483 5.07145620948e-09 1.24669360375e-08
10892.9454448 6.60251107953e-09 1.1037091919e-08
10916.1713412 1.18089587996e-08 4.83163370725e-09
10939.3972377 1.05377431358e-08 7.96199861446e-09
10962.6231342 9.48930192561e-09 1.07007725154e-08
10985.8490306 5.12268684056e-09 1.2640185218e-08
11009.0749271 5.04893925823e-09 8.09716407986e-09
11032.3008236 2.40295679909e-09 9.57715124614e-09
11055.5267201 5.92811332605e-09 1.21750841589e-08
11078.7526165 7.63465353051e-09 1.27797662543e-08
11101.978513 1.03471185366e-08 9.39216700647e-09
11125.2044095 1.06619412934e-08 1.20653202511e-08
11148.4303059 1.55948049413e-08 1.0294985565e-08
11171.6562024 1.32824268314e-08 1.40007654544e-08
11194.8820989 1.5058095829e-08 1.10460572987e-08
11218.1079954 1.24054964349e-08 1.32131080446e-08
11241.3338918 1.09834916534e-08 1.13024725945e-08
11264.5597883 1.07895945984e-08 1.12674757187e-08
11287.7856848 1.21787327374e-08 6.81973305273e-09
11311.0115812 9.24370399361e-09 9.80205303612e-09
11334.2374777 5.20044507029e-09 1.14009507673e-08
11357.4633742 7.25327594679e-09 9.8798257293e-09
11380.6892706 6.92746640481e-09 7.35956464359e-09
11403.9151671 6.92741184925e-09 8.91983083394e-09
11427.1410636 5.77156123292e-09 1.01720100512e-08
11450.3669601 3.71187131389e-09 4.53442417867e-09
11473.5928565 7.18325030801e-09 7.43747608147e-09
11496.818753 6.51595699992e-09 4.57872157873e-09
11520.0446495 4.1769293793e-09 4.51693216468e-09
11543.2705459 1.14052742479e-09 6.81571750343e-09
11566.4964424 9.34516613949e-10 4.25935813539e-09
11589.7223389 3.5578447671e-09 3.2144515784e-09
11612.9482354 4.64476632173e-09 5.72338866611e-09
11636.1741318 1.87843258643e-09 5.5037184623e-09
11659.4000283 2.73594940921e-09 8.04194301309e-09
11682.6259248 4.85777347787e-09 2.72328317281e-09
11705.8518212 3.346928738e-09 8.67168391988e-09
11729.0777177 3.47016807413e-09 7.98283869121e-09
11752.3036142 1.97175227272e-09 6.68449544001e-09
11775.5295106 1.57518520054e-09 9.60860371373e-09
11798.7554071 2.51789948824e-09 7.29563039108e-09
11821.9813036 3.5752031188e-10 6.8251982261e-09
11845.2072001 2.79714318489e-09 8.43992633998e-09
11868.4330965 1.06295187467e-09 6.92870875149e-09
11891.658993 3.85192167377e-09 3.39841838511e-09
11914.8848895 4.74298683903e-09 7.88796092841e-09
11938.1107859 6.36083232331e-09 9.28139959431e-09
11961.3366824 5.77570500754e-09 5.62675216147e-09
11984.5625789 8.11929970442e-09 8.30093640537e-09
12007.7884754 8.90794654468e-09 7.25384877224e-09
12031.0143718 6.72824103375e-09 6.28712306033e-09
12054.2402683 4.4813295307e-09 6.65618004628e-09
12077.4661648 4.5658398661e-09 3.4552957183e-09
12100.6920612 6.8640675777e-09 8.45937878788e-09
12123.9179577 7.21460604156e-09 7.1801819572e-09
12147.1438542 3.28798901213e-09 8.09131346593e-09
12170.3697506 6.6591978001e-09 8.27394330622e-09
12193.5956471 6.41098525382e-09 9.18735759783e-09
12216.8215436 4.80991113647e-09 1.14959736186e-08
12240.0474401 4.62326798534e-09 6.14606650171e-09
12263.2733365 7.84639854087e-09 9.52165992278e-09
12286.499233 6.37630114645e-09 5.67664384919e-09
12309.7251295 3.65370319341e-09 4.4132204627e-09
12332.9510259 4.66968443403e-09 3.14906611555e-09
12356.1769224 4.5646098936e-09 3.67062905232e-09
12379.4028189 7.15975230749e-09 3.06765705585e-09
12402.6287154 6.15704647864e-09 2.25867513216e-09
12425.8546118 1.35273313326e-09 3.67269722075e-09
12449.0805083 1.75338778358e-09 1.28814526519e-09
12472.3064048 5.16879109834e-09 2.07527810732e-09
12495.5323012 4.08758460338e-09 1.47938613955e-09
12518.7581977 5.19590199207e-09 7.62520873805e-09
12541.9840942 1.16962813607e-09 1.52179237639e-09
12565.2099907 5.36998474733e-09 6.21891330394e-09
12588.4358871 2.50698881037e-09 6.0236849187e-09
12611.6617836 3.1227232394e-09 2.315819069e-09
12634.8876801 3.11911138479e-09 6.34278906744e-09
12658.1135765 3.80878275413e-09 6.51541690035e-09
12681.339473 1.0403558704e-09 1.82034641281e-09
12704.5653695 3.31854629873e-09 1.34719266023e-09
12727.7912659 6.24473958402e-09 6.91541403614e-09
12751.0171624 4.0191092359e-09 4.944137185e-09
12774.2430589 4.47930029332e-09 2.63251260422e-09
12797.4689554 1.0284730856e-09 3.34763183869e-09
12820.6948518 4.25023406473e-10 1.06386597652e-09
12843.9207483 5.3087873866e-09 2.63647371139e-09
12867.1466448 4.58411798648e-09 5.54712877524e-09
12890.3725412 2.53165204058e-09 1.96295137483e-09
12913.5984377 1.58300091515e-09 1.98986018543e-09
12936.8243342 7.41755811218e-09 5.33272882424e-09
12960.0502307 4.74879961651e-09 3.64632141913e-09
12983.2761271 6.63837323858e-09 8.46164713198e-09
13006.5020236 5.13776557205e-09 1.98714797003e-09
13029.7279201 2.91845112922e-09 6.89743721102e-09
13052.9538165 5.32815875808e-09 3.90715532671e-09
13076.179713 2.09266548115e-09 2.76212380887e-09
13099.4056095 6.12710093166e-09 6.02305188047e-09
13122.6315059 2.3520646556e-09 1.90676650104e-09
13145.8574024 5.15562677415e-09 6.55585639407e-09
13169.0832989 2.9100989974e-09 3.05153323491e-09
13192.3091954 1.80909056227e-09 3.35070460111e-09
13215.5350918 1.44272817888e-09 2.25189055967e-09
13238.7609883 4.62589214265e-09 4.6381443863e-09
13261.9868848 1.20532724886e-09 3.94774186758e-09
13285.2127812 1.67441587818e-09 3.03053010612e-09
13308.4386777 2.32037828468e-09 4.13565265311e-09
13331.6645742 3.28314951516e-09 4.99548243494e-09
13354.8904707 1.52612461216e-09 5.05087448197e-09
13378.1163671 2.03307905249e-09 4.8488615327e-09
13401.3422636 2.63432617219e-09 2.57192452391e-09
13424.5681601 5.26866102395e-10 4.55311386873e-09
13447.7940565 2.69314374414e-09 6.13435867319e-09
13471.019953 2.76707934749e-09 1.97532133669e-09
13494.2458495 2.89716815015e-09 5.34632711609e-09
13517.4717459 5.39859018358e-10 3.45473533864e-09
13540.6976424 2.47056632771e-09 3.04092648228e-09
13563.9235389 2.50012719559e-09 4.34264832165e-09
13587.1494354 1.16696294555e-09 3.78955255933e-09
13610.3753318 4.08763471757e-09 5.06799375656e-09
13633.6012283 2.90602560504e-09 1.85756862084e-09
13656.8271248 8.4851358977e-10 2.32484027273e-09
13680.0530212 3.00332372626e-09 3.33815372928e-09
13703.2789177 3.52455744567e-09 2.7866417087e-09
13726.5048142 3.18860015516e-09 2.88978723565e-09
13749.7307107 2.53184998538e-09 1.29141889555e-09
13772.9566071 3.58562841281e-09 2.27441658523e-09
13796.1825036 2.5685422284e-09 1.23224450926e-09
13819.4084001 3.04789969379e-09 1.96089755917e-09
13842.6342965 4.27445122286e-09 1.03102961965e-09
13865.860193 2.35009504181e-09 6.2087127104e-10
13889.0860895 3.01954432035e-09 1.23078886873e-09
13912.311986 2.48147037852e-09 1.47059144621e-09
13935.5378824 1.37860534944e-09 6.34212846717e-10
13958.7637789 3.12968876137e-09 2.15327775458e-09
13981.9896754 5.13203791207e-10 9.60595302181e-10
14005.2155718 1.82496062293e-10 2.69627804102e-10
14028.4414683 2.83342774584e-09 1.4890513572e-09
14051.6673648 1.43734388589e-09 7.61058427364e-10
14074.8932612 1.27694383143e-09 1.22940203069e-09
14098.1191577 1.08937819383e-09 2.24246279705e-09
14121.3450542 2.01524759667e-09 1.09401986543e-09
14144.5709507 9.1584545154e-10 1.31703990591e-09
14167.7968471 8.52391348525e-10 1.53077069979e-09
14191.0227436 1.99901418507e-09 2.14835147539e-09
14214.2486401 1.9586299498e-09 2.10345720178e-09
14237.4745365 1.60225738551e-09 2.6435053006e-09
14260.700433 3.22818954315e-09 1.72297565609e-09
14283.9263295 1.14281406608e-09 1.07438020199e-09
14307.152226 2.03153645838e-10 1.14469854904e-09
14330.3781224 2.04784267779e-10 1.37028067549e-09
14353.6040189 7.46844992545e-10 4.49938075668e-10
14376.8299154 1.49819471625e-09 7.89071918416e-10
14400.0558118 2.46434861056e-09 8.26191260503e-10
14423.2817083 1.90299917647e-09 1.14580546686e-09
14446.5076048 1.08063509212e-09 1.87889236969e-09
14469.7335012 2.46427347109e-09 1.07259644878e-09
14492.9593977 1.56500909033e-09 1.46967767066e-09
14516.1852942 2.20647615507e-09 1.9410652059e-09
14539.4111907 1.9704291273e-09 2.01638706781e-09
14562.6370871 2.02734526602e-09 2.54233292888e-09
14585.8629836 1.45677259702e-09 2.08729248649e-09
14609.0888801 2.76489021442e-09 3.72922798869e-09
14632.3147765 2.79953370584e-09 2.82519585948e-09
14655.540673 1.03572248419e-09 3.59636416433e-09
14678.7665695 1.80390352033e-09 1.84145362755e-09
14701.992466 2.42381030324e-09 2.16254415692e-09
14725.2183624 2.38218573604e-09 2.30257824055e-09
14748.4442589 1.30078464034e-09 3.54774909196e-09
14771.6701554 2.27307420637e-09 2.39429001514e-09
14794.8960518 2.82251711246e-09 1.60540407965e-09
14818.1219483 2.47438318783e-09 1.50197614794e-09
14841.3478448 1.92686084643e-09 2.38218381191e-09
14864.5737413 3.30392477429e-10 3.10179606783e-09
14887.7996377 3.84524593154e-09 2.9221294516e-09
14911.0255342 2.70667412087e-09 2.40268431544e-09
14934.2514307 3.91380089046e-09 1.64546689727e-09
14957.4773271 4.05402139217e-09 1.7453828258e-09
14980.7032236 2.21052997898e-09 2.31238728431e-09
15003.9291201 3.05052441399e-09 3.28303183744e-09
15027.1550165 4.12707460186e-09 2.59834462832e-09
15050.380913 3.47685873784e-09 7.57265531765e-10
15073.6068095 3.26898855929e-09 2.62433813761e-09
15096.832706 3.16598558962e-09 2.87054268637e-09
15120.0586024 5.75634481961e-10 2.74939870031e-09
15143.2844989 2.51000398677e-09 9.44574085028e-10
15166.5103954 1.65585821911e-09 2.18303676736e-09
15189.7362918 2.69209139711e-09 2.24684166763e-09
15212.9621883 2.36848404848e-09 5.6379549751e-10
15236.1880848 2.10023823435e-09 9.4520385536e-10
15259.4139813 1.52250448294e-09 3.26690684191e-09
15282.6398777 1.74976794338e-09 8.82037055941e-10
15305.8657742 1.81331792085e-09 1.40746428029e-09
15329.0916707 7.49635571686e-10 2.57821457107e-09
15352.3175671 2.51336754875e-09 2.15463815794e-09
15375.5434636 2.05483936997e-09 1.40476220457e-09
15398.7693601 1.10082993164e-09 1.13580513039e-09
15421.9952565 1.41119470649e-09 2.10285885463e-09
15445.221153 1.63000662099e-09 4.12167460832e-10
15468.4470495 1.7137059218e-09 2.1077379363e-09
15491.672946 2.19550819848e-09 8.15699994106e-10
15514.8988424 1.35661110771e-09 8.61759947958e-10
15538.1247389 1.42106246387e-09 1.16139702662e-09
15561.3506354 1.04727801745e-09 9.39411136919e-10
15584.5765318 7.77961920398e-10 1.3488847018e-09
15607.8024283 8.87231257416e-10 9.52972981734e-10
15631.0283248 2.33072451765e-09 7.19526662883e-10
15654.2542213 5.4727921942e-10 1.30212276795e-09
15677.4801177 1.68151360139e-09 2.41675902219e-10
15700.7060142 1.43315189777e-09 1.93293172811e-09
15723.9319107 1.94223150861e-09 6.75241579791e-10
15747.1578071 1.30647339047e-09 3.45608916619e-10
15770.3837036 1.4040907463e-09 1.52510090037e-09
15793.6096001 2.01062194249e-10 8.64119073252e-10
15816.8354965 1.3777509096e-09 4.00496850647e-10
15840.061393 8.39933528842e-10 1.77147922926e-09
15863.2872895 1.81744644253e-09 5.93666156319e-10
15886.513186 1.08257023568e-09 7.80592228398e-10
15909.7390824 9.21438159461e-10 1.30416962633e-09
15932.9649789 1.51313433063e-09 4.22741155921e-10
15956.1908754 7.60435330168e-10 2.70979555942e-10
15979.4167718 9.45655980073e-10 1.14519482772e-09
16002.6426683 1.12974196385e-09 3.68838273636e-10
16025.8685648 1.39512402621e-09 9.19430252067e-10
16049.0944613 8.30965599527e-10 8.11027170695e-10
16072.3203577 1.15317048068e-09 8.24571266713e-10
16095.5462542 5.58619364693e-10 1.05806858693e-09
16118.7721507 1.6325078844e-09 1.18003009388e-09
16141.9980471 1.23860788669e-09 1.1794768989e-09
16165.2239436 2.26563632204e-09 1.03090090921e-09
16188.4498401 1.19505079304e-09 6.50041039008e-10
16211.6757366 7.35877961569e-10 4.91634682177e-10
16234.901633 1.02290262795e-09 4.19131352987e-10
16258.1275295 1.45783444937e-09 5.76690735588e-10
16281.353426 4.83448719245e-10 1.40615748491e-09
16304.5793224 9.60647386612e-10 4.17027010818e-10
16327.8052189 1.5426799156e-09 9.32274816682e-10
16351.0311154 4.54949440013e-10 1.01240961768e-09
16374.2570118 2.08067793463e-09 8.97732864509e-10
16397.4829083 1.4978474423e-09 1.31438161521e-09
16420.7088048 6.35337947089e-10 2.33152131558e-10
16443.9347013 1.5851265388e-09 6.46874279454e-10
16467.1605977 7.07118826129e-10 4.44404161779e-10
16490.3864942 1.18080825827e-09 3.44981842458e-10
16513.6123907 1.14704320201e-09 7.56096718597e-10
16536.8382871 1.10669148544e-09 8.1926411573e-10
16560.0641836 8.72089343073e-10 2.02418453266e-10
16583.2900801 1.192911852e-09 6.5067418457e-10
16606.5159766 1.65831899497e-09 1.13249207473e-09
16629.741873 6.17553217854e-10 4.07237241158e-10
16652.9677695 7.01208709007e-10 6.33224820704e-10
16676.193666 9.12355867155e-10 1.30042210016e-09
16699.4195624 5.57467796394e-10 3.50112352745e-10
16722.6454589 3.4511209404e-10 6.52674559418e-10
16745.8713554 9.71753168534e-10 2.2324036817e-10
16769.0972518 3.64293468058e-10 4.54762437976e-10
16792.3231483 7.67752501002e-10 1.26020779429e-10
16815.5490448 4.5539562493e-10 3.75476637081e-10
16838.7749413 5.53703659021e-10 5.44152633237e-10
16862.0008377 9.30838894338e-10 4.81315755727e-10
16885.2267342 3.61074087418e-10 8.53211460725e-10
16908.4526307 1.16935825398e-09 8.05196596127e-10
16931.6785271 9.85942727012e-10 9.6614754976e-11
16954.9044236 8.0968771978e-10 2.54884198894e-10
16978.1303201 3.58431541791e-10 4.49271775125e-10
17001.3562166 5.86006874068e-10 6.99535892224e-10
17024.582113 4.84938159211e-10 2.54331132601e-10
17047.8080095 8.83181156971e-10 4.0049940957e-10
17071.033906 3.53729207879e-10 4.626539259e-10
17094.2598024 2.84732763289e-10 9.45745104303e-10
17117.4856989 6.30230958417e-10 7.14176625283e-10
17140.7115954 1.37684590439e-09 1.65486750706e-09
17163.9374919 2.01033223497e-09 1.48723777538e-09
17187.1633883 1.04016841161e-09 1.13366895957e-09
17210.3892848 3.60622140093e-10 4.03296687842e-10
17233.6151813 9.41367192318e-10 1.45562495296e-09
17256.8410777 1.22919119852e-09 1.32532000812e-09
17280.0669742 7.76845109944e-10 7.09131339331e-10
17303.2928707 3.93733881512e-10 1.68370594207e-10
17326.5187671 3.54660917457e-10 1.48385711675e-10
17349.7446636 5.60405768714e-10 5.17431058782e-10
17372.9705601 7.21440856577e-10 6.50806279118e-10
17396.1964566 5.38140260019e-10 6.0729479127e-10
17419.422353 7.81495479409e-10 9.7975587041e-10
17442.6482495 9.20096626214e-10 6.51144924452e-10
17465.874146 5.76251267417e-10 4.15726699156e-10
17489.1000424 4.06334657851e-10 4.86633141055e-10
17512.3259389 5.39813502594e-10 4.88265995989e-10
17535.5518354 5.0563479395e-10 5.33018739359e-10
17558.7777319 6.7715114383e-10 5.97289402445e-10
17582.0036283 5.34273888641e-10 6.86223813692e-10
17605.2295248 2.77260037146e-10 4.32367068932e-10
17628.4554213 2.15093514212e-10 2.69221591211e-10
17651.6813177 3.80496675184e-10 3.8483829808e-10
17674.9072142 7.42264286707e-10 1.01048560208e-09
17698.1331107 4.65525879883e-10 4.52539383284e-10
17721.3590071 1.12002865708e-09 1.12571300332e-09
17744.5849036 8.03821752796e-10 6.05405438553e-10
17767.8108001 1.21569654656e-09 1.13081355226e-09
17791.0366966 1.50173750947e-09 1.13157929623e-09
17814.262593 4.12864061515e-10 7.57036719099e-10
17837.4884895 1.10515119833e-09 7.93714523473e-10
17860.714386 4.84782327995e-10 7.90592584822e-10
17883.9402824 3.10213001312e-10 2.83002918872e-10
17907.1661789 2.87195150169e-10 3.07113876379e-10
17930.3920754 5.03843782745e-10 7.33292535422e-10
17953.6179719 8.1895685501e-10 2.4682589335e-10
17976.8438683 1.4265779474e-10 6.49561633373e-10
18000.0697648 3.74060582743e-10 4.26529518372e-10
18023.2956613 1.1733184778e-10 2.08622918219e-10
18046.5215577 7.77253685406e-11 3.72764465807e-11
18069.7474542 3.98520238009e-10 3.87176045226e-10
18092.9733507 3.64914454598e-10 1.75075141353e-10
18116.1992471 3.4825352677e-10 1.76236375759e-10
18139.4251436 3.51176632553e-11 2.79864586195e-10
18162.6510401 1.85135121754e-10 2.57515310561e-10
18185.8769366 2.11968887753e-10 2.70067286312e-10
18209.102833 2.49067294243e-11 6.57866857769e-11
18232.3287295 9.24230056352e-11 2.46117493655e-10
18255.554626 2.72249572049e-10 3.54140296172e-10
18278.7805224 2.98028855103e-10 1.24543860601e-10
18302.0064189 2.50844487694e-11 1.68938868529e-10
18325.2323154 5.18312376776e-10 1.4849549439e-10
18348.4582119 6.5793619749e-10 3.5361208476e-10
18371.6841083 2.65850131801e-10 1.51296313332e-10
18394.9100048 6.23400821959e-10 3.64878042717e-10
18418.1359013 8.53432724319e-11 4.66735112809e-10
18441.3617977 3.81716151642e-10 3.76541536825e-10
18464.5876942 1.28896349764e-10 2.55691760002e-10
18487.8135907 7.85638470258e-11 1.59482576666e-10
18511.0394872 3.26431352112e-10 3.2794661878e-10
18534.2653836 2.95639084256e-10 3.12130372053e-10
18557.4912801 1.20766921607e-10 1.91383171821e-10
18580.7171766 2.41930020471e-10 4.74889138768e-11
18603.943073 9.91569400244e-11 6.23210174457e-11
18627.1689695 8.13413635617e-11 1.67360978565e-10
18650.394866 2.40498566576e-10 2.57680095327e-10
18673.6207624 3.27297691353e-10 5.06697583972e-11
18696.8466589 5.74939664442e-11 1.2399995554e-10
18720.0725554 1.27807494754e-10 2.97702498277e-10
18743.2984519 1.40856533232e-10 1.70628541253e-10
18766.5243483 3.59285008782e-10 2.37571405809e-10
18789.7502448 6.7777653553e-11 1.18628560725e-10
18812.9761413 1.69348980214e-10 7.60680752409e-12
18836.2020377 1.16374560582e-10 3.18949206809e-10
18859.4279342 6.00145723121e-11 1.64228774378e-11
18882.6538307 1.15384563443e-10 1.28214421878e-10
18905.8797272 1.6882207544e-10 1.39853317871e-10
18929.1056236 1.90356473182e-10 1.87166079282e-10
18952.3315201 1.62375297811e-10 2.72354763514e-10
18975.5574166 2.48854501959e-10 1.55669710664e-10
18998.783313 3.39369396233e-10 1.24984322755e-10
19022.0092095 1.62473262964e-10 2.37788199721e-10
19045.235106 2.05683270722e-10 5.83613619341e-11
19068.4610024 9.80867517359e-11 1.38488507027e-10
19091.6868989 3.09751020446e-10 1.77953580157e-10
19114.9127954 1.49986491915e-10 1.61854083584e-10
19138.1386919 1.19271902663e-10 1.74094221496e-10
19161.3645883 2.81849525977e-10 1.69192495588e-10
19184.5904848 2.26520643664e-10 2.54090979391e-10
19207.8163813 1.22377226102e-10 3.01300649002e-10
19231.0422777 1.14935894238e-10 2.23080848569e-10
19254.2681742 2.41223149502e-11 1.1580583246e-10
19277.4940707 1.10567790418e-10 1.33980777378e-10
19300.7199672 2.54158660221e-11 2.90334905599e-10
19323.9458636 7.84967360507e-11 1.28298706891e-10
19347.1717601 1.1793576818e-10 1.22956038584e-10
19370.3976566 3.1900587931e-10 2.3897093219e-10
19393.623553 1.3732433493e-10 3.00122881712e-10
19416.8494495 3.1193088604e-11 1.76359985801e-10
19440.075346 9.73549796797e-11 4.25926143673e-11
19463.3012424 1.78762742255e-10 1.59513801238e-10
19486.5271389 8.27245408992e-11 1.3464242938e-10
19509.7530354 3.74477678256e-10 2.59300955339e-10
19532.9789319 1.3380476669e-10 2.31022729845e-10
19556.2048283 1.25780491616e-10 2.07807458246e-10
19579.4307248 2.2322935437e-10 4.8975176145e-11
19602.6566213 1.90577426563e-10 9.00831345155e-11
19625.8825177 2.15084035261e-10 9.7763321711e-11
19649.1084142 6.99653661255e-11 9.42867080591e-11
19672.3343107 1.52712274895e-10 4.40372320093e-11
19695.5602072 1.45971236186e-10 5.57217228371e-11
19718.7861036 3.27375297709e-11 2.19433420394e-10
19742.0120001 1.18915740191e-10 1.73422674694e-10
19765.2378966 1.01668080746e-10 5.95996921752e-11
19788.463793 1.74734678526e-10 1.71915031831e-10
19811.6896895 1.66698737195e-10 2.1098735913e-10
19834.915586 1.6392146662e-10 5.31961501483e-11
19858.1414825 2.15398704116e-10 6.05838293125e-11
19881.3673789 1.25140152873e-10 1.99056478982e-10
19904.5932754 1.18768274431e-10 1.5889570368e-10
19927.8191719 1.83575237828e-10 7.3079322287e-11
19951.0450683 5.47733360366e-11 2.00589978215e-10
19974.2709648 1.52098519859e-10 1.24628986753e-10
19997.4968613 1.22454355181e-10 2.37363707711e-10
20020.7227577 1.09970313317e-10 6.33942724054e-11
20043.9486542 6.8629700193e-11 9.13966165177e-12
20067.1745507 1.25721680351e-10 1.8258974446e-10
20090.4004472 1.24172917396e-10 2.02986743373e-10
20113.6263436 5.85544249317e-11 4.62086961259e-11
20136.8522401 1.7795614689e-10 1.27653094744e-10
20160.0781366 9.88187509724e-11 1.09292642257e-10
20183.304033 2.41299182961e-10 2.20910842012e-10
20206.5299295 2.21634534672e-11 1.93056214284e-11
20229.755826 1.67906403224e-10 1.7690999773e-10
20252.9817225 1.05036071372e-10 9.35200072345e-11
20276.2076189 6.6824816355e-11 5.58025151547e-11
20299.4335154 4.79155033146e-11 4.81859843098e-11
20322.6594119 6.16077230817e-11 2.94649005166e-11
20345.8853083 1.13281585373e-10 1.25774150151e-10
20369.1112048 3.55568915661e-11 3.45106903032e-11
20392.3371013 3.61352422286e-11 3.37490836504e-11
20415.5629977 8.43906146002e-11 5.11416297998e-11
20438.7888942 9.09030469179e-11 7.33289335118e-11
20462.0147907 9.66595211046e-11 9.62570318501e-11
20485.2406872 6.81797078696e-11 3.90499548786e-11
20508.4665836 2.75831230463e-11 4.47655201391e-11
20531.6924801 2.060273337e-11 6.58872923648e-11
20554.9183766 4.46277047053e-11 8.35939098816e-11
20578.144273 6.57993639907e-11 1.57393568871e-11
20601.3701695 6.13240718514e-11 3.94370632929e-11
20624.596066 7.19986195392e-11 6.52380654626e-11
20647.8219625 1.22902794163e-10 2.74787089017e-11
20671.0478589 1.09156620568e-10 2.11798415784e-11
20694.2737554 1.01730298267e-10 6.69222949961e-11
20717.4996519 8.05653298105e-11 4.52098542666e-11
20740.7255483 2.00232569348e-11 5.45430537841e-11
20763.9514448 5.4065139339e-11 2.24767151987e-11
20787.1773413 4.25849803251e-11 2.0622887771e-11
20810.4032378 6.80079465445e-11 2.7191323727e-11
20833.6291342 5.15815140144e-11 3.43380842273e-11
20856.8550307 7.90867723166e-11 2.21407395442e-11
20880.0809272 8.86931733583e-11 4.24471594659e-11
20903.3068236 6.11407026512e-11 2.97596214134e-11
20926.5327201 5.03350016382e-11 5.31786788345e-11
20949.7586166 5.36130339675e-11 3.55797442605e-11
20972.984513 4.18740975958e-11 1.67539405373e-11
20996.2104095 1.80636707897e-11 3.51037096102e-11
21019.436306 4.90405372995e-11 1.67710410364e-11
21042.6622025 4.48533111813e-11 5.40089203376e-11
21065.8880989 6.8203260139e-11 5.33617633465e-11
21089.1139954 1.78339609121e-11 3.45755611772e-11
21112.3398919 8.53588291188e-12 2.23051249556e-11
21135.5657883 6.04696675338e-11 3.65529412239e-11
21158.7916848 6.32834652446e-11 2.13941572136e-11
21182.0175813 2.00522883781e-11 4.17757385619e-11
21205.2434778 1.57148803332e-11 2.34336505118e-11
21228.4693742 3.01159165985e-11 6.14007577177e-11
21251.6952707 3.31716294228e-11 9.45223707466e-12
21274.9211672 3.31540637191e-11 5.14671538648e-11
21298.1470636 2.33687350776e-11 1.64629473179e-11
21321.3729601 2.13992399061e-11 4.18592015123e-12
21344.5988566 4.15616681265e-11 3.11608575622e-11
21367.824753 2.98160703435e-11 3.05435282204e-11
21391.0506495 2.21617236731e-11 1.20481835562e-11
21414.276546 2.93494047962e-11 3.53162150933e-11
21437.5024425 1.7779073088e-11 1.14738049888e-11
21460.7283389 2.12291128087e-11 3.15834581601e-11
21483.9542354 6.49018369963e-12 2.84012108678e-11
21507.1801319 5.76727111633e-12 7.16146402199e-12
21530.4060283 3.42213212156e-11 3.47437286975e-11
21553.6319248 3.0953832884e-11 1.29408586249e-11
21576.8578213 2.36824724435e-11 4.76775994675e-11
21600.0837178 4.02298702099e-11 1.87592178954e-11
21623.3096142 7.3555386568e-12 2.67378126981e-11
21646.5355107 4.00069920621e-11 6.49948532093e-11
21669.7614072 4.05539809125e-11 4.40564508784e-11
21692.9873036 4.43334345235e-11 2.77171162494e-11
21716.2132001 3.25036736668e-11 5.75149455525e-11
21739.4390966 1.1462007994e-11 6.70303927371e-11
21762.664993 3.59762796793e-11 3.28714698004e-11
21785.8908895 4.10515683569e-11 4.02198558479e-11
21809.116786 6.15212519395e-11 1.09483885518e-11
21832.3426825 1.64633426422e-11 2.15563406155e-11
21855.5685789 4.43811663809e-12 4.28705614361e-11
21878.7944754 3.45957159082e-11 4.22637776646e-11
21902.0203719 4.05500177471e-11 2.40469125333e-11
21925.2462683 3.01524502281e-11 5.33766028638e-12
21948.4721648 3.57499762417e-11 6.57219639757e-12
21971.6980613 6.86563672054e-12 2.49541480133e-11
21994.9239578 2.5703224139e-11 1.49264492026e-11
22018.1498542 4.08223489289e-11 1.76276582607e-11
22041.3757507 1.67416379267e-11 9.34356939858e-12
22064.6016472 2.74205686197e-12 1.91871423934e-11
22087.8275436 2.03969080367e-11 5.37165833256e-12
22111.0534401 1.69452927555e-11 1.35862584102e-11
22134.2793366 2.28487399287e-11 2.22840734676e-11
22157.5052331 1.26514250293e-11 2.1689532989e-11
22180.7311295 1.70053121626e-11 1.14379841181e-11
22203.957026 2.22821693325e-11 7.78069997991e-12
22227.1829225 7.24789092035e-12 1.66307910072e-11
22250.4088189 1.04213685178e-11 1.89074627607e-11
22273.6347154 8.82902531243e-12 6.01416342008e-12
22296.8606119 1.93074508292e-11 1.86221900404e-11
22320.0865083 1.1084324474e-11 1.63616957199e-11
22343.3124048 3.53603994369e-11 3.25404985122e-11
22366.5383013 9.04821569905e-12 7.05589646997e-12
22389.7641978 8.94999068388e-12 2.25735559385e-11
22412.9900942 2.46096153134e-11 1.33635462803e-11
22436.2159907 1.92240574835e-11 1.18430548479e-11
22459.4418872 4.18618046354e-11 1.51542176458e-11
22482.6677836 4.13100457699e-12 2.87415694976e-11
22505.8936801 2.03341531014e-11 1.55886679861e-11
22529.1195766 7.52120028961e-12 2.8029883833e-11
22552.3454731 1.57068631156e-11 3.80368404029e-11
22575.5713695 1.94691263569e-11 2.9847358585e-11
22598.797266 5.01111809355e-12 1.3689095478e-11
22622.0231625 1.35147024076e-11 1.33429321655e-11
22645.2490589 4.44092826638e-12 3.35078581256e-12
22668.4749554 9.30080780643e-12 1.1402692691e-11
22691.7008519 1.55216858423e-11 1.00529088175e-11
22714.9267483 2.60742520888e-11 9.50543249732e-12
22738.1526448 1.75164670398e-11 1.01771937054e-11
22761.3785413 2.43485925737e-11 1.45117110258e-11
22784.6044378 1.09424380087e-11 1.63366334738e-11
22807.8303342 9.61929843858e-12 1.61325853603e-11
22831.0562307 6.36524995419e-12 1.25944380371e-11
22854.2821272 4.11329309919e-12 1.95625145043e-11
22877.5080236 3.69267968717e-12 3.73343320218e-12
22900.7339201 5.14879351974e-12 1.26298824618e-11
22923.9598166 7.02460299097e-12 5.41538305251e-12
22947.1857131 5.57455453016e-12 1.10908775896e-11
22970.4116095 5.30196488247e-12 9.35423875412e-13
22993.637506 8.50481110755e-12 3.7026351134e-12
23016.8634025 6.41085728552e-12 9.01882970762e-12
23040.0892989 1.7094006407e-11 8.39390961114e-12
23063.3151954 6.75893564828e-12 5.09047722514e-12
23086.5410919 4.54809329003e-12 8.70957438072e-12
23109.7669884 9.58996993383e-12 6.79885297877e-12
23132.9928848 1.09610736876e-11 4.75803869483e-12
23156.2187813 6.76080741724e-12 9.85084940186e-12
23179.4446778 1.89647935436e-12 4.47418091083e-12
23202.6705742 7.09616753746e-12 6.02303230596e-12
23225.8964707 6.43466970655e-12 5.73032738182e-12
23249.1223672 6.8810341221e-12 7.17575823587e-12
23272.3482636 3.23622001464e-12 5.7427154609e-12
23295.5741601 2.50351846603e-12 3.28031658616e-12
23318.8000566 1.28005602629e-11 1.56247472221e-12
23342.0259531 1.39014800022e-12 6.78804453336e-12
23365.2518495 4.57065835986e-12 4.95607396269e-12
23388.477746 5.56850018664e-12 6.90512063101e-12
23411.7036425 8.79818423986e-12 5.95299741858e-12
23434.9295389 2.61435824603e-12 3.73367724014e-12
23458.1554354 8.23483244906e-12 4.63377557965e-12
23481.3813319 5.95237077167e-12 6.15494175429e-12
23504.6072284 3.73617681257e-12 1.03088629982e-11
23527.8331248 4.4289829591e-12 3.83379366288e-12
23551.0590213 2.83176921357e-12 1.48972350679e-11
23574.2849178 7.52554214152e-12 4.6320743358e-12
23597.5108142 3.68875683129e-13 4.9352152051e-12
23620.7367107 5.59329862112e-12 9.15721729783e-12
23643.9626072 3.74937611234e-12 7.0345121318e-12
23667.1885036 3.32363200271e-12 5.03734338317e-12
23690.4144001 2.861562942e-12 9.42910925493e-12
23713.6402966 9.62982353494e-12 7.79991311643e-12
23736.8661931 7.45194671881e-12 3.75769258081e-12
23760.0920895 3.03666410276e-12 5.00735197332e-12
23783.317986 7.94940332238e-12 6.77623010476e-12
23806.5438825 5.62839999241e-12 4.35867110106e-12
23829.7697789 8.14816653249e-12 8.32805665418e-12
23852.9956754 1.79754374346e-12 5.37014549552e-12
23876.2215719 2.82623918768e-12 4.04412547639e-12
23899.4474684 3.88995319372e-12 1.01307675277e-11
23922.6733648 1.01357295542e-11 1.9025563324e-12
23945.8992613 8.31875830253e-13 2.085604821e-12
23969.1251578 5.67879871704e-12 1.79899228759e-12
23992.3510542 4.97901224243e-12 8.11993218185e-12
24015.5769507 4.81527575299e-12 7.61210613913e-13
24038.8028472 2.32501731058e-12 5.72396771718e-12
24062.0287436 6.21903521159e-12 4.68445170723e-12
24085.2546401 4.69000162861e-12 4.85831292673e-12
24108.4805366 5.62098011999e-12 2.59717922659e-12
24131.7064331 4.4288288259e-12 6.64805244103e-12
24154.9323295 7.30901334536e-12 3.94152749567e-12
24178.158226 1.57921946599e-12 3.10630215949e-12
24201.3841225 2.13040374112e-12 2.22808262638e-12
24224.6100189 1.80968424549e-12 2.53900556219e-12
24247.8359154 2.50766319354e-12 4.4372488323e-12
24271.0618119 5.22025597147e-12 1.49051977463e-12
24294.2877084 4.1142982076e-12 5.5103450242e-12
24317.5136048 2.63977019692e-12 3.18716395391e-12
24340.7395013 5.80046443554e-12 4.76103998629e-12
24363.9653978 5.72338933039e-12 1.71147784689e-12
24387.1912942 2.53728111232e-12 2.98711322803e-12
24410.4171907 2.06060046924e-12 6.72352741995e-12
24433.6430872 7.32701826803e-12 5.08223816533e-12
24456.8689837 4.77401696128e-12 2.45803487038e-12
24480.0948801 1.16544885694e-12 1.84489496581e-12
24503.3207766 5.34388197544e-12 7.46158155004e-12
24526.5466731 6.36026153406e-12 3.88618619337e-12
24549.7725695 2.43022026574e-12 2.25281579869e-12
24572.998466 3.04925924937e-12 5.89699102352e-12
24596.2243625 5.08645704228e-12 2.8139988215e-12
24619.4502589 5.78556548435e-12 1.33760678479e-12
24642.6761554 1.92101954495e-12 2.44963068354e-12
24665.9020519 4.6789656477e-12 3.57033986065e-12
24689.1279484 4.65934728586e-12 1.19284148968e-12
24712.3538448 4.36673635892e-12 9.95051489051e-13
24735.5797413 3.05359633624e-12 3.05809650353e-12
24758.8056378 5.13859614015e-12 2.58227189023e-12
24782.0315342 4.70210151805e-12 3.7368065612e-12
24805.2574307 3.14294779049e-12 4.97133088728e-12
24828.4833272 8.92665517448e-13 2.61730120933e-12
24851.7092237 3.64181185883e-12 2.49848860831e-12
24874.9351201 5.58961583086e-12 3.41495517151e-12
24898.1610166 1.69785992284e-12 2.22691000833e-12
24921.3869131 2.26345084823e-12 2.91641605737e-12
24944.6128095 1.88801329212e-12 6.17088194004e-12
24967.838706 3.51673743082e-12 2.676349155e-12
24991.0646025 1.53565834556e-12 1.24777249426e-12
25014.2904989 3.25853606507e-12 1.98692642952e-12
25037.5163954 2.47342318766e-12 3.54229215672e-12
25060.7422919 3.95878620085e-12 1.46390543472e-12
25083.9681884 1.43361316698e-12 1.66907670754e-12
25107.1940848 4.26506780922e-12 4.11634271051e-12
25130.4199813 2.76898767616e-12 3.66502920376e-12
25153.6458778 1.36116733865e-12 1.65700484992e-12
25176.8717742 1.20993382751e-12 3.24116375974e-12
25200.0976707 4.6190683375e-12 1.40656595693e-12
25223.3235672 2.41258320639e-12 4.04520544769e-12
25246.5494637 1.96523157535e-12 2.58073875395e-12
25269.7753601 4.20828078013e-12 3.36910784798e-12
25293.0012566 3.99507963328e-12 3.19983580601e-12
25316.2271531 3.11067938834e-12 3.01678133292e-12
25339.4530495 2.45234171421e-12 8.285801053e-13
25362.678946 4.32742891291e-12 2.87076961571e-12
25385.9048425 3.02399485444e-12 3.65651319095e-12
25409.130739 3.45686936896e-12 2.0910268551e-12
25432.3566354 2.71184957276e-12 1.54095394185e-12
25455.5825319 4.18185360032e-12 2.35891984632e-12
25478.8084284 3.51071737545e-12 4.22008276312e-12
25502.0343248 3.79891100101e-12 2.0384785592e-12
25525.2602213 2.69816685681e-12 1.33952458749e-12
25548.4861178 5.52451567554e-12 3.44681049416e-12
25571.7120142 3.88387681619e-12 4.46271803673e-12
25594.9379107 2.16250087185e-12 7.17437623009e-13
25618.1638072 4.59340381074e-12 3.04129299047e-12
25641.3897037 3.15940554171e-12 3.81636283015e-12
25664.6156001 1.73118754518e-12 2.23928085601e-12
25687.8414966 2.87929301246e-12 1.18185136839e-12
25711.0673931 2.88038682902e-12 2.54081814727e-12
25734.2932895 3.20292240682e-12 3.25100733701e-12
25757.519186 1.8330098339e-12 1.43922410537e-12
25780.7450825 3.69067645233e-12 1.71066942954e-12
25803.970979 1.55744263643e-12 2.36500493985e-12
25827.1968754 3.0952169481e-12 2.53525335638e-12
25850.4227719 2.16260637553e-12 2.14219466773e-12
25873.6486684 1.89288874575e-12 2.50508905186e-12
25896.8745648 2.06272732772e-12 3.15033969212e-12
25920.1004613 2.14930128875e-12 3.11004147456e-12
25943.3263578 3.10347345244e-12 1.16592996913e-12
25966.5522542 1.72031252768e-12 1.95904007371e-12
25989.7781507 2.39515162017e-12 2.82701532981e-12
26013.0040472 1.57606279902e-12 2.11331401859e-12
26036.2299437 1.61505806723e-12 1.09106049622e-12
26059.4558401 2.59100367403e-12 2.90545077393e-12
26082.6817366 1.36507670336e-12 2.66379409665e-12
26105.9076331 2.26385298025e-12 6.69107501025e-13
26129.1335295 1.34655979014e-12 1.11139162134e-12
26152.359426 1.7130936587e-12 3.15600004939e-12
26175.5853225 1.67207164583e-12 2.08487414666e-12
26198.811219 1.84161933634e-12 4.4675829019e-13
26222.0371154 1.65620948043e-12 3.57035023703e-12
26245.2630119 3.71501027427e-12 1.84096556069e-12
26268.4889084 2.24766525572e-12 2.37726378798e-12
26291.7148048 2.68242021524e-12 2.60741114281e-12
26314.9407013 3.0983082119e-12 2.82242393362e-12
26338.1665978 2.5337976562e-12 1.24933978329e-12
26361.3924942 3.12950148968e-12 3.21307869679e-12
26384.6183907 2.91750117873e-12 1.78831150738e-12
26407.8442872 3.45866399906e-12 2.82917363014e-12
26431.0701837 1.18820347196e-12 1.15128946757e-12
26454.2960801 3.93718799733e-12 2.48222297314e-12
26477.5219766 1.59619737449e-12 1.78249701173e-12
26500.7478731 2.87307262525e-12 3.25603210296e-12
26523.9737695 1.80425823628e-12 2.14911440721e-12
26547.199666 2.94054038863e-12 2.90818029438e-12
26570.4255625 2.26705419693e-12 1.81708709957e-12
26593.651459 2.7024747873e-12 1.66544639303e-12
26616.8773554 2.50461347311e-12 2.46432650442e-12
26640.1032519 2.70996705808e-12 3.22063991303e-12
26663.3291484 2.94507552432e-12 2.24950789302e-12
26686.5550448 3.50714202699e-12 2.77577903198e-12
26709.7809413 2.62964881341e-12 1.44472521258e-12
26733.0068378 1.77924668888e-12 2.44489242159e-12
26756.2327343 3.7366401633e-12 3.38530951392e-12
26779.4586307 3.32557354497e-12 1.65354932165e-12
26802.6845272 1.60006020079e-12 2.11578197551e-12
26825.9104237 2.45030892865e-12 1.96135596382e-12
26849.1363201 2.48015971403e-12 1.94652208371e-12
26872.3622166 2.51967860727e-12 2.05985386869e-12
26895.5881131 1.65910562625e-12 2.25280746385e-12
26918.8140095 2.20531821327e-12 1.93792973399e-12
26942.039906 1.97929543733e-12 1.06008180917e-12
26965.2658025 2.83667024053e-13 1.84932957599e-12
26988.491699 1.45969599081e-12 2.27565987337e-12
27011.7175954 1.4510595391e-12 1.30349282031e-12
27034.9434919 1.54096033908e-12 2.55041253755e-12
27058.1693884 1.16283457141e-12 1.85669248116e-12
27081.3952848 2.11706602285e-12 2.19336019832e-12
27104.6211813 1.95270206345e-12 1.92650913957e-12
27127.8470778 1.21855005264e-12 1.49246306489e-12
27151.0729743 1.60020125135e-12 1.94889082782e-12
27174.2988707 2.83347377099e-12 1.77225655825e-12
27197.5247672 5.06939865243e-13 1.99986289477e-12
27220.7506637 2.60049273339e-12 2.52743702021e-12
27243.9765601 2.84950626343e-12 2.52064792946e-12
27267.2024566 2.60912775765e-12 1.56124908564e-12
27290.4283531 1.61353831946e-12 1.58156847271e-12
27313.6542495 1.29893439925e-12 2.05997747657e-12
27336.880146 3.15643572504e-12 2.21051605531e-12
27360.1060425 2.64373173358e-12 1.85999625586e-12
27383.331939 2.37485239221e-12 2.36342947903e-12
27406.5578354 2.06783633062e-12 2.06370457853e-12
27429.7837319 3.2695548909e-12 1.64060461572e-12
27453.0096284 2.18185714367e-12 1.23076941826e-12
27476.2355248 5.90336872065e-13 1.63665287484e-12
27499.4614213 2.4117875343e-12 2.41863565509e-12
27522.6873178 3.17035842918e-12 2.75797800321e-12
27545.9132143 2.5131990668e-12 2.00665659665e-12
27569.1391107 2.63836482166e-12 1.98902110483e-12
27592.3650072 2.57933543602e-12 2.04648174053e-12
27615.5909037 2.96499008341e-12 1.55293517958e-12
27638.8168001 2.27079274734e-12 1.60481672663e-12
27662.0426966 2.26300801462e-12 1.90480754876e-12
27685.2685931 2.10451662605e-12 1.72260652856e-12
27708.4944895 2.23878461213e-12 1.26591356026e-12
27731.720386 1.89786857854e-12 1.806136875e-12
27754.9462825 1.98562316289e-12 2.1107309577e-12
27778.172179 2.45631545187e-12 1.89370753862e-12
27801.3980754 2.63294484462e-12 1.93672201008e-12
27824.6239719 1.79719184827e-12 2.40127986368e-12
27847.8498684 2.26082715197e-12 1.45741953231e-12
27871.0757648 1.76509200145e-12 1.23988646386e-12
27894.3016613 1.66972375008e-12 1.76302312862e-12
27917.5275578 1.49968902103e-12 2.08258472737e-12
27940.7534543 1.71783764197e-12 1.77859703392e-12
27963.9793507 1.30666636747e-12 1.82706720987e-12
27987.2052472 1.35858240651e-12 1.90922560758e-12
28010.4311437 1.35737310464e-12 1.80042220552e-12
28033.6570401 9.98013282439e-13 1.1835209241e-12
28056.8829366 8.84672696034e-13 1.20588262299e-12
28080.1088331 8.59063546442e-13 1.91424935815e-12
28103.3347296 1.11360965675e-12 1.51940492487e-12
28126.560626 1.26486246357e-12 1.63965382271e-12
28149.7865225 1.19407028578e-12 1.84940128783e-12
28173.012419 1.7323762299e-12 1.88993112994e-12
28196.2383154 1.86753473999e-12 1.88933957403e-12
28219.4642119 1.90594514543e-12 1.2705215101e-12
28242.6901084 1.775931094e-12 1.72297631336e-12
28265.9160048 1.54531633197e-12 1.54532613981e-12
28289.1419013 2.28170429337e-12 1.99670194589e-12
28312.3677978 2.31545758363e-12 1.93464977375e-12
28335.5936943 2.20876318447e-12 1.83926939151e-12
28358.8195907 2.50807464626e-12 2.09982826946e-12
28382.0454872 2.05265581607e-12 1.81217168565e-12
28405.2713837 2.03872115119e-12 1.22019407525e-12
28428.4972801 2.0147925742e-12 1.91751061525e-12
28451.7231766 2.02385493923e-12 2.22615756786e-12
28474.9490731 2.1726599499e-12 1.80304651511e-12
28498.1749696 2.35338238201e-12 1.80573099159e-12
28521.400866 1.96147030868e-12 2.24611142184e-12
28544.6267625 2.14060208824e-12 1.98254843889e-12
28567.852659 2.4083188108e-12 1.48998346613e-12
28591.0785554 2.18522775369e-12 1.84948034464e-12
28614.3044519 2.11801330098e-12 1.49645070089e-12
28637.5303484 2.00370064626e-12 1.19607525537e-12
28660.7562448 2.09888390155e-12 1.42156148758e-12
28683.9821413 1.71869971858e-12 1.46776664544e-12
28707.2080378 1.95296806672e-12 1.68102052259e-12
28730.4339343 2.24201486686e-12 1.80007717425e-12
28753.6598307 2.35287875201e-12 1.54057688308e-12
28776.8857272 1.83252650036e-12 1.61184923532e-12
28800.1116237 1.89757058127e-12 1.33145286529e-12
28823.3375201 1.7015532107e-12 1.40931696465e-12
28846.5634166 1.52002656355e-12 1.07294856662e-12
28869.7893131 1.26358104763e-12 1.7986284844e-12
28893.0152096 1.28388206468e-12 1.56521218973e-12
28916.241106 1.37095321294e-12 1.41046134899e-12
28939.4670025 1.01676677727e-12 1.68359854798e-12
28962.692899 8.31276341786e-13 1.76012929302e-12
28985.9187954 1.21796584549e-12 1.55217262962e-12
29009.1446919 1.30000302125e-12 1.59411306796e-12
29032.3705884 9.26599558123e-13 1.61849563311e-12
29055.5964849 1.11623300079e-12 1.5110324912e-12
29078.8223813 1.10588584764e-12 1.41476416087e-12
29102.0482778 1.17918338463e-12 1.45218259285e-12
29125.2741743 1.20404140588e-12 1.46897229517e-12
29148.5000707 1.29712432504e-12 1.62409956279e-12
29171.7259672 1.64061205299e-12 1.49903129698e-12
29194.9518637 1.45107185588e-12 1.41024168495e-12
29218.1777601 1.45009952912e-12 1.68735254862e-12
29241.4036566 1.62749226026e-12 1.57689235767e-12
29264.6295531 1.70082958463e-12 1.49017688645e-12
29287.8554496 1.51305666289e-12 1.54894074779e-12
29311.081346 1.54938993416e-12 1.700368442e-12
29334.3072425 1.86226117862e-12 1.45764461668e-12
29357.533139 1.72098101478e-12 1.64469733863e-12
29380.7590354 1.77311511824e-12 1.63565695123e-12
29403.9849319 1.96981235452e-12 1.72654516304e-12
29427.2108284 1.96790512276e-12 1.55464024319e-12
29450.4367249 1.87205365821e-12 1.49697551037e-12
29473.6626213 1.72443137888e-12 1.64360715302e-12
29496.8885178 1.91024595965e-12 1.64459310159e-12
29520.1144143 1.83192184234e-12 1.59278904567e-12
29543.3403107 1.74063368128e-12 1.56439527297e-12
29566.5662072 1.83819876484e-12 1.725228292e-12
29589.7921037 1.98618787172e-12 1.42072744764e-12
29613.0180001 2.00671523512e-12 1.5592896823e-12
29636.2438966 1.72434226295e-12 1.60675474542e-12
29659.4697931 1.86455975655e-12 1.54427686078e-12
29682.6956896 1.90466069861e-12 1.47007119507e-12
29705.921586 1.91481177299e-12 1.42262732437e-12
29729.1474825 1.69557147992e-12 1.4517552337e-12
29752.373379 1.8906928321e-12 1.60386740222e-12
29775.5992754 1.80529210954e-12 1.42639479776e-12
29798.8251719 1.64204711458e-12 1.47976863673e-12
29822.0510684 1.48889209774e-12 1.37658190324e-12
29845.2769649 1.49968643537e-12 1.36774843529e-12
29868.5028613 1.41960951754e-12 1.29422774526e-12
29891.7287578 1.29596503815e-12 1.3842430844e-12
29914.9546543 1.20678888673e-12 1.5067215618e-12
29938.1805507 1.28251738803e-12 1.33562307065e-12
29961.4064472 1.06949558698e-12 1.40128760349e-12
29984.6323437 1.06013719858e-12 1.40257703131e-12
30007.8582401 1.08427940085e-12 1.43135807886e-12
30031.0841366 1.0016622114e-12 1.37549970319e-12
30054.3100331 1.0491287892e-12 1.43965564403e-12
30077.5359296 9.65578577562e-13 1.52770937776e-12
30100.761826 1.07727309061e-12 1.41070749449e-12
30123.9877225 1.08665143961e-12 1.41425067211e-12
30147.213619 1.20291479853e-12 1.3949359354e-12
30170.4395154 1.22542003578e-12 1.41955465307e-12
30193.6654119 1.33057836548e-12 1.33844754029e-12
30216.8913084 1.42984565585e-12 1.45182740619e-12
30240.1172049 1.50206167232e-12 1.28468542569e-12
30263.3431013 1.49707627674e-12 1.49457726278e-12
30286.5689978 1.5661033276e-12 1.42993786007e-12
30309.7948943 1.52625401502e-12 1.43072526218e-12
30333.0207907 1.4897724819e-12 1.5499644022e-12
30356.2466872 1.60829857021e-12 1.51476307925e-12
30379.4725837 1.66014441449e-12 1.44819088742e-12
30402.6984802 1.51964099481e-12 1.62013857242e-12
30425.9243766 1.51935950469e-12 1.51456512455e-12
30449.1502731 1.61233631424e-12 1.58984214945e-12
30472.3761696 1.57805663065e-12 1.47983774932e-12
30495.602066 1.50902927503e-12 1.51998500718e-12
30518.8279625 1.61198050341e-12 1.48916272545e-12
30542.053859 1.58443838658e-12 1.52307418091e-12
30565.2797554 1.55606921392e-12 1.46431191979e-12
30588.5056519 1.6282005018e-12 1.44633773038e-12
30611.7315484 1.58831960424e-12 1.49503569448e-12
30634.9574449 1.7046901608e-12 1.32961381823e-12
30658.1833413 1.62382233985e-12 1.40806720318e-12
30681.4092378 1.59809671254e-12 1.42912957577e-12
30704.6351343 1.64459366382e-12 1.36353621032e-12
30727.8610307 1.61383847069e-12 1.33540415759e-12
30751.0869272 1.54498522556e-12 1.34100799231e-12
30774.3128237 1.47469292622e-12 1.33996138903e-12
30797.5387202 1.53256863922e-12 1.25717040697e-12
30820.7646166 1.41850752334e-12 1.3770382847e-12
30843.9905131 1.36209657317e-12 1.35424697339e-12
30867.2164096 1.30190375395e-12 1.34799368664e-12
30890.442306 1.29927417515e-12 1.31640114287e-12
30913.6682025 1.17485168457e-12 1.37271349971e-12
30936.894099 1.10991078693e-12 1.36460995256e-12
30960.1199954 1.06599195371e-12 1.44894023995e-12
30983.3458919 1.03715101518e-12 1.3508067895e-12
31006.5717884 9.98453435318e-13 1.34443510117e-12
31029.7976849 9.64215526481e-13 1.38361480566e-12
31053.0235813 9.40852722993e-13 1.30115622633e-12
31076.2494778 9.89232384802e-13 1.30559020591e-12
31099.4753743 9.89320803838e-13 1.29581419689e-12
31122.7012707 1.04297252633e-12 1.28201132217e-12
31145.9271672 1.09503556097e-12 1.24242786935e-12
31169.1530637 1.14591327468e-12 1.25326536506e-12
31192.3789602 1.15255430755e-12 1.26695872435e-12
31215.6048566 1.28956367792e-12 1.28436182045e-12
31238.8307531 1.25393984157e-12 1.25649352319e-12
31262.0566496 1.31634815683e-12 1.32127017917e-12
31285.282546 1.36554853705e-12 1.3126835078e-12
31308.5084425 1.36111384621e-12 1.24851801146e-12
31331.734339 1.43385918096e-12 1.34497834104e-12
31354.9602355 1.42589712425e-12 1.30821708069e-12
31378.1861319 1.41277983672e-12 1.33710521147e-12
31401.4120284 1.40825449547e-12 1.34187585479e-12
31424.6379249 1.37477572338e-12 1.37204905437e-12
31447.8638213 1.34283609109e-12 1.38264915407e-12
31471.0897178 1.36387466693e-12 1.39860930628e-12
31494.3156143 1.35386771847e-12 1.37533965128e-12
31517.5415107 1.35483223461e-12 1.35557685396e-12
31540.7674072 1.36158520031e-12 1.34348392754e-12
31563.9933037 1.34191593757e-12 1.31960607966e-12
31587.2192002 1.39047036264e-12 1.31679369399e-12
31610.4450966 1.37358012322e-12 1.34362448065e-12
31633.6709931 1.4318350308e-12 1.29098339831e-12
31656.8968896 1.386368414e-12 1.25694497639e-12
31680.122786 1.41806092953e-12 1.26704886922e-12
31703.3486825 1.41192637832e-12 1.2316259962e-12
31726.574579 1.41915537525e-12 1.24302298222e-12
31749.8004755 1.37617767107e-12 1.16535961292e-12
31773.0263719 1.37745351884e-12 1.22203809832e-12
31796.2522684 1.32264831255e-12 1.22872000837e-12
31819.4781649 1.30780212865e-12 1.2132139639e-12
31842.7040613 1.26852483672e-12 1.21557579109e-12
31865.9299578 1.2157431215e-12 1.20576481662e-12
31889.1558543 1.12253160201e-12 1.23400793924e-12
31912.3817507 1.13761654219e-12 1.23522778611e-12
31935.6076472 1.09719330652e-12 1.2722991542e-12
31958.8335437 1.04587578673e-12 1.27169920554e-12
31982.0594402 1.00043206971e-12 1.23238715657e-12
32005.2853366 9.72160065368e-13 1.23041141596e-12
32028.5112331 9.00554651398e-13 1.24479562057e-12
32051.7371296 9.16730648086e-13 1.23266507204e-12
32074.963026 9.47715047563e-13 1.23228702619e-12
32098.1889225 9.57069257591e-13 1.20073146771e-12
32121.414819 9.93638872236e-13 1.19839548417e-12
32144.6407155 1.03255312663e-12 1.20047081182e-12
32167.8666119 1.06576893777e-12 1.18557426283e-12
32191.0925084 1.11472685462e-12 1.17551099461e-12
32214.3184049 1.13821255781e-12 1.18207045025e-12
32237.5443013 1.19813738156e-12 1.16719756643e-12
32260.7701978 1.21121404068e-12 1.18492208842e-12
32283.9960943 1.25079666899e-12 1.18564134431e-12
32307.2219907 1.24441291685e-12 1.17211728685e-12
32330.4478872 1.25452236522e-12 1.19315325605e-12
32353.6737837 1.24988169022e-12 1.21043585302e-12
32376.8996802 1.24477670104e-12 1.23280678486e-12
32400.1255766 1.21210409292e-12 1.24129562391e-12
32423.3514731 1.20543192195e-12 1.24924888948e-12
32446.5773696 1.18486800679e-12 1.25175713115e-12
32469.803266 1.18544914785e-12 1.2682352027e-12
32493.0291625 1.17251108488e-12 1.25728740877e-12
32516.255059 1.19003377776e-12 1.26672723293e-12
32539.4809555 1.16843914464e-12 1.26850239195e-12
32562.7068519 1.17702750933e-12 1.22689337926e-12
32585.9327484 1.19133866827e-12 1.22143177103e-12
32609.1586449 1.1964476759e-12 1.20887603653e-12
32632.3845413 1.22061747479e-12 1.19520432386e-12
32655.6104378 1.22717922664e-12 1.17776424576e-12
32678.8363343 1.25220761349e-12 1.16247827356e-12
32702.0622308 1.25565093405e-12 1.14262041381e-12
32725.2881272 1.2365693496e-12 1.1321711048e-12
32748.5140237 1.2416460371e-12 1.12879843531e-12
32771.7399202 1.22580391173e-12 1.1285022165e-12
32794.9658166 1.22141367247e-12 1.11518164595e-12
32818.1917131 1.18971938642e-12 1.15532291878e-12
32841.4176096 1.17488423512e-12 1.13333728695e-12
32864.643506 1.13770617925e-12 1.150598232e-12
32887.8694025 1.10559898696e-12 1.16355039089e-12
32911.095299 1.05459582732e-12 1.16527404855e-12
32934.3211955 1.04054962512e-12 1.16578923013e-12
32957.5470919 9.83216681994e-13 1.16974488054e-12
32980.7729884 9.4976120842e-13 1.19067316037e-12
33003.9988849 9.27136264039e-13 1.16530410668e-12
33027.2247813 9.10412630625e-13 1.16783811458e-12
33050.4506778 9.01706340441e-13 1.16420160842e-12
33073.6765743 9.23559383201e-13 1.14864096176e-12
33096.9024708 9.29190329678e-13 1.13503875764e-12
33120.1283672 9.53498896976e-13 1.13540280148e-12
33143.3542637 9.77545989695e-13 1.11623439606e-12
33166.5801602 1.00704450198e-12 1.10975895153e-12
33189.8060566 1.05685482027e-12 1.09243966676e-12
33213.0319531 1.08183353555e-12 1.09255919161e-12
33236.2578496 1.09710428182e-12 1.09616649997e-12
33259.483746 1.12874575754e-12 1.09616146401e-12
33282.7096425 1.12830506674e-12 1.09129122935e-12
33305.935539 1.13738739126e-12 1.11453832176e-12
33329.1614355 1.12953650321e-12 1.11467217874e-12
33352.3873319 1.13188648769e-12 1.12561820543e-12
33375.6132284 1.11256185879e-12 1.13581546098e-12
33398.8391249 1.10059674012e-12 1.15642601928e-12
33422.0650213 1.0728407255e-12 1.16514611916e-12
33445.2909178 1.06666618744e-12 1.16570823919e-12
33468.5168143 1.04968503284e-12 1.16738616482e-12
33491.7427108 1.03664724589e-12 1.16031933166e-12
33514.9686072 1.02811291648e-12 1.16086248855e-12
33538.1945037 1.03079985737e-12 1.14880301906e-12
33561.4204002 1.02721029689e-12 1.14463027631e-12
33584.6462966 1.03329856956e-12 1.13666541976e-12
33607.8721931 1.06011437102e-12 1.11851322404e-12
33631.0980896 1.05867746725e-12 1.11430296617e-12
33654.3239861 1.08865191381e-12 1.09318448494e-12
33677.5498825 1.09271538864e-12 1.07918035187e-12
33700.775779 1.10559538037e-12 1.07196478643e-12
33724.0016755 1.1134298394e-12 1.06092748e-12
33747.2275719 1.12112397206e-12 1.05200866666e-12
33770.4534684 1.11735192098e-12 1.05373412437e-12
33793.6793649 1.10971441271e-12 1.05287334272e-12
33816.9052613 1.10162845388e-12 1.06393781917e-12
33840.1311578 1.0806684128e-12 1.06765832629e-12
33863.3570543 1.06281011859e-12 1.07652313883e-12
33886.5829508 1.03417793013e-12 1.08371282803e-12
33909.8088472 1.0067706153e-12 1.0990097843e-12
33933.0347437 9.65670603569e-13 1.10344547758e-12
33956.2606402 9.39606993218e-13 1.10519822165e-12
33979.4865366 9.15118965485e-13 1.10487235295e-12
34002.7124331 8.95136874787e-13 1.10065577068e-12
34025.9383296 8.86379061236e-13 1.10210401382e-12
34049.1642261 8.83502784815e-13 1.09281838208e-12
34072.3901225 8.78522353037e-13 1.08908255185e-12
34095.616019 8.96399284693e-13 1.07404091297e-12
34118.8419155 9.16215495634e-13 1.06516510127e-12
34142.0678119 9.38435926899e-13 1.05457634713e-12
34165.2937084 9.65660945916e-13 1.04204230687e-12
34188.5196049 9.84180074808e-13 1.03125421393e-12
34211.7455013 1.01450925047e-12 1.01930321219e-12
34234.9713978 1.02806448541e-12 1.02374429821e-12
34258.1972943 1.0431630877e-12 1.02397608833e-12
34281.4231908 1.04158163879e-12 1.02424352615e-12
34304.6490872 1.04195058545e-12 1.02804020957e-12
34327.8749837 1.03509048228e-12 1.03240921069e-12
34351.1008802 1.03687991077e-12 1.03944431488e-12
34374.3267766 1.01839818318e-12 1.05319982579e-12
34397.5526731 9.97323705813e-13 1.06714216557e-12
34420.7785696 9.7771110011e-13 1.07871694472e-12
34444.0044661 9.57187361473e-13 1.08123493942e-12
34467.2303625 9.3627848255e-13 1.08278216247e-12
34490.456259 9.24185982687e-13 1.08651793133e-12
34513.6821555 9.14602694816e-13 1.08755768576e-12
34536.9080519 9.07710708564e-13 1.07837720631e-12
34560.1339484 9.09097648408e-13 1.07326219428e-12
34583.3598449 9.1558874316e-13 1.06420474899e-12
34606.5857413 9.27942601178e-13 1.05615232337e-12
34629.8116378 9.39192401136e-13 1.0363835563e-12
34653.0375343 9.65485759571e-13 1.02481306535e-12
34676.2634308 9.81269249812e-13 1.01650815303e-12
34699.4893272 1.00061023639e-12 1.00808277503e-12
34722.7152237 1.00910547104e-12 9.98819562577e-13
34745.9411202 1.02333659044e-12 9.91991199387e-13
34769.1670166 1.02701874082e-12 9.92495707106e-13
34792.3929131 1.02573077467e-12 9.96758683718e-13
34815.6188096 1.01806947896e-12 1.00159473497e-12
34838.8447061 1.00989244431e-12 1.00410135443e-12
34862.0706025 9.91492465158e-13 1.01618921002e-12
34885.296499 9.69999744344e-13 1.02471490307e-12
34908.5223955 9.43732694291e-13 1.03189010387e-12
34931.7482919 9.19711125413e-13 1.0395102027e-12
34954.9741884 8.96408289898e-13 1.04514409243e-12
34978.2000849 8.74630629971e-13 1.04883143568e-12
35001.4259814 8.57266763951e-13 1.05057838607e-12
35024.6518778 8.48548312593e-13 1.04521855506e-12
35047.8777743 8.44549905814e-13 1.04032060682e-12
35071.1036708 8.50052734691e-13 1.03252376387e-12
35094.3295672 8.57441337308e-13 1.02271772599e-12
35117.5554637 8.74689404414e-13 1.01170641811e-12
35140.7813602 8.92286166483e-13 9.99937565386e-13
35164.0072566 9.11656990565e-13 9.87791857983e-13
35187.2331531 9.30491753573e-13 9.76049155355e-13
35210.4590496 9.49166368234e-13 9.70329743306e-13
35233.6849461 9.63690675688e-13 9.65101926025e-13
35256.9108425 9.70893469737e-13 9.60210011277e-13
35280.136739 9.76577828957e-13 9.62088931272e-13
35303.3626355 9.75548983139e-13 9.6678914778e-13
35326.5885319 9.67181847606e-13 9.71176166425e-13
35349.8144284 9.5396740314e-13 9.80131371611e-13
35373.0403249 9.38096232761e-13 9.889321988e-13
35396.2662214 9.18297202095e-13 9.97457337425e-13
35419.4921178 8.95856709987e-13 1.00494846597e-12
35442.7180143 8.72994861345e-13 1.01319761016e-12
35465.9439108 8.52064493338e-13 1.01876116726e-12
35489.1698072 8.33706427465e-13 1.01975250933e-12
35512.3957037 8.20782080762e-13 1.02050437265e-12
35535.6216002 8.13250109993e-13 1.01851633947e-12
35558.8474966 8.14397733054e-13 1.01043586229e-12
35582.0733931 8.20983531515e-13 1.00306212329e-12
35605.2992896 8.33205292747e-13 9.93297703137e-13
35628.5251861 8.51082216347e-13 9.83325806489e-13
35651.7510825 8.70547123572e-13 9.70839669303e-13
35674.976979 8.90545317668e-13 9.6106358822e-13
35698.2028755 9.09806613204e-13 9.51423881829e-13
35721.4287719 9.28102267943e-13 9.44912267537e-13
35744.6546684 9.4100368409e-13 9.4056555296e-13
35767.8805649 9.49096533389e-13 9.39584856327e-13
35791.1064614 9.51339872911e-13 9.40319144806e-13
35814.3323578 9.50495825092e-13 9.46087321243e-13
35837.5582543 9.4260084969e-13 9.51720887961e-13
35860.7841508 9.28469956607e-13 9.61675479933e-13
35884.0100472 9.12592098326e-13 9.71491468317e-13
35907.2359437 8.92955745216e-13 9.79914844153e-13
35930.4618402 8.71461193066e-13 9.87327223659e-13
35953.6877366 8.51888183927e-13 9.94166061858e-13
35976.9136331 8.33939033509e-13 9.97432732352e-13
36000.1395296 8.21164257906e-13 9.97123504454e-13
36023.3654261 8.11850575673e-13 9.97172729095e-13
36046.5913225 8.09032353711e-13 9.93385468516e-13
36069.817219 8.10926188741e-13 9.85946155526e-13
36093.0431155 8.1906821848e-13 9.76772266301e-13
36116.2690119 8.30963405245e-13 9.67571746414e-13
36139.4949084 8.47208469375e-13 9.55326601626e-13
36162.7208049 8.63980356053e-13 9.43266051436e-13
36185.9467014 8.81162229017e-13 9.33641972691e-13
36209.1725978 8.95749989333e-13 9.23727998383e-13
36232.3984943 9.08129348921e-13 9.17915914279e-13
36255.6243908 9.15419701826e-13 9.138573555e-13
36278.8502872 9.18658125208e-13 9.12742734979e-13
36302.0761837 9.15600076064e-13 9.15097644553e-13
36325.3020802 9.07131716426e-13 9.20125076504e-13
36348.5279767 8.93700156331e-13 9.26239239755e-13
36371.7538731 8.75199725597e-13 9.35421764343e-13
36394.9797696 8.54137889394e-13 9.43319456402e-13
36418.2056661 8.30867397766e-13 9.51366823359e-13
36441.4315625 8.06888593527e-13 9.58743117824e-13
36464.657459 7.84634439461e-13 9.63818876546e-13
36487.8833555 7.66408745785e-13 9.67428781044e-13
36511.1092519 7.52281404982e-13 9.67324192323e-13
36534.3351484 7.45190087234e-13 9.65656531594e-13
36557.5610449 7.43806008826e-13 9.61315500083e-13
36580.7869414 7.50105781057e-13 9.54155741627e-13
36604.0128378 7.62448805517e-13 9.45607396956e-13
36627.2387343 7.80125441529e-13 9.36046584338e-13
36650.4646308 7.99319128986e-13 9.2538534961e-13
36673.6905272 8.20866466856e-13 9.15817463523e-13
36696.9164237 8.41187560013e-13 9.0704617839e-13
36720.1423202 8.5950359305e-13 9.00630315499e-13
36743.3682167 8.74696913653e-13 8.96703585493e-13
36766.5941131 8.85184864473e-13 8.95097209099e-13
36789.8200096 8.90474612568e-13 8.96479330206e-13
36813.0459061 8.90718229825e-13 9.00751688794e-13
36836.2718025 8.86010353822e-13 9.07209912336e-13
36859.497699 8.76229007001e-13 9.15168826257e-13
36882.7235955 8.62975695795e-13 9.24414162382e-13
36905.9494919 8.46624472231e-13 9.33633219793e-13
36929.1753884 8.29108629563e-13 9.41864334707e-13
36952.4012849 8.11352447628e-13 9.48803955725e-13
36975.6271814 7.95761290224e-13 9.53746709631e-13
36998.8530778 7.82451723652e-13 9.5609743258e-13
37022.0789743 7.74088662581e-13 9.55764353664e-13
37045.3048708 7.70755626148e-13 9.5266948785e-13
37068.5307672 7.72874331944e-13 9.46982119695e-13
37091.7566637 7.79737025438e-13 9.38758855549e-13
37114.9825602 7.91203209373e-13 9.29312641188e-13
37138.2084567 8.05407464133e-13 9.18621063671e-13
37161.4343531 8.20931661846e-13 9.07456619787e-13
37184.6602496 8.36309490054e-13 8.96860850963e-13
37207.8861461 8.50000747231e-13 8.87997100417e-13
37231.1120425 8.60754904269e-13 8.80747973749e-13
37254.337939 8.67381171513e-13 8.76009293992e-13
37277.5638355 8.69195467587e-13 8.7421075924e-13
37300.789732 8.65773941398e-13 8.75187666422e-13
37324.0156284 8.57291755497e-13 8.78849921925e-13
37347.2415249 8.44041948786e-13 8.84609613179e-13
37370.4674214 8.25964805485e-13 8.9192233246e-13
37393.6933178 8.0485306422e-13 8.99904545474e-13
37416.9192143 7.81770786548e-13 9.07925619258e-13
37440.1451108 7.58268191893e-13 9.15298484675e-13
37463.3710072 7.35911918322e-13 9.20809759857e-13
37486.5969037 7.16837592504e-13 9.24818963926e-13
37509.8228002 7.02675403122e-13 9.26249165469e-13
37533.0486967 6.94402395884e-13 9.25334567811e-13
37556.2745931 6.92967412628e-13 9.21811985423e-13
37579.5004896 6.98588551401e-13 9.16040803141e-13
37602.7263861 7.10368052305e-13 9.08411455381e-13
37625.9522825 7.2680921431e-13 8.99498719155e-13
37649.178179 7.46666598961e-13 8.90003397779e-13
37672.4040755 7.67851972172e-13 8.80841180323e-13
37695.629972 7.88627914141e-13 8.72377037533e-13
37718.8558684 8.07517365839e-13 8.65523573164e-13
37742.0817649 8.23251078445e-13 8.61287269719e-13
37765.3076614 8.34780477593e-13 8.59251555092e-13
37788.5335578 8.41501966011e-13 8.6040167846e-13
37811.7594543 8.43248442265e-13 8.63940844892e-13
37834.9853508 8.39821120626e-13 8.70065609042e-13
37858.2112472 8.31978652863e-13 8.77629003794e-13
37881.4371437 8.20175748118e-13 8.86533877428e-13
37904.6630402 8.05675846963e-13 8.95495758879e-13
37927.8889367 7.8953776272e-13 9.04285833025e-13
37951.1148331 7.73298928625e-13 9.11604056529e-13
37974.3407296 7.5826670018e-13 9.17264261832e-13
37997.5666261 7.46151275942e-13 9.2043822212e-13
38020.7925225 7.37946111958e-13 9.21141957297e-13
38044.018419 7.34672644075e-13 9.19063620326e-13
38067.2443155 7.36329981378e-13 9.14574889436e-13
38090.470212 7.42943812521e-13 9.07650014293e-13
38113.6961084 7.53493709432e-13 8.98956993445e-13
38136.9220049 7.66952705265e-13 8.88901896894e-13
38160.1479014 7.8170379342e-13 8.7848832887e-13
38183.3737978 7.96394236119e-13 8.68209043281e-13
38206.5996943 8.09474606854e-13 8.59033748805e-13
38229.8255908 8.19888566315e-13 8.51509117851e-13
38253.0514872 8.26335925305e-13 8.46356378921e-13
38276.2773837 8.28425470592e-13 8.43797427129e-13
38299.5032802 8.25463636965e-13 8.43883490415e-13
38322.7291767 8.17535275236e-13 8.46802257961e-13
38345.9550731 8.0473784215e-13 8.51854241184e-13
38369.1809696 7.87825788931e-13 8.58594963962e-13
38392.4068661 7.67631680547e-13 8.66303367764e-13
38415.6327625 7.45361253042e-13 8.74201110717e-13
38438.858659 7.22527135328e-13 8.81601138572e-13
38462.0845555 7.00907544761e-13 8.87715704843e-13
38485.310452 6.82061099517e-13 8.92261317479e-13
38508.5363484 6.67895894022e-13 8.94432947671e-13
38531.7622449 6.59510624551e-13 8.94323827631e-13
38554.9881414 6.57887517665e-13 8.91732095904e-13
38578.2140378 6.62868526707e-13 8.86955727815e-13
38601.4399343 6.7404282367e-13 8.80175247783e-13
38624.6658308 6.90035282101e-13 8.72054256245e-13
38647.8917273 7.09216979811e-13 8.630664111e-13
38671.1176237 7.29933239054e-13 8.5410050952e-13
38694.3435202 7.50384867079e-13 8.4580122724e-13
38717.5694167 7.69072798335e-13 8.38902935148e-13
38740.7953131 7.84706408751e-13 8.34038767206e-13
38764.0212096 7.96319785333e-13 8.31658646623e-13
38787.2471061 8.03384232871e-13 8.31952904041e-13
38810.4730025 8.05538290868e-13 8.34857707986e-13
38833.698899 8.02838094087e-13 8.40229557163e-13
38856.9247955 7.95635496115e-13 8.47458117466e-13
38880.150692 7.84650726956e-13 8.55915741393e-13
38903.3765884 7.70775772229e-13 8.64925960284e-13
38926.6024849 7.55331795565e-13 8.73665119577e-13
38949.8283814 7.39559843777e-13 8.8141756186e-13
38973.0542778 7.25037447488e-13 8.87588373146e-13
38996.2801743 7.13102520136e-13 8.91612095679e-13
39019.5060708 7.05039856928e-13 8.93250638332e-13
39042.7319673 7.01585583486e-13 8.92238682463e-13
39065.9578637 7.03132609262e-13 8.88726457737e-13
39089.1837602 7.09427263409e-13 8.82870409924e-13
39112.4096567 7.19699678537e-13 8.75059587843e-13
39135.6355531 7.32864229435e-13 8.65903771486e-13
39158.8614496 7.47524087835e-13 8.5598534048e-13
39182.0873461 7.62178541483e-13 8.46116651302e-13
39205.3132425 7.75482269011e-13 8.37035650308e-13
39228.539139 7.86166312492e-13 8.29435462151e-13
39251.7650355 7.93221232012e-13 8.23917341836e-13
39274.990932 7.95967312118e-13 8.20895090203e-13
39298.2168284 7.93927902544e-13 8.20534076139e-13
39321.4427249 7.87077229379e-13 8.22772939056e-13
39344.6686214 7.75508967801e-13 8.27349696299e-13
39367.8945178 7.59880254879e-13 8.33671810247e-13
39391.1204143 7.41014658756e-13 8.41189388274e-13
39414.3463108 7.20022679903e-13 8.49087513301e-13
39437.5722073 6.9842242843e-13 8.56686354941e-13
39460.7981037 6.77747158144e-13 8.63261865993e-13
39484.0240002 6.59785712203e-13 8.68268166117e-13
39507.2498967 6.46053413538e-13 8.71243503332e-13
39530.4757931 6.37917208721e-13 8.71925759163e-13
39553.7016896 6.36112412463e-13 8.7022230348e-13
39576.9275861 6.40781915861e-13 8.66261047265e-13
39600.1534826 6.51315551449e-13 8.60257612614e-13
39623.379379 6.66545165753e-13 8.52743746454e-13
39646.6052755 6.84955500484e-13 8.44204963501e-13
39669.831172 7.04823685429e-13 8.35449329895e-13
39693.0570684 7.24499215782e-13 8.27088400322e-13
39716.2829649 7.42502565639e-13 8.19937549573e-13
39739.5088614 7.57591136591e-13 8.14574509149e-13
39762.7347578 7.6880682665e-13 8.11519676034e-13
39785.9606543 7.75539332996e-13 8.11046281561e-13
39809.1865508 7.7750230742e-13 8.13212825706e-13
39832.4124473 7.74689451191e-13 8.17805357071e-13
39855.6383437 7.67491998741e-13 8.24429010964e-13
39878.8642402 7.56491428334e-13 8.32479026219e-13
39902.0901367 7.42705025794e-13 8.41265190722e-13
39925.3160331 7.27213445701e-13 8.50040262989e-13
39948.5419296 7.11456102027e-13 8.58064672673e-13
39971.7678261 6.96839620598e-13 8.64721298046e-13
39994.9937226 6.84792698025e-13 8.69446599038e-13
40018.219619 6.76569023486e-13 8.71899594145e-13
40041.4455155 6.72968544242e-13 8.71858823509e-13
40064.671412 6.74418110943e-13 8.69314217554e-13
40087.8973084 6.80683057361e-13 8.64426819547e-13
40111.1232049 6.91081579532e-13 8.57533982101e-13
40134.3491014 7.04453857739e-13 8.49146057785e-13
40157.5749978 7.19464857321e-13 8.39861743775e-13
40180.8008943 7.34646959929e-13 8.30432682198e-13
40204.0267908 7.48589761e-13 8.21547966063e-13
40227.2526873 7.60098571803e-13 8.13968025859e-13
40250.4785837 7.68137761269e-13 8.08272738256e-13
40273.7044802 7.7199000515e-13 8.04922384445e-13
40296.9303767 7.71237944051e-13 8.04176662484e-13
40320.1562731 7.65724657071e-13 8.06013896831e-13
40343.3821696 7.55677974647e-13 8.10209624394e-13
40366.6080661 7.41560804138e-13 8.16305263245e-13
40389.8339626 7.24256788492e-13 8.23700372971e-13
40413.059859 7.04795382054e-13 8.31695564216e-13
40436.2857555 6.84615845903e-13 8.39540794612e-13
40459.511652 6.65223592874e-13 8.46590371397e-13
40482.7375484 6.48277655137e-13 8.52167228524e-13
40505.9634449 6.35294040864e-13 8.55883796718e-13
40529.1893414 6.27560723674e-13 8.5734472588e-13
40552.4152378 6.25792725428e-13 8.56463392871e-13
40575.6411343 6.30169327624e-13 8.53268241903e-13
40598.8670308 6.40109832265e-13 8.47983427021e-13
40622.0929273 6.54567466438e-13 8.41004521883e-13
40645.3188237 6.7204278125e-13 8.32868483321e-13
40668.5447202 6.90935284035e-13 8.24230823851e-13
40691.7706167 7.09651523158e-13 8.1581071479e-13
40714.9965131 7.26683170072e-13 8.08304210446e-13
40738.2224096 7.40931226403e-13 8.02418545321e-13
40761.4483061 7.5133306766e-13 7.98632056633e-13
40784.6742026 7.57390937657e-13 7.97349591152e-13
40807.900099 7.58715548142e-13 7.98664259947e-13
40831.1259955 7.55352838037e-13 8.02464512749e-13
40854.351892 7.47644552598e-13 8.08408781095e-13
40877.5777884 7.36171199548e-13 8.15966669379e-13
40900.8036849 7.21914600799e-13 8.24477682331e-13
40924.0295814 7.05972896949e-13 8.33198687816e-13
40947.2554779 6.89758912828e-13 8.41445091949e-13
40970.4813743 6.74721312936e-13 8.48496829633e-13
40993.7072708 6.62283782252e-13 8.53856256866e-13
41016.9331673 6.53756259404e-13 8.57058666131e-13
41040.1590637 6.49990759969e-13 8.57893589642e-13
41063.3849602 6.51432295021e-13 8.56256952962e-13
41086.6108567 6.57892490742e-13 8.52292347926e-13
41109.8367531 6.68663032951e-13 8.46264654884e-13
41133.0626496 6.82624857636e-13 8.38627089311e-13
41156.2885461 6.98379102981e-13 8.29975008792e-13
41179.5144426 7.14459769841e-13 8.20976508694e-13
41202.740339 7.29459560432e-13 8.12343084008e-13
41225.9662355 7.42135458177e-13 8.04836872534e-13
41249.192132 7.51465664634e-13 7.9903606897e-13
41272.4180284 7.56717902356e-13 7.95476977739e-13
41295.6439249 7.57437992696e-13 7.94428116099e-13
41318.8698214 7.53488484508e-13 7.95955429607e-13
41342.0957179 7.45031475555e-13 7.99905237229e-13
41365.3216143 7.32577981242e-13 8.05827916469e-13
41388.5475108 7.16875238708e-13 8.13239098657e-13
41411.7734073 6.99029061233e-13 8.21353006208e-13
41434.9993037 6.80322869137e-13 8.29558826699e-13
41458.2252002 6.62264316929e-13 8.37070181375e-13
41481.4510967 6.46414554367e-13 8.43301849439e-13
41504.6769931 6.34254417915e-13 8.47732966874e-13
41527.9028896 6.26981327217e-13 8.5000294004e-13
41551.1287861 6.25346669303e-13 8.4992522238e-13
41574.3546826 6.29468003854e-13 8.47496052626e-13
41597.580579 6.38896742591e-13 8.428830771e-13
41620.8064755 6.5255633111e-13 8.36426001703e-13
41644.032372 6.69137801198e-13 8.28636248971e-13
41667.2582684 6.86998656314e-13 8.20121301574e-13
41690.4841649 7.04680211624e-13 8.11580163775e-13
41713.7100614 7.20698340171e-13 8.03734502928e-13
41736.9359579 7.33921253208e-13 7.97265520909e-13
41760.1618543 7.43399820085e-13 7.9275969338e-13
41783.3877508 7.48529341641e-13 7.90624626563e-13
41806.6136473 7.48995624823e-13 7.91064462782e-13
41829.8395437 7.44801029557e-13 7.9403366587e-13
41853.0654402 7.3626144716e-13 7.99254961626e-13
41876.2913367 7.24013466597e-13 8.06287722781e-13
41899.5172332 7.08944635893e-13 8.14452675415e-13
41922.7431296 6.92246284579e-13 8.23117970255e-13
41945.9690261 6.75283630129e-13 8.31473485956e-13
41969.1949226 6.59556640523e-13 8.38933090525e-13
41992.420819 6.46567218246e-13 8.44822400737e-13
42015.6467155 6.37614955402e-13 8.48762809364e-13
42038.872612 6.33674685002e-13 8.50388001748e-13
42062.0985084 6.35194877648e-13 8.49638278906e-13
42085.3244049 6.41994742276e-13 8.46519557313e-13
42108.5503014 6.53398484331e-13 8.41317138271e-13
42131.7761979 6.6819422971e-13 8.34393142057e-13
42155.0020943 6.85008807881e-13 8.26331818778e-13
42178.2279908 7.022873711e-13 8.17745623892e-13
42201.4538873 7.18621788181e-13 8.09381751855e-13
42224.6797837 7.32721004216e-13 8.01931229416e-13
42247.9056802 7.43553803163e-13 7.96071386451e-13
42271.1315767 7.5035952364e-13 7.92321805762e-13
