# 1:freq 2:Re 3:Im
23.2258964707 8.3928644387e-09 4.93084447824e-09
46.4517929414 7.66296783804e-09 4.88482095115e-09
69.6776894121 3.7687299133e-09 4.05743070267e-09
92.9035858828 1.89774509401e-09 3.09077351254e-09
116.129482354 4.53482943389e-09 7.51102087612e-09
139.355378824 4.65107315745e-09 5.70862967557e-09
162.581275295 4.21459875545e-09 3.726720685e-09
185.807171766 2.89011047456e-09 8.92989282225e-09
209.033068236 7.46952849259e-09 1.01655627784e-08
232.258964707 1.18053089663e-08 6.36918041768e-09
255.484861178 1.10573834499e-08 8.84064885849e-09
278.710757648 1.40690549821e-08 1.3832165514e-08
301.936654119 2.08050364184e-08 1.32618498024e-08
325.16255059 2.55258132117e-08 1.08174501747e-08
348.388447061 3.1291584135e-08 1.60087586614e-08
371.614343531 3.96009636789e-08 2.27808774686e-08
394.840240002 4.84803093334e-08 2.67559974658e-08
418.066136473 6.21936739144e-08 2.90694112044e-08
441.292032943 8.31371256514e-08 3.99203898218e-08
464.517929414 1.04260676069e-07 5.40200974165e-08
487.743825885 1.22875247036e-07 6.66010038824e-08
510.969722355 1.47016488092e-07 7.28184419473e-08
534.195618826 1.76251515261e-07 8.04180801859e-08
557.421515297 2.05933483775e-07 9.59401117352e-08
580.647411768 2.64078344657e-07 1.26399424757e-07
603.873308238 3.89242568639e-07 1.63457235536e-07
627.099204709 5.80605485333e-07 2.26071385841e-07
650.32510118 8.37444441271e-07 3.12096274425e-07
673.55099765 1.15406852516e-06 4.22626907816e-07
696.776894121 1.51059587378e-06 5.5259716131e-07
720.002790592 1.90697391363e-06 6.90551521052e-07
743.228687063 2.30465531497e-06 8.11699492471e-07
766.454583533 2.64597866617e-06 8.95331917463e-07
789.680480004 2.86149183907e-06 9.83097833637e-07
812.906376475 2.81684956631e-06 1.01372300868e-06
836.132272945 2.41536305775e-06 8.63772537042e-07
859.358169416 1.94470026995e-06 6.99210008267e-07
882.584065887 1.53445721908e-06 5.86006881196e-07
905.809962357 1.45438015135e-06 5.48522197428e-07
929.035858828 1.63776121466e-06 5.67738525163e-07
952.261755299 1.78551876942e-06 5.84961112619e-07
975.48765177 1.69673705321e-06 5.65101284496e-07
998.71354824 1.45092909821e-06 5.70060483073e-07
1021.93944471 1.30249313435e-06 5.2018451012e-07
1045.16534118 1.34044565482e-06 4.75208483722e-07
1068.39123765 1.46181857813e-06 5.23372921431e-07
1091.61713412 1.47094549645e-06 4.73613519131e-07
1114.84303059 1.30707956987e-06 5.01625417687e-07
1138.06892706 1.06479465251e-06 4.20876018999e-07
1161.29482354 9.78974613977e-07 2.70905320239e-07
1184.52072001 8.84423095746e-07 6.18330435886e-07
1207.74661648 1.28898738642e-06 1.81675697826e-07
1230.97251295 1.09690454917e-06 4.48054568838e-07
1254.19840942 9.10584514988e-07 3.66950569253e-07
1277.42430589 8.03093181128e-07 2.68588823054e-07
1300.65020236 8.00976507847e-07 2.96710981539e-07
1323.87609883 9.0413782025e-07 2.84852545494e-07
1347.1019953 8.80425068571e-07 2.92292454166e-07
1370.32789177 7.50042071103e-07 2.69663784839e-07
1393.55378824 5.87101905108e-07 2.14236166282e-07
1416.77968471 6.06245655508e-07 2.16103953126e-07
1440.00558118 7.20460240253e-07 2.11931430508e-07
1463.23147765 8.1223147103e-07 2.30135427836e-07
1486.45737413 7.1102973743e-07 2.61247651687e-07
1509.6832706 5.86766308557e-07 2.69559456088e-07
1532.90916707 6.34772364954e-07 2.84750963429e-07
1556.13506354 8.08278974542e-07 2.84874712142e-07
1579.36096001 9.03616239867e-07 2.94262295222e-07
1602.58685648 8.24205466696e-07 2.67407445143e-07
1625.81275295 7.17349936218e-07 2.36077554967e-07
1649.03864942 7.48820332737e-07 2.44430347844e-07
1672.26454589 8.76505777889e-07 2.53750763625e-07
1695.49044236 9.34753916329e-07 2.90037407656e-07
1718.71633883 8.4309580958e-07 2.63225639821e-07
1741.9422353 8.04878333415e-07 2.81196233196e-07
1765.16813177 9.13234785856e-07 3.31774331845e-07
1788.39402824 9.91460367283e-07 3.5435571088e-07
1811.61992471 1.00401368345e-06 3.58166126429e-07
1834.84582119 9.44273349642e-07 3.68489357833e-07
1858.07171766 8.69915852551e-07 3.56629237776e-07
1881.29761413 9.27173789134e-07 3.46972703386e-07
1904.5235106 9.0219563993e-07 3.00071851685e-07
1927.74940707 6.74635455836e-07 2.27739600818e-07
1950.97530354 5.60535683204e-07 2.28897633697e-07
1974.20120001 5.13571692493e-07 1.72770864696e-07
1997.42709648 5.02171007421e-07 1.50021001803e-07
2020.65299295 5.11945549395e-07 1.43212676152e-07
2043.87888942 2.52872693653e-07 1.1860356738e-07
2067.10478589 5.57901592057e-07 2.12645518468e-07
2090.33068236 5.8978674848e-07 2.1688860442e-07
2113.55657883 4.86830175273e-07 2.06875673938e-07
2136.7824753 5.82897018961e-07 2.20065125928e-07
2160.00837178 3.85884217831e-07 1.19389592903e-07
2183.23426825 4.75484993046e-07 1.5987032755e-07
2206.46016472 3.02648100551e-07 1.17334549721e-07
2229.68606119 3.96532596258e-07 1.43442994144e-07
2252.91195766 4.97357925442e-07 1.59722538359e-07
2276.13785413 3.05475631783e-07 1.07712465118e-07
2299.3637506 4.87039707972e-07 1.88565977019e-07
2322.58964707 1.25603127366e-06 4.28240479424e-07
2345.81554354 2.20968776198e-06 8.36267378367e-07
2369.04144001 1.63083084936e-06 5.83091094083e-07
2392.26733648 1.36586623642e-06 4.69772269185e-07
2415.49323295 1.27075049174e-06 4.26974304817e-07
2438.71912942 1.42525321912e-06 5.05108160519e-07
2461.94502589 1.15630716338e-06 4.10807482024e-07
2485.17092237 1.24393979426e-06 4.35108626684e-07
2508.39681884 1.05406232746e-06 3.96327964635e-07
2531.62271531 8.03077222099e-07 3.31271700892e-07
2554.84861178 8.51352203212e-07 3.28861857225e-07
2578.07450825 7.57347313376e-07 2.85321061287e-07
2601.30040472 5.60043431272e-07 2.48853234164e-07
2624.52630119 4.10634409553e-07 1.8793546883e-07
2647.75219766 3.45746753282e-07 1.4353146592e-07
2670.97809413 1.62296046812e-07 7.13187554132e-08
2694.2039906 4.1694510168e-08 2.63659537121e-08
2717.42988707 1.6449216838e-07 4.84228514903e-08
2740.65578354 1.84523486226e-07 5.00537177035e-08
2763.88168001 1.90346673726e-07 8.49411609362e-08
2787.10757648 2.75312697511e-07 1.06386620635e-07
2810.33347296 2.82626638831e-07 9.6056920626e-08
2833.55936943 2.40489591972e-07 1.0944671059e-07
2856.7852659 1.68168134543e-07 9.52602441523e-08
2880.01116237 1.6925459243e-07 8.88859800679e-08
2903.23705884 1.84408806223e-07 8.0478517175e-08
2926.46295531 2.18787322331e-07 8.39316958692e-08
2949.68885178 1.42979379649e-07 4.51306498819e-08
2972.91474825 1.1899216379e-07 6.47823707915e-08
2996.14064472 1.31725098484e-07 5.40742087962e-08
3019.36654119 1.43704240182e-07 4.84000327356e-08
3042.59243766 1.20733279539e-07 3.89192119724e-08
3065.81833413 6.92164036956e-08 3.97368646022e-08
3089.0442306 9.43886248553e-08 7.20982330254e-08
3112.27012707 1.14292193714e-07 4.40411340553e-08
3135.49602355 1.14725567776e-07 4.42829031155e-08
3158.72192002 1.11879435057e-07 6.25552104567e-08
3181.94781649 3.08660277926e-08 1.5610239674e-08
3205.17371296 4.69417383444e-08 4.71771716184e-08
3228.39960943 8.66546047443e-08 1.45070818907e-08
3251.6255059 6.23223436648e-08 4.14986371077e-08
3274.85140237 4.73374250648e-08 5.61781049504e-08
3298.07729884 4.34405884666e-08 2.59708322694e-08
3321.30319531 8.52239657254e-09 6.86596946984e-08
3344.52909178 8.17104037279e-08 7.43148917805e-08
3367.75498825 7.04155270762e-08 6.04393823528e-08
3390.98088472 3.37351432948e-08 5.97789533398e-08
3414.20678119 2.2043423938e-07 1.8055923887e-07
3437.43267766 2.11231041469e-07 2.22991958229e-07
3460.65857413 2.04907279481e-08 4.56951289222e-08
3483.88447061 2.00260315797e-07 2.1309318218e-07
3507.11036708 2.50730265483e-07 1.91516871448e-07
3530.33626355 3.59849668557e-08 6.78954551869e-09
3553.56216002 3.06716370492e-08 2.54704053471e-08
3576.78805649 1.07907012681e-07 8.48454923821e-08
3600.01395296 6.1766774783e-08 4.9403100371e-08
3623.23984943 1.32099782324e-07 9.97743089134e-08
3646.4657459 1.88536379166e-08 2.80996022624e-08
3669.69164237 8.46878260671e-08 6.77160216768e-08
3692.91753884 1.08304876064e-07 8.34976711431e-08
3716.14343531 3.48090668526e-08 2.96156077114e-08
3739.36933178 2.99714819365e-08 1.96756752549e-08
3762.59522825 9.90494552439e-09 1.53116139849e-08
3785.82112472 3.16043543832e-08 1.20241595284e-08
3809.0470212 5.66380480767e-08 2.66019828938e-08
3832.27291767 4.12202524794e-08 1.06340054247e-08
3855.49881414 3.83685928636e-08 1.45372875833e-08
3878.72471061 4.27864829081e-08 3.99688202904e-08
3901.95060708 4.46057877984e-08 6.06648320869e-09
3925.17650355 4.69544840726e-08 1.71350160932e-08
3948.40240002 1.23034022639e-08 2.9022872419e-08
3971.62829649 1.48590675934e-08 3.10222205955e-08
3994.85419296 3.14967269997e-08 1.8306538255e-08
4018.08008943 3.37453357239e-08 3.05701667567e-08
4041.3059859 1.75249313853e-08 2.6497787122e-08
4064.53188237 5.54354559272e-09 1.88569623732e-08
4087.75777884 2.28724799461e-08 3.12966775647e-08
4110.98367531 2.63255002533e-08 5.31981834862e-09
4134.20957179 2.56118263798e-08 3.34999727693e-08
4157.43546826 2.22354251795e-08 1.95663464249e-08
4180.66136473 6.6989940859e-09 1.36242314468e-08
4203.8872612 2.40468926718e-08 2.30985931279e-08
4227.11315767 2.3563553888e-08 2.4114318775e-08
4250.33905414 1.04631322562e-08 2.48483317862e-08
4273.56495061 1.84054197316e-08 2.48442914902e-08
4296.79084708 1.63648985509e-08 1.86793576151e-08
4320.01674355 1.40802325584e-08 2.1406984505e-08
4343.24264002 2.91318364744e-09 2.3036725926e-08
4366.46853649 2.13204118403e-08 2.32435644285e-08
4389.69443296 2.23246387846e-08 1.90621049612e-08
4412.92032943 1.67408698307e-08 1.2105671626e-08
4436.1462259 1.48731447329e-08 5.50832731438e-09
4459.37212238 7.83408357229e-09 1.22010444598e-08
4482.59801885 2.25603842336e-08 1.16301900598e-08
4505.82391532 2.19964295331e-08 1.30135565057e-08
4529.04981179 7.84499340802e-09 1.16137036315e-08
4552.27570826 1.4734592965e-08 1.15024864759e-08
4575.50160473 3.60523205263e-08 1.6693836493e-08
4598.7275012 1.46235406318e-08 2.7291949354e-08
4621.95339767 2.02324308436e-08 3.94493760303e-08
4645.17929414 1.82205110018e-08 4.24498974138e-08
4668.40519061 2.53219591663e-08 6.52699136537e-09
4691.63108708 2.42872240199e-09 2.38418558733e-08
4714.85698355 3.76482788674e-08 4.72476931782e-08
4738.08288002 2.1798222713e-08 2.02731265874e-08
4761.30877649 7.55861443442e-09 6.83114025883e-09
4784.53467297 1.11524776856e-08 8.85959757048e-09
4807.76056944 3.36715593447e-08 1.53457856092e-08
4830.98646591 3.27405932521e-08 2.41148197449e-08
4854.21236238 4.40016084933e-09 1.42251995471e-08
4877.43825885 1.44344712332e-08 2.05292288872e-08
4900.66415532 3.25761425821e-08 2.39877749259e-08
4923.89005179 2.0619242569e-08 9.76914286214e-09
4947.11594826 6.42786807268e-09 2.28628749299e-08
4970.34184473 3.82693577415e-09 2.04315562614e-08
4993.5677412 8.8688008615e-09 9.00946296499e-09
5016.79363767 2.25227212028e-08 9.05492127762e-09
5040.01953414 1.12324042892e-08 7.87019028918e-09
5063.24543061 9.15703534033e-09 1.08136684683e-08
5086.47132708 1.82156126524e-09 9.13505087723e-09
5109.69722355 8.8852010686e-09 1.1828573916e-08
5132.92312003 2.19953247007e-08 1.04676360966e-08
5156.1490165 2.2155616514e-08 1.18039038598e-08
5179.37491297 2.20662585066e-08 2.08406610419e-08
5202.60080944 2.43119905224e-08 1.69665334928e-08
5225.82670591 2.31676059455e-08 1.02051803705e-08
5249.05260238 9.39175733141e-09 6.76352784406e-09
5272.27849885 4.47117865662e-09 4.07172694888e-09
5295.50439532 2.84968445255e-09 8.54012266575e-09
5318.73029179 8.6398148657e-09 9.4403995628e-09
5341.95618826 1.53225187636e-08 7.82958843934e-09
5365.18208473 6.98322433e-09 7.00748524455e-09
5388.4079812 1.687206602e-08 1.92343559476e-08
5411.63387767 1.40073010154e-08 2.53966831438e-08
5434.85977414 1.76470635127e-08 1.90305157224e-08
5458.08567062 1.02674399556e-08 8.03619975492e-09
5481.31156709 1.67401542274e-08 3.79829670449e-09
5504.53746356 3.02346060574e-08 2.50834123281e-08
5527.76336003 2.94405825461e-08 3.76652093339e-08
5550.9892565 3.68617975432e-08 4.23055914722e-08
5574.21515297 4.11202253889e-08 4.58768587173e-08
5597.44104944 2.5050821456e-08 2.66153946725e-08
5620.66694591 1.00081858414e-08 7.79905102282e-09
5643.89284238 1.5535660018e-08 1.36033560433e-08
5667.11873885 1.93749503938e-08 1.94282807253e-08
5690.34463532 8.27797711861e-09 1.20236371527e-08
5713.57053179 1.34010798123e-08 2.36660839216e-08
5736.79642826 3.14275401293e-08 3.6219505557e-08
5760.02232473 4.25996315071e-08 2.56782586928e-08
5783.24822121 2.34881536457e-08 1.6577826511e-08
5806.47411768 3.61329810555e-08 2.95165823487e-08
5829.70001415 2.32783376152e-08 2.48425715203e-08
5852.92591062 1.41452154147e-08 1.45428922598e-08
5876.15180709 1.3590257227e-08 1.45491672992e-08
5899.37770356 2.65390662086e-08 2.43028342766e-08
5922.60360003 4.721533141e-08 4.81618228609e-08
5945.8294965 6.59490260255e-08 6.41226988412e-08
5969.05539297 4.71261718741e-08 4.88162160217e-08
5992.28128944 2.09096518468e-08 1.79201081855e-08
6015.50718591 2.15809336175e-08 1.57850926919e-08
6038.73308238 1.44333271262e-08 1.65916581992e-08
6061.95897885 6.6348482599e-09 2.99068131554e-09
6085.18487532 2.77207825643e-08 3.28727300461e-08
6108.4107718 2.78007049654e-08 1.95911841666e-08
6131.63666827 2.49916956538e-08 2.34770142781e-08
6154.86256474 1.35633160487e-08 1.44023800051e-08
6178.08846121 1.18522490624e-08 1.1219269247e-08
6201.31435768 8.11512642078e-09 1.3698763871e-08
6224.54025415 4.90066680854e-09 1.5062306224e-08
6247.76615062 6.91599214985e-09 1.13908976232e-08
6270.99204709 1.19212023382e-08 1.69943041119e-08
6294.21794356 1.18026294138e-08 1.29602910467e-08
6317.44384003 8.58712881097e-09 2.30389446027e-09
6340.6697365 1.09760819092e-08 2.058865364e-08
6363.89563297 1.33405751047e-08 1.51059145618e-08
6387.12152944 1.00496367809e-08 1.78829970569e-08
6410.34742591 7.68076563921e-09 1.44391771255e-08
6433.57332239 4.37762987629e-09 1.36577368855e-08
6456.79921886 1.70106377792e-08 1.90222877843e-08
6480.02511533 1.66158079041e-08 1.49206926831e-08
6503.2510118 1.10367242994e-08 1.21864457833e-08
6526.47690827 6.83260494369e-09 7.42308833977e-09
6549.70280474 1.47891314533e-08 1.00124431944e-08
6572.92870121 1.92394690828e-08 7.24592130894e-09
6596.15459768 1.04292652057e-08 5.12338775597e-09
6619.38049415 1.01034152752e-08 8.45583708595e-09
6642.60639062 1.64229838815e-08 9.00071657307e-09
6665.83228709 5.15951205154e-09 8.65607703842e-09
6689.05818356 1.88436717462e-09 4.17656554367e-09
6712.28408003 5.59607134774e-09 4.97975948894e-09
6735.5099765 1.41631044049e-09 1.45668510064e-09
6758.73587297 7.22925485228e-09 5.05506762414e-09
6781.96176945 6.24996968784e-09 9.68649201972e-09
6805.18766592 7.99860866271e-09 7.01087693442e-09
6828.41356239 9.44178675538e-09 2.25640252499e-09
6851.63945886 2.22622631772e-09 5.37991615194e-09
6874.86535533 1.38640331738e-09 8.48096194454e-09
6898.0912518 5.16811533196e-09 6.67817518216e-09
6921.31714827 1.17669445275e-08 6.10365561358e-09
6944.54304474 6.21695854925e-09 6.83607908084e-09
6967.76894121 4.53845004599e-09 1.27296586805e-08
6990.99483768 1.11025831742e-08 1.8659430523e-08
7014.22073415 1.48630367046e-08 1.00930638014e-08
7037.44663062 1.1360069079e-08 3.45010955184e-09
7060.67252709 3.37866405403e-09 4.94020207973e-09
7083.89842356 1.48289067575e-09 6.86501435019e-09
7107.12432004 3.31428890668e-09 3.77218711275e-09
7130.35021651 8.40054755228e-09 6.52155144454e-09
7153.57611298 1.50407218606e-08 4.23872716416e-09
7176.80200945 8.31742910512e-09 6.85974025161e-09
7200.02790592 9.31640561404e-09 1.26572328754e-08
7223.25380239 1.69180425143e-08 7.33311713538e-09
7246.47969886 2.27649320011e-08 8.94739265023e-09
7269.70559533 9.31742149479e-09 1.22143505822e-08
7292.9314918 9.77994832869e-09 6.5099023802e-09
7316.15738827 8.05130846688e-09 8.6980818825e-10
7339.38328474 7.31166703442e-09 8.95314501323e-10
7362.60918121 1.1610557647e-08 3.31985731345e-09
7385.83507768 1.19421396883e-08 6.02373821279e-09
7409.06097415 3.62337089629e-09 1.93120612665e-09
7432.28687063 7.1389235402e-09 7.08890585586e-09
7455.5127671 1.28730961731e-08 3.0276442402e-09
7478.73866357 1.07468195339e-08 1.03635660469e-09
7501.96456004 4.47240713943e-09 4.83605723528e-09
7525.19045651 5.75124798088e-09 4.40242411406e-09
7548.41635298 7.96419503376e-09 3.1836041417e-09
7571.64224945 1.03297491931e-08 3.1699583882e-09
7594.86814592 1.31488263033e-08 5.43804150587e-09
7618.09404239 1.31017350177e-08 3.05692787694e-09
7641.31993886 1.04500517008e-08 4.56457226509e-09
7664.54583533 1.4487441225e-08 5.35263186612e-09
7687.7717318 2.17038442029e-08 3.03581155659e-10
7710.99762827 1.53656365452e-08 1.29908820327e-09
7734.22352474 1.11620270313e-08 3.56334347687e-09
7757.44942122 1.39792581135e-08 1.69860956543e-09
7780.67531769 1.86717069817e-08 4.3468182602e-09
7803.90121416 1.84296389894e-08 2.57747051516e-09
7827.12711063 1.42616354571e-08 4.74140067239e-09
7850.3530071 5.62447579292e-09 5.11435810143e-09
7873.57890357 9.90668146119e-09 7.49549146404e-09
7896.80480004 1.97045069656e-08 3.91495065803e-09
7920.03069651 1.86133110242e-08 3.44799793859e-09
7943.25659298 9.07367690115e-09 6.87712338471e-09
7966.48248945 9.34331887823e-09 7.73644739738e-09
7989.70838592 1.03191419871e-08 7.61723409996e-09
8012.93428239 1.86837856735e-08 9.46903711257e-09
8036.16017886 1.49778894597e-08 6.71877725891e-09
8059.38607533 7.70127182554e-09 3.7082841168e-09
8082.6119718 6.54452358896e-09 4.01868915761e-09
8105.83786828 1.11270166218e-08 9.29584264685e-09
8129.06376475 1.3838207172e-08 8.94452248379e-09
8152.28966122 1.52143446472e-08 9.20335637156e-09
8175.51555769 8.51901636775e-09 4.05256790941e-09
8198.74145416 8.21479195118e-09 7.48947855959e-09
8221.96735063 1.13411710129e-08 7.21596526518e-09
8245.1932471 1.03762968876e-08 8.72675416545e-09
8268.41914357 1.56551443332e-08 1.48339730687e-08
8291.64504004 8.55617271317e-09 2.18991433752e-09
8314.87093651 7.02586409852e-09 1.47492224467e-08
8338.09683298 1.41909129065e-08 1.29995680763e-08
8361.32272945 1.02161272178e-08 6.34200958462e-09
8384.54862592 1.35165012144e-09 1.46212432661e-09
8407.77452239 3.79367949105e-09 6.25926796947e-09
8431.00041887 6.04146121812e-09 3.23157967655e-09
8454.22631534 8.45185627573e-09 2.49603519924e-09
8477.45221181 8.77245086091e-09 3.48227234328e-09
8500.67810828 8.56302207038e-09 5.68972263024e-09
8523.90400475 5.71140826401e-09 2.41075108268e-09
8547.12990122 1.16676915579e-08 2.73248914674e-09
8570.35579769 7.13747411992e-09 5.21394332294e-09
8593.58169416 6.91293750607e-09 7.22306414152e-09
8616.80759063 4.75514700735e-09 8.44264832593e-09
8640.0334871 1.82537705193e-09 6.19224809952e-09
8663.25938357 9.88752650756e-09 5.28832678567e-09
8686.48528004 1.06503711733e-08 5.65315741164e-09
8709.71117651 7.83800433023e-09 3.56035728491e-09
8732.93707298 7.46917456429e-09 3.67034394228e-09
8756.16296946 7.68335326977e-09 6.81661893313e-09
8779.38886593 9.50897522001e-09 9.10928383897e-09
8802.6147624 4.26980978514e-09 8.25099060593e-09
8825.84065887 2.98937197656e-09 8.55697644671e-09
8849.06655534 3.35208996507e-09 7.97372480987e-09
8872.29245181 5.10867092987e-09 8.02785991566e-09
8895.51834828 3.75376767435e-09 7.54144388364e-09
8918.74424475 4.14085456273e-09 1.19406669296e-08
8941.97014122 4.52133434348e-09 9.87752570926e-09
8965.19603769 1.03385135661e-09 8.67258983349e-09
8988.42193416 2.78195952294e-09 9.56153939282e-09
9011.64783063 5.42087520878e-09 4.76457347781e-09
9034.8737271 5.9536192875e-09 1.05897519706e-08
9058.09962357 8.60816244243e-09 6.86052308942e-09
9081.32552005 4.99287911375e-09 6.05917407939e-09
9104.55141652 7.89873538981e-09 8.8578711905e-09
9127.77731299 6.80360975784e-09 1.47186691957e-08
9151.00320946 7.79312556353e-09 1.08108509297e-08
9174.22910593 8.67022796138e-09 1.20587918876e-08
9197.4550024 9.38005406689e-09 4.98403241235e-09
9220.68089887 8.77176260659e-09 1.0579543574e-08
9243.90679534 4.11408427502e-09 9.41861775796e-09
9267.13269181 7.60253134534e-09 6.57099438848e-09
9290.35858828 3.56934717333e-09 7.46588718805e-09
9313.58448475 7.10910543132e-09 6.12013141524e-09
9336.81038122 3.74532503603e-09 8.85375544346e-09
9360.03627769 3.89815601453e-09 9.04946005623e-09
9383.26217416 3.3748357126e-09 8.61337211399e-09
9406.48807064 5.27794429064e-09 6.36424636824e-09
9429.71396711 2.21600968574e-09 1.14960484403e-08
9452.93986358 4.02043653652e-09 6.58233136913e-09
9476.16576005 7.49633146004e-09 5.20785600198e-09
9499.39165652 2.45425626677e-09 4.26582159939e-09
9522.61755299 4.17601799871e-09 6.52868719652e-09
9545.84344946 1.18417432156e-09 9.35295244318e-09
9569.06934593 7.36782759158e-09 2.41781379109e-09
9592.2952424 5.52168550136e-09 3.46443240974e-09
9615.52113887 4.22844342947e-09 4.98490298587e-09
9638.74703534 1.40176667198e-09 3.1099878172e-09
9661.97293181 6.47870678872e-09 4.49505778233e-09
9685.19882828 5.75433278936e-09 3.8136444563e-09
9708.42472475 1.75685712008e-09 7.16802569202e-09
9731.65062122 3.98882567657e-09 4.82845449279e-09
9754.8765177 7.24916185251e-09 1.74674415865e-09
9778.10241417 5.77860717585e-09 5.41410790228e-09
9801.32831064 5.60501954972e-09 8.0318424988e-09
9824.55420711 3.57123026095e-09 1.24475729577e-09
9847.78010358 5.65054823053e-09 5.79014574582e-09
9871.00600005 3.85210740886e-09 5.44409381704e-09
9894.23189652 3.92852120073e-09 2.77641953081e-09
9917.45779299 5.47839792531e-10 3.98650120966e-09
9940.68368946 6.12174944972e-09 5.23790187573e-09
9963.90958593 1.73977721122e-09 3.28859218837e-09
9987.1354824 1.57119727842e-09 5.71773571721e-09
10010.3613789 2.50601625997e-09 7.17722054931e-09
10033.5872753 2.5196904107e-09 4.88542330683e-09
10056.8131718 1.36458464547e-09 7.68776095833e-10
10080.0390683 6.65536542948e-09 2.99258134285e-09
10103.2649648 5.82672432974e-09 2.9173973769e-09
10126.4908612 1.3197396116e-09 2.85643606985e-09
10149.7167577 3.09929506458e-09 3.81292321051e-09
10172.9426542 6.16048938928e-09 6.0105594014e-09
10196.1685506 8.53554773258e-09 6.3980350815e-09
10219.3944471 6.99608992062e-09 6.48954135622e-09
10242.6203436 1.52253286309e-09 5.89415847347e-09
10265.8462401 2.04618701635e-09 6.27855623935e-09
10289.0721365 6.25379012017e-09 8.97664230303e-09
10312.298033 7.09114424762e-09 3.09708994706e-09
10335.5239295 6.39591059072e-09 1.02831786001e-09
10358.7498259 5.61240371976e-09 6.45182679366e-09
10381.9757224 1.76025306811e-09 1.0761321273e-08
10405.2016189 5.49560352192e-09 9.19835409184e-09
10428.4275153 4.52040299254e-09 4.97285998394e-09
10451.6534118 3.15596776032e-09 2.08185945138e-09
10474.8793083 1.30818675668e-09 2.66401385463e-09
10498.1052048 2.62339507601e-09 1.37002927754e-09
10521.3311012 1.08768001735e-09 3.38286411053e-09
10544.5569977 4.86407157956e-09 7.32272458145e-09
10567.7828942 5.90158045028e-09 5.219515974e-09
10591.0087906 2.52907690954e-09 1.5495841977e-09
10614.2346871 4.64919623134e-09 7.85271038581e-09
10637.4605836 6.73266216647e-09 6.90850370837e-09
10660.6864801 2.66357589449e-09 4.11696425631e-09
10683.9123765 2.87520328812e-09 3.0241337266e-09
10707.138273 4.51864422502e-09 5.10608372884e-09
10730.3641695 4.43285600263e-09 5.69603315427e-09
10753.5900659 9.205078622e-10 2.81630259993e-09
10776.8159624 3.6290811099e-09 3.80700631535e-10
10800.0418589 8.82043483944e-10 5.29175272302e-09
10823.2677553 2.10884761403e-09 4.02304205624e-09
10846.4936518 3.92975450636e-09 1.37374741893e-09
10869.7195483 2.85802672213e-09 3.97831167679e-09
10892.9454448 2.50940093612e-09 3.60048066186e-09
10916.1713412 1.87316588061e-09 5.21588395091e-09
10939.3972377 1.09220744881e-09 3.96968888209e-09
10962.6231342 1.9164997761e-09 4.24482882887e-09
10985.8490306 2.21921796969e-09 2.85488758619e-09
11009.0749271 8.30779686305e-10 3.1449310613e-09
11032.3008236 1.03630723708e-09 3.16346770982e-09
11055.5267201 6.43218638774e-10 4.14741836632e-09
11078.7526165 6.35253411926e-10 6.70282598364e-09
11101.978513 2.09550405182e-09 4.62612503547e-09
11125.2044095 2.15104012207e-09 5.19741586141e-09
11148.4303059 7.24631332088e-10 5.02460752766e-09
11171.6562024 2.48082456641e-09 4.72069643565e-09
11194.8820989 1.19445679724e-09 1.31671299229e-09
11218.1079954 1.7972536067e-09 4.36823312384e-09
11241.3338918 1.94941699844e-09 3.07500423248e-09
11264.5597883 2.71621643703e-09 1.78894333543e-09
11287.7856848 3.02365946944e-09 1.40283002596e-09
11311.0115812 1.293825881e-09 3.02179822944e-09
11334.2374777 1.8144464521e-10 3.32825289237e-09
11357.4633742 8.94823523571e-10 3.50294130453e-09
11380.6892706 2.20964619835e-09 2.17899863621e-09
11403.9151671 3.45805078402e-09 3.68905806329e-09
11427.1410636 3.7451224436e-09 2.30956853998e-09
11450.3669601 1.86891203918e-09 1.35107601864e-09
11473.5928565 1.03182192807e-09 2.36911420882e-09
11496.818753 2.17334266674e-09 5.17024273119e-09
11520.0446495 3.00280172498e-09 2.44709194112e-09
11543.2705459 4.74441344465e-09 4.66772465053e-09
11566.4964424 3.08669099546e-09 4.78806526199e-09
11589.7223389 6.95837954271e-10 2.54093847679e-09
11612.9482354 1.88198388635e-09 4.29272192794e-09
11636.1741318 2.82456187899e-09 4.75509416871e-09
11659.4000283 3.59206506663e-09 3.31786809496e-09
11682.6259248 1.97315603049e-09 8.28442034328e-10
11705.8518212 1.59669679831e-09 4.44018139769e-09
11729.0777177 1.85225542977e-09 5.34625014666e-10
11752.3036142 4.17484182422e-09 2.98648266426e-09
11775.5295106 1.78539949193e-09 5.05609813666e-09
11798.7554071 7.17398362113e-10 6.1657178248e-09
11821.9813036 3.30938371711e-09 3.33056627871e-09
11845.2072001 1.27295603025e-09 3.80557019786e-09
11868.4330965 2.34838796693e-09 3.39535583197e-09
11891.658993 6.67530493804e-10 2.82041483638e-09
11914.8848895 3.91634330634e-09 1.59494989482e-09
11938.1107859 2.78102577825e-09 2.68100214327e-09
11961.3366824 2.56530405448e-09 2.66323772474e-09
11984.5625789 1.2106674473e-09 2.72956967098e-09
12007.7884754 9.17146676462e-10 8.1763037027e-10
12031.0143718 1.89817307111e-09 2.60781755032e-09
12054.2402683 1.58108450239e-09 2.53584053449e-09
12077.4661648 1.51473740217e-09 3.85548205268e-09
12100.6920612 2.50232513499e-09 2.59922603661e-09
12123.9179577 5.56267168724e-10 3.71300510123e-09
12147.1438542 3.25599403601e-09 3.94292851634e-09
12170.3697506 2.04026964662e-09 1.09571313166e-09
12193.5956471 1.18424989996e-09 1.1454236906e-09
12216.8215436 5.20521192642e-09 4.35525295038e-09
12240.0474401 1.97114321428e-09 2.85219129562e-09
12263.2733365 1.44430868574e-09 1.47535291693e-09
12286.499233 2.56525084685e-09 3.63631860087e-09
12309.7251295 2.12738182221e-09 2.32911568797e-09
12332.9510259 2.98023020179e-09 1.0861409565e-09
12356.1769224 8.29423535429e-10 2.13149825435e-09
12379.4028189 1.68333808442e-09 2.93945972004e-09
12402.6287154 1.16384851286e-09 2.98896882602e-09
12425.8546118 6.3110139356e-10 5.29771514846e-10
12449.0805083 2.14241798842e-09 2.96954578732e-09
12472.3064048 3.5481931217e-09 3.17413563359e-09
12495.5323012 1.47513982816e-09 2.81672157566e-09
12518.7581977 3.14808419146e-09 1.32078498061e-09
12541.9840942 7.90068745979e-10 2.12202639234e-09
12565.2099907 1.49504422652e-09 2.947563701e-09
12588.4358871 4.39308318654e-09 1.00620534874e-09
12611.6617836 4.6471931149e-09 8.70691965529e-10
12634.8876801 4.65790469802e-09 1.8786550834e-09
12658.1135765 2.74670905429e-09 1.95578984481e-09
12681.339473 8.19705548954e-10 2.80212077318e-09
12704.5653695 3.98859824625e-09 3.98842153711e-09
12727.7912659 7.04509489688e-09 4.66886429349e-09
12751.0171624 3.41298142302e-09 3.66030896791e-09
12774.2430589 3.30731179703e-09 3.63206882963e-09
12797.4689554 6.80646421889e-10 2.95488938516e-09
12820.6948518 2.2649243889e-09 9.91665180847e-10
12843.9207483 4.09450049853e-10 9.90511854943e-10
12867.1466448 1.77733416959e-09 1.47669817181e-09
12890.3725412 7.93651114215e-10 2.9843777531e-09
12913.5984377 1.59140301133e-09 2.0282962287e-09
12936.8243342 2.82664923688e-09 3.60442719361e-09
12960.0502307 6.82432646213e-10 4.30406329446e-09
12983.2761271 1.39330070102e-09 1.26251854291e-09
13006.5020236 3.24083219002e-09 3.42810437419e-09
13029.7279201 3.80523594318e-09 5.61018018114e-10
13052.9538165 2.92337558752e-09 9.26796997468e-10
13076.179713 2.73511145805e-09 2.57648198065e-09
13099.4056095 1.19935475707e-09 1.52375321781e-09
13122.6315059 2.30710977898e-09 1.49869637196e-09
13145.8574024 2.63568391118e-09 1.76083437094e-09
13169.0832989 3.53831899864e-09 1.34742288592e-09
13192.3091954 2.8105228964e-09 1.54765057799e-09
13215.5350918 2.17919230883e-09 1.98499566005e-09
13238.7609883 3.75397076328e-09 1.51438660808e-09
13261.9868848 3.25342178816e-09 1.7605336324e-09
13285.2127812 1.89964101265e-09 1.79488548855e-09
13308.4386777 3.44290195878e-09 2.72660811357e-09
13331.6645742 1.21287526912e-09 2.58264581617e-09
13354.8904707 2.26788619879e-09 8.28681511709e-10
13378.1163671 1.75249133731e-09 2.13397074708e-09
13401.3422636 1.44030038611e-09 1.84567660068e-09
13424.5681601 2.31264494779e-09 1.2849559388e-09
13447.7940565 1.32325312168e-10 2.16822204035e-09
13471.019953 6.72373982142e-10 3.39823132899e-09
13494.2458495 8.76636498142e-10 4.38527242938e-10
13517.4717459 2.14347359551e-10 2.3851533412e-09
13540.6976424 9.45973871435e-10 2.27284381258e-09
13563.9235389 1.40496580467e-09 3.65880130655e-10
13587.1494354 1.64086839127e-09 2.70840531475e-09
13610.3753318 6.67762966204e-10 2.21113704524e-09
13633.6012283 1.48237618863e-09 3.17088226621e-09
13656.8271248 2.37906162273e-09 8.3234861145e-10
13680.0530212 2.97687413658e-09 8.34442061479e-10
13703.2789177 1.39808322354e-09 9.20386283459e-10
13726.5048142 2.75912991444e-09 1.38388669253e-09
13749.7307107 1.3075116725e-09 2.16746745914e-09
13772.9566071 9.99936139792e-10 5.22257003829e-10
13796.1825036 2.60874996568e-09 2.32286764911e-09
13819.4084001 9.73655856492e-10 1.69042970845e-09
13842.6342965 2.02284329863e-10 1.21831017388e-09
13865.860193 1.08497473435e-09 9.81450730031e-10
13889.0860895 2.50819111414e-09 1.40422514183e-09
13912.311986 2.17864588699e-09 2.99704341859e-09
13935.5378824 1.00273685969e-09 2.65271660819e-09
13958.7637789 1.37688476869e-09 2.7619729551e-09
13981.9896754 1.31410762555e-09 1.7832642155e-09
14005.2155718 1.7633706408e-09 1.78045096008e-09
14028.4414683 4.93425536096e-10 2.71254938671e-09
14051.6673648 8.36238291229e-10 2.13727011926e-09
14074.8932612 2.27434961494e-09 1.58748638642e-10
14098.1191577 1.96687052193e-09 6.77722917825e-10
14121.3450542 7.53388980928e-10 4.06997353821e-10
14144.5709507 5.10766878114e-10 2.82417771637e-09
14167.7968471 1.87222779292e-09 7.97065604544e-10
14191.0227436 3.25493016831e-09 1.4444136411e-09
14214.2486401 2.44385076771e-09 5.73885849993e-10
14237.4745365 2.45858324872e-09 1.75916272913e-09
14260.700433 1.42656269323e-09 2.44073437952e-09
14283.9263295 7.21729753514e-10 1.70154089251e-09
14307.152226 1.22903942094e-09 7.03256801615e-10
14330.3781224 1.11547317309e-09 1.56745181296e-09
14353.6040189 8.44547612857e-10 1.82639165664e-09
14376.8299154 8.14196061392e-10 1.05065396234e-09
14400.0558118 2.23164706758e-09 1.85384869045e-09
14423.2817083 7.57662545744e-10 5.4506115473e-10
14446.5076048 1.51826054445e-09 9.38714338611e-10
14469.7335012 2.12263135949e-09 7.74877172505e-10
14492.9593977 1.01650090378e-09 2.00405106643e-09
14516.1852942 1.13051252667e-09 1.01220495267e-09
14539.4111907 1.0952986957e-09 2.06170151197e-09
14562.6370871 1.2316269667e-09 1.26671585909e-09
14585.8629836 3.28643307502e-10 1.57565917133e-09
14609.0888801 2.1522925875e-09 1.79800543792e-09
14632.3147765 1.50966273694e-09 2.26677431666e-09
14655.540673 9.46753432597e-10 1.04039437511e-09
14678.7665695 1.7291442532e-09 8.85451084906e-10
14701.992466 9.76018517224e-10 2.21914036718e-09
14725.2183624 1.1252478053e-09 1.13791962139e-09
14748.4442589 1.4609403381e-09 1.31287188808e-09
14771.6701554 1.0313984189e-09 1.88941792372e-09
14794.8960518 1.51831709989e-09 1.00384921885e-09
14818.1219483 5.92842465752e-10 1.73141322555e-09
14841.3478448 2.28691486259e-10 7.01033225546e-10
14864.5737413 3.64955996289e-10 1.92671654725e-11
14887.7996377 9.40018995797e-10 1.09896437401e-09
14911.0255342 4.00685963831e-10 3.13723098998e-10
14934.2514307 1.50053373134e-09 1.30180444459e-09
14957.4773271 1.52816172353e-09 8.88577074624e-10
14980.7032236 6.62737953284e-10 8.78278232085e-10
15003.9291201 5.71476685133e-10 1.96212577367e-09
15027.1550165 7.86099160305e-10 7.73338174626e-10
15050.380913 9.89191418527e-10 1.46853934129e-09
15073.6068095 1.09479360811e-09 1.41041310789e-09
15096.832706 1.5751972196e-09 1.17075436287e-09
15120.0586024 3.00302335379e-10 1.42145423924e-09
15143.2844989 1.00181213673e-09 1.06851962764e-10
15166.5103954 5.3160508593e-10 1.44398997043e-09
15189.7362918 2.20253002312e-10 1.64677711217e-09
15212.9621883 8.96129079295e-10 4.35815152866e-10
15236.1880848 6.69429311e-10 9.69339736986e-10
15259.4139813 1.63247685905e-09 1.69700568279e-09
15282.6398777 7.51852204095e-10 2.12905552261e-09
15305.8657742 1.06635879517e-09 9.42087187175e-10
15329.0916707 1.15278747387e-10 5.09885578267e-10
15352.3175671 4.48132134239e-10 1.1932762034e-09
15375.5434636 2.35648210377e-09 9.11992573772e-10
15398.7693601 1.57892383324e-09 2.12640136676e-09
15421.9952565 1.81643507072e-09 7.87029240811e-10
15445.221153 1.29254616063e-09 1.56308233163e-09
15468.4470495 1.36146740769e-09 1.19895523791e-09
15491.672946 1.7946328987e-09 1.37283536568e-09
15514.8988424 9.2019672761e-10 4.65346399979e-10
15538.1247389 6.25846013065e-10 4.54393768994e-10
15561.3506354 6.05825568298e-10 5.51736533024e-10
15584.5765318 7.77439355508e-10 6.29396632011e-10
15607.8024283 7.73320543541e-10 3.75592069647e-10
15631.0283248 2.54226448365e-10 3.55698382923e-10
15654.2542213 1.54598274818e-09 1.06694053336e-09
15677.4801177 5.74049326353e-10 4.36656556941e-10
15700.7060142 1.86651942871e-09 1.72933184883e-09
15723.9319107 2.7251093343e-10 7.15948249582e-10
15747.1578071 7.50205899046e-10 9.03631106515e-10
15770.3837036 6.30693178844e-10 6.78092101537e-10
15793.6096001 6.52610713219e-10 2.87378742464e-10
15816.8354965 3.0854683459e-10 6.9576572589e-10
15840.061393 6.64449034655e-10 5.08638273453e-10
15863.2872895 5.86393849891e-10 3.06379867522e-10
15886.513186 6.83010008032e-10 1.15046622454e-09
15909.7390824 7.761424474e-10 2.67884333135e-10
15932.9649789 5.74494133272e-10 2.93119702502e-10
15956.1908754 9.97851437516e-10 1.2790070163e-09
15979.4167718 8.42465005812e-10 5.53651449358e-10
16002.6426683 1.98362754404e-10 1.34628401541e-09
16025.8685648 7.84012967268e-10 4.85071022128e-10
16049.0944613 3.77461917133e-10 2.05268512028e-10
16072.3203577 5.29800338832e-10 9.14513975867e-10
16095.5462542 1.08048142045e-09 9.52630291225e-11
16118.7721507 3.19236550636e-10 9.24342347006e-10
16141.9980471 1.14983618408e-09 6.13879449204e-10
16165.2239436 1.94748698879e-10 6.47430288778e-10
16188.4498401 1.90728587533e-10 9.95264240095e-10
16211.6757366 6.69645771004e-10 8.62671021773e-10
16234.901633 5.90972397532e-10 1.10651824059e-09
16258.1275295 4.84304559635e-10 1.05440834568e-09
16281.353426 1.94389742208e-10 4.92693029662e-10
16304.5793224 5.71698376491e-10 1.25192634077e-09
16327.8052189 7.40257220163e-10 8.89669766348e-10
16351.0311154 8.95214940541e-10 4.7093991835e-10
16374.2570118 3.01877594655e-10 9.34454019194e-10
16397.4829083 8.56283976794e-10 9.57489578508e-10
16420.7088048 3.50113074293e-10 5.6410092731e-10
16443.9347013 8.82480739682e-10 9.91487765904e-10
16467.1605977 3.59123838088e-10 8.39577682754e-10
16490.3864942 2.6982528449e-10 5.57878370606e-10
16513.6123907 8.55146691932e-10 4.9019183237e-10
16536.8382871 5.46418102245e-10 6.26814452626e-10
16560.0641836 1.9117045296e-10 7.40926790946e-10
16583.2900801 7.4211208898e-10 4.16966258649e-10
16606.5159766 4.41209752329e-10 6.97383864688e-10
16629.741873 8.4277415318e-10 3.45857398969e-10
16652.9677695 3.40284592156e-10 5.45655714667e-10
16676.193666 3.80980938111e-10 9.21048971615e-10
16699.4195624 1.46573237164e-10 2.50686189112e-10
16722.6454589 3.30173070275e-10 3.05753012729e-10
16745.8713554 4.44307417317e-10 1.79558043564e-10
16769.0972518 4.04534474228e-10 5.48992134524e-10
16792.3231483 4.75314267826e-10 4.22040668781e-10
16815.5490448 7.5147760557e-10 7.08875448919e-10
16838.7749413 5.0564946603e-10 9.4162480155e-10
16862.0008377 2.58705915866e-10 1.13409116834e-10
16885.2267342 4.58896421832e-10 9.75515618132e-10
16908.4526307 6.00917245169e-10 3.52398950206e-10
16931.6785271 3.68967507171e-10 7.34753465666e-10
16954.9044236 4.18700934496e-10 5.3337832696e-10
16978.1303201 6.44500593343e-10 3.91078505399e-10
17001.3562166 4.67946382826e-10 7.51392606381e-10
17024.582113 3.29765705974e-10 1.33239327185e-10
17047.8080095 4.81050324441e-10 4.12171916469e-10
17071.033906 8.94401481443e-10 8.02043902342e-10
17094.2598024 2.19520709084e-10 1.17690975159e-09
17117.4856989 5.46462367587e-10 7.69705296082e-10
17140.7115954 7.99946817025e-10 1.33646169861e-09
17163.9374919 1.81786226307e-09 8.41123039724e-10
17187.1633883 1.04232111088e-09 1.07290158787e-09
17210.3892848 3.39263104511e-10 4.61276769398e-10
17233.6151813 7.88752603772e-10 1.48389111317e-09
17256.8410777 7.21261849979e-10 6.29839226506e-10
17280.0669742 9.61501377903e-10 2.5571333791e-10
17303.2928707 6.10542832294e-10 7.26760895447e-10
17326.5187671 3.29560080555e-10 4.86070289216e-10
17349.7446636 1.01096535941e-10 8.52632428756e-10
17372.9705601 3.02016072473e-10 4.62987226211e-10
17396.1964566 1.05506037971e-10 6.87356602827e-10
17419.422353 6.92707829358e-10 5.19637375863e-10
17442.6482495 5.97408838184e-10 7.99723533848e-10
17465.874146 5.0545218401e-10 1.11056782429e-10
17489.1000424 3.36758628896e-10 4.13786119784e-11
17512.3259389 5.48705944149e-10 2.62483917567e-10
17535.5518354 3.47987614786e-10 6.26573608193e-10
17558.7777319 1.50317975176e-10 1.82658786905e-10
17582.0036283 5.93038668385e-10 2.40477768287e-10
17605.2295248 5.68326816748e-10 6.58137058586e-10
17628.4554213 2.08852179149e-10 2.89400348513e-10
17651.6813177 2.86372543966e-10 3.61244564737e-10
17674.9072142 5.25174862486e-10 6.50425062345e-10
17698.1331107 1.23750655709e-10 5.82120831712e-10
17721.3590071 7.32713777528e-10 7.15359847088e-10
17744.5849036 1.86868220753e-10 6.78054876295e-10
17767.8108001 1.001507484e-09 7.12679908264e-10
17791.0366966 8.40134286069e-10 1.0093984739e-09
17814.262593 6.83676780586e-10 5.9017031298e-10
17837.4884895 4.56240654876e-10 7.8534396594e-10
17860.714386 4.10281638732e-10 5.12310457603e-10
17883.9402824 4.18484459977e-10 1.15400084122e-10
17907.1661789 3.62385948122e-10 1.524033838e-10
17930.3920754 4.99713221118e-10 4.77672531744e-10
17953.6179719 6.31958679126e-10 1.96755465691e-10
17976.8438683 2.66100454752e-10 7.49377639856e-10
18000.0697648 4.55733436255e-10 2.77582149125e-10
18023.2956613 1.79972824495e-10 5.23004654377e-11
18046.5215577 2.82455855503e-10 1.65201842925e-10
18069.7474542 3.99870083578e-10 4.43863938612e-10
18092.9733507 3.84697182208e-10 1.7575367644e-10
18116.1992471 1.12494836967e-10 2.95798318781e-10
18139.4251436 2.73148040812e-10 1.99024150573e-10
18162.6510401 8.75874585508e-11 2.76754348522e-10
18185.8769366 3.41760505369e-10 2.8865120338e-10
18209.102833 2.19594448898e-10 3.65399228007e-10
18232.3287295 1.39268082373e-10 1.34655871936e-10
18255.554626 2.29814883256e-10 1.29495549326e-10
18278.7805224 1.69274735083e-10 2.13410696021e-10
18302.0064189 8.58383723018e-11 3.23573399512e-10
18325.2323154 1.33834067439e-10 2.44108363845e-10
18348.4582119 3.9393916198e-10 5.73172643365e-11
18371.6841083 1.54675148251e-11 1.45686249592e-10
18394.9100048 3.11904697392e-10 2.48743656535e-10
18418.1359013 1.63330633033e-10 1.34750070332e-10
18441.3617977 2.30771810026e-10 2.60216134212e-10
18464.5876942 5.72438337388e-11 1.80655778068e-10
18487.8135907 4.73146720164e-11 1.15151153762e-10
18511.0394872 1.32839221647e-10 2.9853437955e-10
18534.2653836 3.81454177583e-10 1.20594638181e-10
18557.4912801 1.25066377953e-10 3.32818763835e-10
18580.7171766 3.47880343865e-10 1.79758310738e-10
18603.943073 2.06887867438e-10 1.94259982225e-10
18627.1689695 2.06272136633e-10 1.55922464732e-10
18650.394866 3.38567525316e-10 2.55409384287e-10
18673.6207624 3.7108600537e-10 2.21625406015e-10
18696.8466589 6.69702899763e-11 2.86158774445e-10
18720.0725554 1.45092797813e-10 3.31444106225e-10
18743.2984519 2.53443833787e-10 6.78452079629e-11
18766.5243483 3.26917290867e-10 3.33410475867e-10
18789.7502448 2.02738843312e-10 2.27943307616e-10
18812.9761413 7.80614637978e-11 1.6918211879e-10
18836.2020377 2.09335906014e-10 2.02938084253e-10
18859.4279342 6.13278820234e-11 8.61146462614e-11
18882.6538307 1.51395200334e-10 1.35290726809e-10
18905.8797272 5.22205887197e-11 1.15935684846e-10
18929.1056236 2.13319437957e-10 1.55023932274e-10
18952.3315201 1.63162017569e-10 3.2867640971e-10
18975.5574166 3.53374449211e-10 1.62028556975e-10
18998.783313 2.74713436789e-10 9.50535536671e-11
19022.0092095 1.97171244523e-10 1.14872569438e-10
19045.235106 2.97397272433e-10 1.37613670212e-10
19068.4610024 7.72440360581e-11 7.38683160448e-11
19091.6868989 3.13407700427e-10 1.28757422971e-10
19114.9127954 1.40968748547e-10 1.75844029335e-10
19138.1386919 9.8612688298e-11 2.42321863978e-11
19161.3645883 2.74094120851e-10 3.95791071352e-11
19184.5904848 2.25040885159e-10 1.98361538275e-10
19207.8163813 2.04453053867e-10 2.08678517016e-10
19231.0422777 2.16965002201e-10 1.03348364903e-10
19254.2681742 8.593980621e-11 1.28152086085e-10
19277.4940707 1.23436284489e-10 1.37304344172e-10
19300.7199672 1.45050510366e-10 1.96928734221e-10
19323.9458636 2.65800921115e-11 1.37587539513e-10
19347.1717601 1.12360844272e-10 1.68604108807e-10
19370.3976566 2.13464406091e-10 2.06611933854e-10
19393.623553 1.93202415755e-10 2.26356743797e-10
19416.8494495 4.59230259729e-11 1.44172389263e-10
19440.075346 5.77952821313e-11 5.36634130746e-11
19463.3012424 5.29438272915e-11 8.83317732696e-11
19486.5271389 1.81737426323e-10 1.73018310637e-10
19509.7530354 2.87184440681e-10 2.80005046019e-10
19532.9789319 7.99406239658e-11 2.43094579358e-10
19556.2048283 1.10302763196e-10 1.0628535881e-10
19579.4307248 1.30613372509e-10 1.06537078894e-10
19602.6566213 1.20655421736e-10 2.11005917668e-11
19625.8825177 1.34684233583e-10 3.27516823184e-11
19649.1084142 9.96572147547e-11 9.95287367799e-11
19672.3343107 1.40569068069e-10 8.59582268511e-11
19695.5602072 1.25747811497e-10 4.03889794702e-11
19718.7861036 3.26320905066e-11 2.03608901167e-10
19742.0120001 8.38693002493e-11 1.45037477728e-10
19765.2378966 1.51415786547e-10 6.43299964089e-11
19788.463793 1.96774973468e-10 2.02329856191e-10
19811.6896895 1.9491546387e-10 1.92616255879e-10
19834.915586 1.80922347395e-10 8.2405770643e-11
19858.1414825 1.97031801297e-10 8.93276294114e-11
19881.3673789 1.34666736716e-10 1.56238922765e-10
19904.5932754 1.02899599426e-10 1.7381727311e-10
19927.8191719 2.27661170213e-10 1.16334617061e-10
19951.0450683 1.7715601751e-10 1.55515591693e-10
19974.2709648 1.19304946795e-10 6.53178546816e-11
19997.4968613 3.63885352726e-11 1.34080535608e-10
20020.7227577 7.08638547678e-11 6.00236543965e-11
20043.9486542 1.41792499215e-10 6.12819044147e-11
20067.1745507 1.34263236673e-10 2.03894772515e-10
20090.4004472 1.41747735998e-10 1.48346346606e-10
20113.6263436 5.28885334684e-11 7.23005665807e-11
20136.8522401 1.79486156869e-10 5.17095903146e-11
20160.0781366 1.5969153975e-10 9.93865027651e-11
20183.304033 2.35961285128e-10 2.0687198496e-10
20206.5299295 1.24865536445e-10 2.09027209166e-11
20229.755826 1.27529486803e-10 1.7790160236e-10
20252.9817225 2.54484616225e-11 5.81831197141e-11
20276.2076189 1.84348312214e-11 5.26926362348e-11
20299.4335154 2.07282527047e-11 4.30332451618e-11
20322.6594119 9.0594852985e-11 7.59299282708e-11
20345.8853083 5.6487920092e-11 1.18788311498e-10
20369.1112048 9.79499401214e-11 3.72842804021e-11
20392.3371013 6.34233213925e-11 1.58856769674e-11
20415.5629977 5.91077033365e-11 5.30150306767e-11
20438.7888942 3.1461446484e-11 4.65515778726e-11
20462.0147907 6.61273783289e-11 3.45756189256e-11
20485.2406872 1.92493782931e-11 1.73788536073e-11
20508.4665836 3.1239268149e-11 7.09057476679e-11
20531.6924801 3.86455153273e-11 5.88003534164e-11
20554.9183766 6.62079390027e-11 7.25247506243e-11
20578.144273 2.98975991118e-11 1.53299699468e-11
20601.3701695 7.53985609159e-11 5.18993897672e-12
20624.596066 1.08289680079e-10 5.67428620536e-11
20647.8219625 9.82984920297e-11 1.03760024342e-11
20671.0478589 6.55000290917e-11 4.97325949801e-11
20694.2737554 2.76708304829e-11 1.77133836474e-11
20717.4996519 3.9670942914e-11 2.01650713342e-11
20740.7255483 4.45652969131e-11 5.63493362841e-11
20763.9514448 1.6986023684e-11 1.22263417444e-11
20787.1773413 1.7496729044e-11 2.35328718164e-11
20810.4032378 5.29626948568e-11 3.65630219323e-11
20833.6291342 6.22474772539e-11 3.93047141915e-11
20856.8550307 3.56896446439e-11 2.34983029478e-11
20880.0809272 6.12487680009e-11 1.50011297787e-11
20903.3068236 4.66747140119e-11 1.13765277952e-11
20926.5327201 9.12353647975e-11 2.12709745712e-11
20949.7586166 6.08297419544e-11 2.65183747973e-11
20972.984513 2.37619880376e-11 8.12145421409e-12
20996.2104095 5.32154184264e-11 3.96721012476e-11
21019.436306 8.53249683281e-11 5.67204561624e-12
21042.6622025 5.18303291417e-11 1.89773418223e-11
21065.8880989 2.73809490387e-11 3.55143696378e-11
21089.1139954 3.57923739984e-11 2.25706394487e-11
21112.3398919 2.64540821983e-11 2.7393194554e-11
21135.5657883 3.93119636225e-11 3.54395750056e-11
21158.7916848 4.21426784259e-11 2.31283200225e-11
21182.0175813 3.3709920042e-11 2.79958845044e-11
21205.2434778 1.41662485976e-11 2.05230253046e-11
21228.4693742 5.30220861418e-11 3.96256709728e-11
21251.6952707 3.13183679988e-11 1.14203454768e-11
21274.9211672 3.41238800881e-11 5.150648961e-11
21298.1470636 4.17307089427e-11 1.82229782861e-11
21321.3729601 1.67257097774e-11 1.58735392592e-11
21344.5988566 2.76491958302e-11 3.17477046236e-11
21367.824753 3.43824753522e-11 2.72025848429e-11
21391.0506495 4.6982600328e-11 2.1676734968e-11
21414.276546 4.78608474558e-11 4.20006642977e-11
21437.5024425 2.32404983854e-11 6.73711089283e-12
21460.7283389 9.761839646e-12 8.27754365842e-12
21483.9542354 2.00633042162e-11 3.1528038865e-11
21507.1801319 3.11039690695e-11 1.07681659406e-11
21530.4060283 5.18090666833e-11 4.28997023784e-11
21553.6319248 5.2548027024e-11 8.52899805116e-12
21576.8578213 3.45603015443e-11 2.58074716904e-11
21600.0837178 2.39644652547e-11 3.2038910293e-11
21623.3096142 1.60488216938e-11 4.17699058537e-11
21646.5355107 5.40301519061e-12 4.86543727607e-11
21669.7614072 3.94034844102e-11 4.16053036056e-11
21692.9873036 1.50221969682e-11 5.28688681943e-11
21716.2132001 3.00042296005e-11 7.45610028975e-11
21739.4390966 4.22466379921e-11 5.31663708279e-11
21762.664993 5.58539793321e-11 3.56576221701e-11
21785.8908895 5.04273232132e-11 3.37884251463e-11
21809.116786 3.5314896026e-11 3.9592913082e-11
21832.3426825 2.61269406963e-11 3.62442962726e-11
21855.5685789 4.11156328432e-11 5.75278021859e-11
21878.7944754 5.34277617434e-11 2.37734631738e-11
21902.0203719 4.0266735119e-11 1.80596253025e-11
21925.2462683 1.36932747057e-11 1.98699464371e-11
21948.4721648 1.56186854437e-11 2.16958446942e-11
21971.6980613 2.77594724726e-11 2.4414946454e-11
21994.9239578 2.73342358767e-11 2.49002718608e-11
22018.1498542 2.18942800772e-11 3.02652869057e-11
22041.3757507 1.64116213202e-11 1.00833751523e-11
22064.6016472 1.1342553778e-11 1.19050206413e-11
22087.8275436 1.30765922423e-11 7.39054381035e-12
22111.0534401 5.17195407669e-12 1.35186811247e-11
22134.2793366 1.88874347311e-11 9.10865866692e-12
22157.5052331 2.03797649725e-11 4.27950511258e-12
22180.7311295 1.93932466105e-11 8.28536965126e-12
22203.957026 1.26023942512e-11 1.95937881261e-11
22227.1829225 2.20968092566e-11 2.90449076163e-12
22250.4088189 2.20871782561e-11 1.50988787897e-11
22273.6347154 2.7950027628e-11 9.2651018166e-12
22296.8606119 5.69810550747e-12 9.57086987443e-12
22320.0865083 2.77457213368e-11 1.20618762552e-11
22343.3124048 1.43571538765e-11 2.86963634525e-11
22366.5383013 2.01762518744e-11 1.06131671384e-11
22389.7641978 2.63304503151e-11 1.64576560616e-11
22412.9900942 2.45128231987e-11 1.44959629391e-11
22436.2159907 2.74958546746e-11 4.73333597545e-12
22459.4418872 2.11742924284e-11 8.21935402663e-12
22482.6677836 1.58514308024e-11 2.03899561782e-11
22505.8936801 1.6222835783e-11 1.94305792649e-11
22529.1195766 1.00940728067e-11 2.1397999518e-11
22552.3454731 1.62343250224e-11 1.95716471761e-11
22575.5713695 1.37285163128e-11 1.69241537416e-11
22598.797266 1.40541942975e-11 7.07299257133e-13
22622.0231625 1.15697172132e-11 1.0592096967e-11
22645.2490589 5.76660530694e-12 8.16478784245e-12
22668.4749554 1.94267411611e-11 9.63653180743e-12
22691.7008519 1.98738496393e-11 4.36851019551e-12
22714.9267483 1.48310521698e-11 6.22638817172e-12
22738.1526448 2.36377951904e-11 7.47812263087e-12
22761.3785413 8.60037397255e-12 9.86897141941e-12
22784.6044378 7.90386800311e-12 1.06791082082e-11
22807.8303342 1.28732656434e-11 1.47004599262e-11
22831.0562307 9.45947022446e-12 6.01511241965e-12
22854.2821272 2.88909013667e-12 5.46109629148e-12
22877.5080236 1.33583325951e-11 8.32219091312e-12
22900.7339201 1.30657805297e-11 7.16541871042e-12
22923.9598166 1.11413035735e-11 1.16196805789e-12
22947.1857131 1.79213737812e-11 4.4942789851e-12
22970.4116095 1.17270687902e-11 5.58257165351e-12
22993.637506 9.51186912642e-12 9.61112270617e-12
23016.8634025 1.29147293322e-11 4.0565041289e-12
23040.0892989 3.82880366604e-12 5.45867596272e-12
23063.3151954 1.0975795056e-11 5.296794122e-12
23086.5410919 9.10185394602e-12 4.09627020335e-12
23109.7669884 1.07234416394e-11 2.63562882456e-12
23132.9928848 5.97111977739e-12 2.03812786798e-12
23156.2187813 1.35138654542e-11 7.65803421709e-12
23179.4446778 9.11039005712e-12 9.40351787972e-12
23202.6705742 5.48752275563e-12 5.86651263541e-12
23225.8964707 1.075658245e-11 7.05800768108e-12
23249.1223672 7.18232616518e-12 5.08929319201e-12
23272.3482636 3.38331164341e-12 2.68811964707e-12
23295.5741601 1.27815797999e-11 5.24000252345e-12
23318.8000566 3.13219676342e-12 1.38516517733e-12
23342.0259531 1.51999730704e-11 4.56008641e-12
23365.2518495 1.07937156039e-11 1.55020128788e-12
23388.477746 1.17306678044e-11 5.3506296106e-12
23411.7036425 7.25458120508e-12 6.3179112619e-12
23434.9295389 6.74774919821e-12 5.18293878622e-12
23458.1554354 6.64724401256e-12 6.15953195934e-12
23481.3813319 9.49263827764e-12 5.75341093169e-12
23504.6072284 1.06394383286e-11 6.6912934828e-12
23527.8331248 2.4489712703e-12 5.68361408729e-12
23551.0590213 1.21150553035e-11 8.32343282808e-12
23574.2849178 8.35176342054e-12 2.28186116138e-12
23597.5108142 1.11128454698e-11 6.87980047373e-12
23620.7367107 9.84774035093e-12 5.04412724858e-12
23643.9626072 1.30669202002e-11 6.76052080347e-12
23667.1885036 1.32422617355e-11 4.24145507432e-12
23690.4144001 6.21147375755e-12 2.94237278994e-12
23713.6402966 6.50259265429e-12 2.31253872796e-12
23736.8661931 1.26108801167e-11 3.45350401582e-12
23760.0920895 2.10705274724e-12 1.47170744582e-12
23783.317986 3.31042581186e-12 2.39109102401e-12
23806.5438825 8.48982012693e-12 1.64255386247e-12
23829.7697789 9.89347407928e-12 3.73396795686e-12
23852.9956754 1.01886219193e-11 4.79880215416e-12
23876.2215719 1.05565935075e-11 1.51578604379e-12
23899.4474684 1.03488240965e-11 3.20705226969e-12
23922.6733648 6.87758544194e-12 1.35567568612e-12
23945.8992613 8.2988911634e-12 1.43421517065e-12
23969.1251578 4.38284663014e-12 1.77632868369e-12
23992.3510542 8.87582662012e-12 5.5526434112e-12
24015.5769507 1.05494773547e-11 4.18268259367e-12
24038.8028472 5.91988713501e-12 2.98939823924e-12
24062.0287436 4.98027771965e-12 1.66465096604e-12
24085.2546401 9.02931225356e-12 3.56892825057e-12
24108.4805366 6.6417440309e-12 2.37740674552e-12
24131.7064331 6.88722437784e-12 1.12719064557e-12
24154.9323295 6.65437242091e-12 4.01773003452e-12
24178.158226 4.66355058254e-12 3.10210251885e-12
24201.3841225 7.95286907463e-12 2.56999936273e-12
24224.6100189 6.48418645088e-12 3.4744659632e-12
24247.8359154 6.20465268216e-12 2.93301680128e-12
24271.0618119 2.6210625157e-12 3.02434082777e-13
24294.2877084 5.98080091016e-12 1.35252784368e-12
24317.5136048 6.06140983558e-12 3.33599739321e-12
24340.7395013 6.74723174147e-12 1.34916320313e-12
24363.9653978 5.98953776042e-12 8.9647762323e-13
24387.1912942 2.50105242216e-12 1.07392356645e-12
24410.4171907 3.86043367804e-12 1.82525681619e-12
24433.6430872 4.38208118942e-12 2.187666388e-12
24456.8689837 4.04391228684e-12 3.6221398159e-13
24480.0948801 4.62954898996e-12 1.28142847231e-12
24503.3207766 3.99305980466e-12 1.94326527738e-12
24526.5466731 3.32320423535e-12 1.260630103e-12
24549.7725695 3.63575450539e-12 1.81159066087e-12
24572.998466 4.12927196782e-12 1.80174280268e-12
24596.2243625 4.06975396611e-12 1.97559605859e-12
24619.4502589 3.49749286321e-12 1.56987098037e-12
24642.6761554 4.30896798089e-12 1.14361715622e-12
24665.9020519 4.30491830424e-12 5.38882056339e-13
24689.1279484 2.55231714137e-12 1.4768747506e-12
24712.3538448 3.47853093155e-12 1.49264551611e-12
24735.5797413 4.18022431266e-12 2.0718061783e-12
24758.8056378 2.9183730693e-12 2.26881324967e-12
24782.0315342 3.26616038523e-12 2.07804732209e-12
24805.2574307 4.73694422267e-12 6.82996766743e-13
24828.4833272 3.66352854078e-12 1.71408013776e-12
24851.7092237 2.60341030879e-12 3.83503279318e-13
24874.9351201 3.90435337241e-12 7.22666949031e-13
24898.1610166 1.52603354312e-12 5.04785553123e-13
24921.3869131 1.68155616e-12 1.04688443628e-12
24944.6128095 3.31698934394e-12 1.10761066661e-12
24967.838706 1.2766505686e-12 2.41481993518e-12
24991.0646025 2.03354058157e-12 6.28028173468e-13
25014.2904989 3.32397893889e-12 1.26675993095e-12
25037.5163954 9.63209069669e-13 4.74707855319e-13
25060.7422919 1.48339514251e-12 4.03147825352e-13
25083.9681884 3.79150167336e-12 1.04746789366e-12
25107.1940848 1.58694154757e-12 2.52395080367e-12
25130.4199813 3.80586429935e-12 9.88717760269e-13
25153.6458778 3.38987891691e-12 1.88755482989e-13
25176.8717742 2.36045579468e-12 1.60760319881e-12
25200.0976707 2.21331206952e-12 1.14697125153e-12
25223.3235672 3.73270791084e-12 2.55472189998e-12
25246.5494637 1.57501876859e-12 2.6229207413e-12
25269.7753601 2.46009139147e-12 1.09571103228e-12
25293.0012566 7.95587420539e-13 6.24181983449e-13
25316.2271531 1.41350310946e-12 9.99929721083e-13
25339.4530495 1.41433164678e-12 1.73619102275e-12
25362.678946 2.52185877448e-12 1.04469970978e-12
25385.9048425 1.22847701158e-12 9.14423478572e-13
25409.130739 1.24848481488e-12 7.43714798315e-13
25432.3566354 8.18963192637e-13 4.42852585754e-13
25455.5825319 7.61900148844e-13 8.21919982932e-13
25478.8084284 6.24762761286e-13 8.25196037558e-13
25502.0343248 3.74727737634e-13 7.11401109428e-13
25525.2602213 2.46593038727e-13 5.38100729348e-13
25548.4861178 4.24502572635e-13 1.40192178043e-12
25571.7120142 1.34188500147e-12 1.20868857331e-12
25594.9379107 1.26094261751e-12 1.55818271789e-12
25618.1638072 1.76276313795e-12 9.19383599391e-13
25641.3897037 4.66949273839e-13 8.69450592344e-13
25664.6156001 5.3150795886e-13 1.81379319485e-13
25687.8414966 1.0325806321e-12 1.3696359134e-12
25711.0673931 7.77864100235e-13 7.11328184024e-13
25734.2932895 8.95514292304e-13 7.56527589025e-13
25757.519186 6.66317385719e-13 9.47324113092e-13
25780.7450825 9.86662341629e-13 8.16526105004e-13
25803.970979 5.67203217532e-13 7.63482623516e-14
25827.1968754 4.0924622851e-13 8.71490883534e-13
25850.4227719 1.23464262158e-13 3.82060727266e-13
25873.6486684 4.97400960713e-13 4.08403285838e-13
25896.8745648 6.30558361971e-13 5.08419219677e-13
25920.1004613 1.33014723573e-12 5.6145250904e-13
25943.3263578 1.50965131456e-13 2.30826353807e-13
25966.5522542 4.28023278049e-13 1.66862851331e-13
25989.7781507 1.01919994397e-12 9.22678037951e-13
26013.0040472 5.52878692987e-13 4.8675175652e-13
26036.2299437 1.68358244682e-13 2.13856877956e-13
26059.4558401 2.37559127305e-12 9.43350302957e-13
26082.6817366 1.22715413522e-12 9.35790835684e-13
26105.9076331 1.0549894581e-12 5.94526413425e-13
26129.1335295 8.15891693328e-13 1.97470425262e-12
26152.359426 3.99269173135e-13 1.10556155523e-12
26175.5853225 1.61133539845e-12 2.11129977827e-12
26198.811219 1.06314438924e-12 6.20114635041e-13
26222.0371154 1.64814169864e-12 9.77297242334e-13
26245.2630119 3.80594635874e-13 3.37014729366e-13
26268.4889084 1.07318995053e-12 1.20616254776e-12
26291.7148048 1.70302715036e-12 1.28853783277e-12
26314.9407013 1.53680139101e-12 1.33516689516e-12
26338.1665978 9.57194864044e-13 1.12607226914e-12
26361.3924942 8.20890347706e-13 8.31779330956e-13
26384.6183907 1.0430147729e-12 6.58649603681e-13
26407.8442872 1.31449058228e-12 9.36390879472e-13
26431.0701837 2.0329173086e-12 1.73893144202e-12
26454.2960801 1.05464538019e-12 7.36958261558e-13
26477.5219766 7.23830166783e-13 1.1425187193e-12
26500.7478731 2.49111467695e-13 4.89325517231e-13
26523.9737695 1.43317360991e-12 5.25853162274e-13
26547.199666 2.91285995395e-13 7.86207236024e-13
26570.4255625 7.21593623745e-13 5.10813153962e-13
26593.651459 7.76392447195e-13 4.0552681611e-13
26616.8773554 1.19122270461e-12 1.17825662882e-12
26640.1032519 1.44980707658e-12 8.69493542871e-13
26663.3291484 7.41789155709e-13 4.54486028375e-13
26686.5550448 4.09202592539e-13 7.47574282376e-13
26709.7809413 8.77619489838e-13 7.11801588977e-13
26733.0068378 4.8159522942e-13 6.3985137172e-13
26756.2327343 1.90568197301e-12 8.73485827412e-13
26779.4586307 6.64476791885e-13 8.04432998489e-13
26802.6845272 7.95438878736e-13 3.01108477364e-13
26825.9104237 7.64892088325e-13 4.45464489455e-14
26849.1363201 6.96263432405e-13 1.63377871184e-13
26872.3622166 5.4489999254e-13 8.14743374046e-13
26895.5881131 7.83583308636e-13 4.75823283082e-13
26918.8140095 9.62518751329e-13 2.09487957995e-13
26942.039906 6.65909308692e-13 4.88082837249e-13
26965.2658025 8.33749209308e-13 5.99359158542e-13
26988.491699 7.03332941912e-13 3.31804171493e-13
27011.7175954 1.04015408418e-12 2.29216669147e-13
27034.9434919 1.54132096473e-12 4.58890215567e-13
27058.1693884 2.9606539304e-13 1.26294987153e-12
27081.3952848 1.22834643989e-12 4.9159448965e-13
27104.6211813 7.36160476578e-13 1.21354038996e-12
27127.8470778 1.52475757004e-12 2.56938943733e-13
27151.0729743 4.76961547528e-13 6.26445551631e-13
27174.2988707 1.30070316688e-12 4.21700195866e-13
27197.5247672 1.50933912865e-12 1.06501059266e-12
27220.7506637 7.16381097934e-13 1.31657672996e-12
27243.9765601 1.59743211488e-12 8.69206694164e-13
27267.2024566 6.63003633086e-13 8.36977321346e-13
27290.4283531 7.09898822028e-13 1.03888840139e-12
27313.6542495 8.83667607112e-13 1.01716323161e-12
27336.880146 1.00288775634e-12 7.87675084026e-13
27360.1060425 6.73277745134e-13 5.62115774169e-13
27383.331939 8.04626491134e-13 1.16827834046e-13
27406.5578354 5.51639639723e-13 7.79347050925e-13
27429.7837319 1.30821717999e-12 9.73645657342e-13
27453.0096284 1.060462988e-12 1.00159330185e-12
27476.2355248 2.10950921007e-12 1.34354255363e-12
27499.4614213 2.69002358951e-13 8.50893849163e-13
27522.6873178 1.32874652452e-12 9.45769248958e-13
27545.9132143 2.81033754504e-13 1.03273303785e-12
27569.1391107 1.06151323825e-12 8.46628074938e-13
27592.3650072 4.14888640163e-13 1.30734705948e-13
27615.5909037 1.11374133074e-12 1.55641681279e-13
27638.8168001 8.93279001606e-13 4.63072736403e-13
27662.0426966 7.06158696881e-13 5.00503277002e-13
27685.2685931 4.36103980897e-13 9.26310881792e-13
27708.4944895 8.75012348237e-13 6.59153054769e-13
27731.720386 3.66971421382e-13 3.08677125062e-13
27754.9462825 3.63070721449e-13 3.7138507136e-13
27778.172179 8.68269563505e-13 4.22884556356e-13
27801.3980754 7.14609477153e-13 4.92095700954e-13
27824.6239719 5.36154095597e-13 7.60642234763e-13
27847.8498684 5.371655188e-13 1.53206682402e-13
27871.0757648 6.56336957653e-13 3.48417262054e-13
27894.3016613 2.96899609532e-13 2.1635665316e-13
27917.5275578 6.06394906702e-13 3.59584594297e-13
27940.7534543 2.04842640273e-13 2.41835333986e-13
27963.9793507 1.40934947003e-13 3.22159421379e-13
27987.2052472 4.08478074307e-13 4.01346784839e-13
28010.4311437 3.6854857612e-13 3.5250784668e-13
28033.6570401 3.5125659663e-13 4.47228161256e-13
28056.8829366 3.39794113588e-13 3.91229060665e-13
28080.1088331 5.47131484233e-13 5.52650085763e-13
28103.3347296 1.33859676171e-13 1.5217645412e-13
28126.560626 4.80382665503e-13 1.41739133518e-13
28149.7865225 1.46632732437e-13 5.44785833269e-13
28173.012419 1.14544684435e-13 5.29489606489e-13
28196.2383154 4.99551917871e-13 2.10808704797e-13
28219.4642119 2.64737743405e-13 3.78359123635e-13
28242.6901084 6.29342612121e-13 1.89680679781e-13
28265.9160048 4.07591774369e-13 4.86045677763e-14
28289.1419013 1.58289222838e-13 1.40005244997e-13
28312.3677978 4.08451043909e-13 4.29685486052e-13
28335.5936943 4.29572146137e-13 4.36429620305e-13
28358.8195907 5.51916333008e-13 5.63502802702e-13
28382.0454872 4.12692238204e-13 4.67317946544e-13
28405.2713837 1.87389914042e-13 3.26207584112e-13
28428.4972801 3.72717875234e-14 3.15148652539e-13
28451.7231766 3.62802225965e-13 2.86879437538e-13
28474.9490731 3.74745442848e-13 1.90444740858e-13
28498.1749696 3.76694030858e-13 2.91134419542e-13
28521.400866 4.21493688793e-13 3.64886796807e-13
28544.6267625 2.12570200655e-13 1.80832628756e-13
28567.852659 3.53867090278e-13 4.58293728488e-13
28591.0785554 2.5677515534e-13 3.32807019373e-13
28614.3044519 6.03473136648e-13 1.45869306104e-13
28637.5303484 2.0654138473e-13 5.4255463504e-13
28660.7562448 4.56953925603e-13 5.5566061248e-13
28683.9821413 1.07647995437e-13 4.13927142745e-13
28707.2080378 1.11353195844e-13 5.07777573959e-13
28730.4339343 4.0222881932e-13 2.26688881446e-13
28753.6598307 6.1103594284e-15 1.4277932802e-13
28776.8857272 3.14142627731e-13 2.30126190799e-14
28800.1116237 2.35399391148e-13 3.06940469102e-13
28823.3375201 1.79920303529e-13 4.51044315197e-13
28846.5634166 4.64098913395e-13 2.77767588917e-13
28869.7893131 2.09341424107e-13 3.40756623889e-13
28893.0152096 3.89771005632e-13 2.37134791043e-13
28916.241106 6.81785287407e-14 2.51978163416e-13
28939.4670025 2.26363828531e-13 4.89767068044e-14
28962.692899 2.5015670604e-13 2.78157253365e-13
28985.9187954 5.40903196003e-14 1.19204940695e-13
29009.1446919 2.69122868976e-13 1.9828786866e-13
29032.3705884 1.23011076296e-13 1.56327914519e-13
29055.5964849 1.83248082185e-13 4.85231490893e-14
29078.8223813 1.91951453916e-13 2.42768409405e-13
29102.0482778 2.87982601567e-13 1.17611704949e-13
29125.2741743 1.89069316564e-13 1.19734774621e-13
29148.5000707 2.06466917669e-13 2.70904865016e-13
29171.7259672 2.29260263155e-13 7.07764775948e-14
29194.9518637 1.14047400861e-13 2.36245010393e-13
29218.1777601 8.64535686505e-14 6.9552115312e-14
29241.4036566 1.04245771529e-13 1.63888220741e-13
29264.6295531 2.01682173717e-13 1.52302867959e-13
29287.8554496 2.18370605288e-13 1.45178350203e-13
29311.081346 2.56166645056e-13 4.34367120074e-14
29334.3072425 1.0540372555e-13 1.16539708857e-13
29357.533139 1.0333029751e-13 8.10895380564e-14
29380.7590354 1.48552039498e-13 1.39714799421e-13
29403.9849319 1.22258660419e-13 1.72862315364e-13
29427.2108284 1.09459404373e-13 7.19927027796e-14
29450.4367249 1.11800361146e-13 6.89371487077e-14
29473.6626213 2.45460920889e-13 1.06631610544e-13
29496.8885178 1.45491719977e-13 2.50656036761e-14
29520.1144143 1.37587384309e-13 4.9119695875e-14
29543.3403107 2.30657766029e-13 7.79757259648e-14
29566.5662072 7.69549490517e-14 9.76903607282e-14
29589.7921037 5.46700516764e-14 1.00848900298e-13
29613.0180001 2.47629110709e-13 1.87546150719e-13
29636.2438966 7.63043691846e-14 5.63395180094e-14
29659.4697931 9.46926285341e-14 1.2158494565e-13
29682.6956896 6.91643052741e-14 1.07255799923e-13
29705.921586 5.50920293348e-14 1.28821358488e-13
29729.1474825 4.17062738691e-14 1.40357053458e-13
29752.373379 3.76138665986e-14 9.63451260047e-14
29775.5992754 7.68604397928e-14 3.56881830178e-14
29798.8251719 1.38707880292e-13 9.45749612805e-14
29822.0510684 8.10088864972e-14 1.04747856623e-13
29845.2769649 9.70296561254e-14 7.71409912285e-14
29868.5028613 3.32694137389e-14 1.69338169875e-13
29891.7287578 3.37478118607e-14 6.31840776676e-14
29914.9546543 1.51415870875e-13 1.12080828631e-13
29938.1805507 9.54818029905e-14 3.19230261399e-14
29961.4064472 3.92131720019e-14 7.80645808423e-15
29984.6323437 1.68957237531e-13 1.5969401352e-14
30007.8582401 8.89802581389e-14 6.86346018796e-14
30031.0841366 1.8407239384e-13 3.30345864863e-14
30054.3100331 8.77611118299e-14 4.91070037755e-14
30077.5359296 1.27530480909e-13 3.06531051133e-14
30100.761826 3.13366142894e-14 4.61690227853e-14
30123.9877225 6.1957505607e-14 8.39787303511e-14
30147.213619 8.90964319007e-14 9.89816492678e-14
30170.4395154 5.36729931447e-14 5.0756077182e-14
30193.6654119 6.59977575755e-14 2.01281673453e-14
30216.8913084 3.30427342467e-14 5.55928773174e-14
30240.1172049 4.0162877282e-14 6.83377594759e-14
30263.3431013 3.15505289049e-14 7.30117048772e-14
30286.5689978 6.36074802944e-14 5.22985563851e-14
30309.7948943 5.35948358372e-14 3.22338907905e-14
30333.0207907 5.73869058477e-14 7.26117492678e-14
30356.2466872 3.168835606e-14 4.51916023607e-14
30379.4725837 2.95290751948e-14 4.01750128368e-14
30402.6984802 1.4401062921e-14 1.78414219237e-14
30425.9243766 4.22262838858e-14 6.55177592063e-14
30449.1502731 2.13138148e-14 7.19870997164e-14
30472.3761696 2.45759782081e-14 3.49150674883e-14
30495.602066 3.83903912157e-14 2.28789360893e-14
30518.8279625 4.37469775233e-14 8.05183815033e-14
30542.053859 7.06428123183e-14 6.34877968644e-14
30565.2797554 4.4928459909e-14 9.02031150221e-15
30588.5056519 5.12920172644e-14 3.3928118375e-14
30611.7315484 3.55121500087e-14 5.53452589742e-14
30634.9574449 6.07840511799e-14 4.69967558684e-14
30658.1833413 1.15405957452e-14 4.96005922371e-14
30681.4092378 4.32812756714e-14 5.76000743069e-14
30704.6351343 3.55303036442e-14 2.86567683829e-14
30727.8610307 2.03216177259e-14 4.33493176512e-14
30751.0869272 1.11924630113e-13 6.85541576618e-14
30774.3128237 2.5255475482e-14 5.46484909582e-14
30797.5387202 6.10086530793e-14 7.71062219667e-14
30820.7646166 4.71774705383e-14 6.44142348165e-14
30843.9905131 2.69130514586e-14 6.0512864059e-14
30867.2164096 1.26156398047e-14 2.62928482652e-14
30890.442306 3.23965312085e-14 5.14697182995e-14
30913.6682025 1.64310602761e-14 5.33328754052e-14
30936.894099 2.62420654054e-14 3.26156948875e-14
30960.1199954 8.76488882354e-14 3.53532756199e-14
30983.3458919 7.30228727905e-14 5.2136499499e-14
31006.5717884 4.72629336959e-14 2.4219221944e-14
31029.7976849 3.32272814547e-14 9.01448259256e-14
31053.0235813 9.14374146275e-14 4.7123056569e-14
31076.2494778 4.91696392533e-14 6.11507461417e-14
31099.4753743 6.06765217665e-14 4.17883404944e-14
31122.7012707 9.68843393132e-15 6.76460180838e-15
31145.9271672 3.79529732278e-14 6.92508458536e-15
31169.1530637 8.63015424383e-15 1.98721670317e-14
31192.3789602 3.24900411093e-14 4.68166551801e-14
31215.6048566 5.74258903874e-14 4.25669483773e-14
31238.8307531 3.92834872014e-14 3.71778460687e-14
31262.0566496 2.26055904437e-14 3.99966815346e-14
31285.282546 4.41470069101e-14 2.06932011956e-14
31308.5084425 4.35729135208e-14 2.07051979614e-14
31331.734339 3.0910560505e-14 1.75547896988e-14
31354.9602355 6.62739341315e-14 1.74958295604e-14
31378.1861319 6.01531469785e-14 2.83110835155e-14
31401.4120284 5.84830376012e-14 3.426171331e-14
31424.6379249 3.38342685338e-14 6.23206073555e-14
31447.8638213 2.43957007527e-14 3.2968412178e-15
31471.0897178 2.37721788379e-14 1.28645678125e-14
31494.3156143 2.69161545124e-14 7.95933323806e-15
31517.5415107 1.32727486706e-14 3.06390208052e-14
31540.7674072 4.0071133822e-14 4.54276607431e-14
31563.9933037 5.94485372419e-14 8.14827599724e-14
31587.2192002 5.93439175132e-14 3.88203751509e-14
31610.4450966 4.52241157708e-14 1.79574478895e-14
31633.6709931 6.01597677409e-14 3.50533735004e-14
31656.8968896 6.25975507882e-16 3.02914930313e-14
31680.122786 3.33913786175e-14 7.11390276664e-16
31703.3486825 5.36895139406e-14 4.68366532287e-14
31726.574579 3.76729344852e-15 2.8834869751e-14
31749.8004755 2.16827254629e-14 7.73994605652e-15
31773.0263719 2.00512816276e-14 1.66779518499e-14
31796.2522684 1.50461976481e-14 6.00032039153e-15
31819.4781649 7.8748889987e-16 2.37317286152e-14
31842.7040613 5.82563477265e-14 5.71601775365e-14
31865.9299578 5.10583917211e-14 4.71482128215e-14
31889.1558543 3.3933545099e-14 4.77873359456e-14
31912.3817507 1.13936483805e-14 4.24573143309e-14
31935.6076472 3.53110121241e-14 2.80712257444e-14
31958.8335437 3.73966081431e-14 3.89554292454e-14
31982.0594402 8.23677699554e-14 5.60980759877e-14
32005.2853366 1.93126662933e-14 3.83603518756e-14
32028.5112331 1.43023146972e-14 1.95617560664e-14
32051.7371296 2.68439364785e-14 1.51848621861e-14
32074.963026 3.64288682845e-14 1.59894629647e-14
32098.1889225 2.37055112981e-14 4.13307441519e-15
32121.414819 2.49302217484e-14 1.50664828729e-14
32144.6407155 2.23040505767e-14 2.13500537561e-14
32167.8666119 9.24544989544e-15 1.82392621661e-14
32191.0925084 1.09749586414e-14 2.85614706405e-14
32214.3184049 4.7668375672e-15 1.22391391671e-14
32237.5443013 1.5161776086e-14 2.19358618594e-14
32260.7701978 2.87181557906e-14 2.31660712562e-14
32283.9960943 4.03955054009e-14 2.35592767753e-14
32307.2219907 2.94212544231e-14 2.89998295555e-14
32330.4478872 1.47735955105e-14 4.14345546184e-14
32353.6737837 1.95517566149e-14 2.6532382287e-14
32376.8996802 7.83375775355e-15 1.64786620693e-14
32400.1255766 3.62049912843e-14 2.13293137352e-14
32423.3514731 2.46699274451e-14 2.14341778485e-14
32446.5773696 2.2987487513e-14 1.42714289814e-14
32469.803266 3.11256774805e-14 5.37356821243e-15
32493.0291625 1.00965463178e-14 1.0191106246e-14
32516.255059 2.41516933283e-14 1.63369355471e-14
32539.4809555 3.45056452899e-14 7.20856968576e-15
32562.7068519 2.74139734089e-14 1.26572140936e-14
32585.9327484 1.68881055847e-14 1.86396903175e-14
32609.1586449 1.37948958826e-14 2.54793256271e-14
32632.3845413 2.46718154717e-14 1.00426020526e-14
32655.6104378 2.70832139047e-14 1.84083368328e-14
32678.8363343 1.78689129823e-14 6.31882194306e-15
32702.0622308 2.52169522895e-14 3.13966368003e-15
32725.2881272 1.48607159979e-14 3.29280467164e-15
32748.5140237 5.68428141316e-15 1.89208355656e-14
32771.7399202 1.66456236562e-14 1.01553745641e-14
32794.9658166 7.69462820151e-15 1.30955857069e-14
32818.1917131 1.72154105101e-14 6.07988046842e-15
32841.4176096 2.20496914118e-14 6.45084886067e-15
32864.643506 2.19967116629e-14 1.7840154888e-15
32887.8694025 1.35317240829e-14 1.51854202438e-14
32911.095299 2.64158535396e-14 6.17634110975e-15
32934.3211955 2.24326877343e-14 9.06818992688e-15
32957.5470919 1.91421313335e-14 4.61748674462e-16
32980.7729884 2.25839021298e-14 2.79451544428e-15
33003.9988849 2.60882822422e-14 1.26272716122e-14
33027.2247813 1.36894670422e-14 1.16355020729e-14
33050.4506778 1.90330370555e-14 9.88427955805e-15
33073.6765743 1.53644030145e-14 6.37505422579e-15
33096.9024708 7.3380172084e-15 1.03378729964e-14
33120.1283672 7.50787917816e-15 2.48331000978e-15
33143.3542637 9.96442726136e-15 1.46415494102e-14
33166.5801602 1.34091797986e-14 6.83312194088e-15
33189.8060566 5.90448618947e-15 3.11548641514e-15
33213.0319531 7.87767593418e-15 8.59790005734e-15
33236.2578496 3.81901113392e-15 6.77070120957e-15
33259.483746 1.99835251588e-16 6.65969417936e-15
33282.7096425 4.86074835491e-15 3.04440191381e-15
33305.935539 2.29509073592e-15 1.3264331448e-15
33329.1614355 1.26013726232e-14 4.14079118116e-15
33352.3873319 1.11488226678e-14 9.68498720583e-15
33375.6132284 1.55980964033e-14 3.36793961805e-15
33398.8391249 9.56916337734e-15 1.00816375688e-14
33422.0650213 4.96710489979e-15 1.42600372372e-14
33445.2909178 2.07514447328e-14 8.16205733009e-15
33468.5168143 1.84830651355e-14 2.05160519085e-14
33491.7427108 1.91915975169e-14 1.2168750457e-14
33514.9686072 1.31984247333e-14 1.36341519257e-14
33538.1945037 1.14049911936e-14 9.98781997623e-15
33561.4204002 1.24559387232e-14 4.323830832e-15
33584.6462966 2.93281159126e-14 9.79953282562e-15
33607.8721931 1.42357178395e-14 1.27631961759e-14
33631.0980896 1.35536169649e-14 7.18703121066e-15
33654.3239861 2.03286868328e-14 1.90086405176e-15
33677.5498825 6.27214072194e-15 2.8631219946e-15
33700.775779 1.31348002951e-14 6.99955583164e-15
33724.0016755 6.68071387713e-15 1.33072932055e-15
33747.2275719 7.71537346854e-15 1.2305615656e-14
33770.4534684 1.49953188038e-14 9.52935802703e-15
33793.6793649 1.34838265535e-14 4.37430185108e-15
33816.9052613 2.47554709791e-15 4.1682930342e-15
33840.1311578 2.98072923949e-15 5.77559252194e-15
33863.3570543 1.151048791e-14 1.09031478653e-14
33886.5829508 9.93524776203e-15 3.95865646846e-15
33909.8088472 1.60568262665e-14 1.03118929926e-14
33933.0347437 7.79680912033e-15 7.6910719864e-15
33956.2606402 9.98757097691e-15 3.06152336897e-15
33979.4865366 1.56647566819e-14 4.58812015166e-15
34002.7124331 1.69177094022e-14 4.54003448203e-15
34025.9383296 1.64068589341e-14 8.83976898452e-15
34049.1642261 8.95695716392e-15 2.39318360975e-15
34072.3901225 6.36177776144e-15 4.90072593972e-15
34095.616019 1.55269519744e-14 4.65860405734e-15
34118.8419155 1.11340216761e-14 4.09652372847e-15
34142.0678119 6.34745848194e-15 2.69428865085e-15
34165.2937084 9.22408466229e-15 4.16811343662e-15
34188.5196049 1.77049203127e-14 6.48525737995e-15
34211.7455013 6.82061803376e-15 4.90238668454e-15
34234.9713978 2.06172582998e-15 7.28164644579e-15
34258.1972943 5.32182392218e-15 6.05203866837e-15
34281.4231908 1.04853527452e-14 3.88893577884e-15
34304.6490872 8.4583223595e-15 4.83285242845e-15
34327.8749837 2.64394431903e-15 4.15604714298e-15
34351.1008802 6.59489773081e-15 1.04253142138e-14
34374.3267766 1.48681515068e-14 6.4399621845e-15
34397.5526731 1.18781190405e-14 9.13416768303e-15
34420.7785696 1.00463834428e-14 5.2115556986e-15
34444.0044661 1.11678133e-14 6.23400947913e-16
34467.2303625 1.1483968191e-14 4.09396755783e-16
34490.456259 1.8647184321e-14 1.52818800425e-15
34513.6821555 1.56632448649e-14 2.26617097703e-15
34536.9080519 1.4544754898e-14 1.52805750061e-15
34560.1339484 1.50877015444e-14 8.26377513439e-15
34583.3598449 1.27647858557e-14 3.8269236123e-15
34606.5857413 1.13441217071e-14 6.8590316644e-15
34629.8116378 1.70628619155e-14 1.23336522005e-15
34653.0375343 1.31272491247e-14 3.09706253925e-15
34676.2634308 6.25405494768e-15 7.76044801548e-15
34699.4893272 7.96681824542e-15 2.42428579956e-15
34722.7152237 8.24855591908e-15 1.72539768287e-15
34745.9411202 5.04170866168e-15 2.63292182467e-15
34769.1670166 3.50288110074e-15 3.68861927359e-15
34792.3929131 3.33904212118e-15 3.04018428727e-15
34815.6188096 3.29303068061e-15 4.6212923961e-16
34838.8447061 4.94203424695e-15 1.85163026961e-15
34862.0706025 4.7883186391e-15 2.57462147226e-15
34885.296499 6.50309954122e-15 1.33343833472e-15
34908.5223955 7.46983822067e-15 3.65605182465e-15
34931.7482919 1.09060233943e-14 2.25974382405e-15
34954.9741884 1.09862174749e-14 5.22609175084e-15
34978.2000849 1.00299575017e-14 5.74199311035e-15
35001.4259814 9.72747296288e-15 2.53072868626e-15
35024.6518778 1.37905476673e-14 1.4833750773e-15
35047.8777743 1.47738943005e-14 2.38913871479e-15
35071.1036708 1.13313537555e-14 4.04020010673e-15
35094.3295672 1.38004058548e-14 2.4045062562e-15
35117.5554637 1.47757240221e-14 9.89243016393e-16
35140.7813602 1.16789657845e-14 4.36731856515e-15
35164.0072566 1.19498113856e-14 1.02649767217e-15
35187.2331531 1.11518819082e-14 3.12688529726e-15
35210.4590496 9.00651593382e-15 3.51889387446e-15
35233.6849461 5.58246893094e-15 1.15358881062e-15
35256.9108425 7.52577734613e-15 2.00038749778e-15
35280.136739 3.86433464783e-15 2.40595406184e-15
35303.3626355 4.82411885866e-15 2.26373845895e-15
35326.5885319 5.8581382792e-15 1.3128284163e-15
35349.8144284 6.47025457804e-15 3.83576292324e-15
35373.0403249 6.42746598027e-15 2.69256633951e-15
35396.2662214 7.6917166661e-15 1.64551739574e-15
35419.4921178 8.81981629844e-15 1.94953421752e-15
35442.7180143 1.04412121193e-14 3.50317595462e-15
35465.9439108 1.13705104909e-14 2.35471937212e-15
35489.1698072 1.15246005549e-14 2.45868468834e-15
35512.3957037 1.22209235045e-14 4.76568335349e-15
35535.6216002 1.28613206331e-14 3.50007351324e-15
35558.8474966 1.3475680869e-14 2.43213786374e-15
35582.0733931 1.05249578127e-14 2.19801447747e-15
35605.2992896 1.35933030799e-14 4.96814266875e-15
35628.5251861 1.20365749705e-14 2.54327721028e-15
35651.7510825 1.00062391437e-14 2.82148623997e-15
35674.976979 8.25212422672e-15 2.63229335373e-15
35698.2028755 1.05742670484e-14 3.47767656631e-15
35721.4287719 6.49840951788e-15 1.90964336179e-15
35744.6546684 5.44887432689e-15 2.91165576704e-15
35767.8805649 5.38211990232e-15 2.12305264867e-15
35791.1064614 4.54009426729e-15 2.13609016816e-15
35814.3323578 2.78147538653e-15 1.93983677755e-15
35837.5582543 3.9445951111e-15 3.5763980124e-15
35860.7841508 5.5494037565e-15 3.51443725232e-15
35884.0100472 7.27259537858e-15 3.28566585505e-15
35907.2359437 8.79687690112e-15 2.14510099079e-15
35930.4618402 7.9754270606e-15 3.69477348729e-15
35953.6877366 1.00704184872e-14 2.67514131215e-15
35976.9136331 1.07073154874e-14 2.39516673151e-15
36000.1395296 1.129232635e-14 1.80610665204e-15
36023.3654261 1.37329039744e-14 3.44682285315e-15
36046.5913225 1.25462774441e-14 3.19055322075e-15
36069.817219 1.27745542885e-14 3.06622080662e-15
36093.0431155 1.23132413311e-14 2.49843401588e-15
36116.2690119 1.20738004863e-14 4.14082593957e-15
36139.4949084 1.044067808e-14 2.39428636647e-15
36162.7208049 1.06303427931e-14 2.38778694743e-15
36185.9467014 8.70234896775e-15 1.91432992967e-15
36209.1725978 8.57550819352e-15 3.37602240293e-15
36232.3984943 6.63051468166e-15 2.01740418324e-15
36255.6243908 5.61807406653e-15 2.34722865599e-15
36278.8502872 3.91552659192e-15 1.40679349383e-15
36302.0761837 3.89587328968e-15 3.02180042208e-15
36325.3020802 3.79280905656e-15 2.10080346922e-15
36348.5279767 5.07811543118e-15 2.49797721266e-15
36371.7538731 6.16569584279e-15 2.31992780988e-15
36394.9797696 7.08239604617e-15 2.59565909306e-15
36418.2056661 7.90898275379e-15 2.21247816149e-15
36441.4315625 9.36856961066e-15 2.34170760249e-15
36464.657459 1.0146071888e-14 2.79011574904e-15
36487.8833555 1.12353931966e-14 2.31287868769e-15
36511.1092519 1.18326909083e-14 2.30081815409e-15
36534.3351484 1.19140376904e-14 2.72645664509e-15
36557.5610449 1.20155662389e-14 3.18878034749e-15
36580.7869414 1.19461730917e-14 2.45979537325e-15
36604.0128378 1.16645316823e-14 2.81180297302e-15
36627.2387343 1.10727048551e-14 2.35584423133e-15
36650.4646308 1.04832605677e-14 2.87248843398e-15
36673.6905272 9.67399228247e-15 2.33832725933e-15
36696.9164237 8.43497055267e-15 2.6300384625e-15
36720.1423202 7.1602725102e-15 2.05480400603e-15
36743.3682167 6.04049887884e-15 2.31498572427e-15
36766.5941131 4.77484242431e-15 1.9880078633e-15
36789.8200096 4.20047869966e-15 1.97344144443e-15
36813.0459061 3.91745740878e-15 2.28254451457e-15
36836.2718025 4.45579043931e-15 2.03991174264e-15
36859.497699 5.16675874588e-15 2.2203924378e-15
36882.7235955 6.25330798844e-15 2.32011920735e-15
36905.9494919 7.62159629062e-15 2.53477602427e-15
36929.1753884 8.72801369645e-15 2.34911541537e-15
36952.4012849 9.71897819686e-15 2.43123637357e-15
36975.6271814 1.03982875778e-14 2.73066971045e-15
36998.8530778 1.11595352845e-14 2.74949577385e-15
37022.0789743 1.16941716333e-14 2.79457826251e-15
37045.3048708 1.15513791332e-14 2.51941301012e-15
37068.5307672 1.15539598254e-14 2.95341056928e-15
37091.7566637 1.15313346321e-14 2.87617569101e-15
37114.9825602 1.07881953462e-14 2.78066965616e-15
37138.2084567 1.04024090469e-14 2.61269947769e-15
37161.4343531 9.62930139606e-15 2.50124202392e-15
37184.6602496 8.8491888222e-15 2.64054589876e-15
37207.8861461 7.31724598593e-15 2.20842188221e-15
37231.1120425 6.30705619035e-15 2.154012979e-15
37254.337939 5.12251160557e-15 2.3027532911e-15
37277.5638355 4.30007084281e-15 2.17844887503e-15
37300.789732 3.59296943194e-15 2.07706705488e-15
37324.0156284 4.00840483218e-15 2.03309345772e-15
37347.2415249 4.89385110013e-15 1.89575602467e-15
37370.4674214 5.77967312171e-15 2.24032846167e-15
37393.6933178 6.95661350902e-15 2.08553705507e-15
37416.9192143 7.86441624954e-15 2.17602934924e-15
37440.1451108 9.32580849744e-15 2.21456032713e-15
37463.3710072 9.7292408811e-15 2.30397498031e-15
37486.5969037 1.07244151262e-14 2.49730126948e-15
37509.8228002 1.13359529108e-14 2.4570637372e-15
37533.0486967 1.14179666867e-14 2.73241092979e-15
37556.2745931 1.16476010307e-14 2.5153586425e-15
37579.5004896 1.13837140801e-14 2.54078834786e-15
37602.7263861 1.11102348137e-14 2.56480754143e-15
37625.9522825 1.06464855649e-14 2.47112261487e-15
37649.178179 1.00394345721e-14 2.41096209055e-15
37672.4040755 8.92978105415e-15 2.24620168093e-15
37695.629972 7.99859493653e-15 2.16410803048e-15
37718.8558684 6.94152571024e-15 2.01782716921e-15
37742.0817649 5.74081040272e-15 2.11411149648e-15
37765.3076614 4.73643040391e-15 2.03293552353e-15
37788.5335578 3.97956353656e-15 1.99086499982e-15
37811.7594543 3.728759386e-15 1.88482195369e-15
37834.9853508 4.37800518052e-15 2.06863696416e-15
37858.2112472 5.00303402602e-15 2.08205359586e-15
37881.4371437 6.03105299115e-15 2.16292774662e-15
37904.6630402 7.15683811476e-15 2.30771707274e-15
37927.8889367 8.21812667955e-15 2.47368991263e-15
37951.1148331 9.22426791493e-15 2.47647542613e-15
37974.3407296 9.94400020147e-15 2.51117999657e-15
37997.5666261 1.05068988465e-14 2.67826126862e-15
38020.7925225 1.09219884355e-14 2.67662541314e-15
38044.018419 1.11184204637e-14 2.71771509278e-15
38067.2443155 1.11734287628e-14 2.74761650875e-15
38090.470212 1.09801377111e-14 2.72683711514e-15
38113.6961084 1.04348355218e-14 2.58529918554e-15
38136.9220049 9.97276661765e-15 2.63662732351e-15
38160.1479014 9.09361046348e-15 2.50721954883e-15
38183.3737978 8.15943104818e-15 2.44512919004e-15
38206.5996943 7.19881980949e-15 2.38808195601e-15
38229.8255908 6.03901160621e-15 2.17441873587e-15
38253.0514872 5.06978474136e-15 2.0904124932e-15
38276.2773837 4.2492690663e-15 2.03173848114e-15
38299.5032802 3.81985697591e-15 1.96069450123e-15
38322.7291767 4.03572390391e-15 1.96367913242e-15
38345.9550731 4.66672226604e-15 2.00871018189e-15
38369.1809696 5.64306255219e-15 1.97572949298e-15
38392.4068661 6.68432172333e-15 2.0135935025e-15
38415.6327625 7.72338915561e-15 2.09093273056e-15
38438.858659 8.68174162409e-15 2.23656530621e-15
38462.0845555 9.56379466139e-15 2.25667525807e-15
38485.310452 1.01978215431e-14 2.34023030766e-15
38508.5363484 1.07667708568e-14 2.38890224571e-15
38531.7622449 1.10048324925e-14 2.3925448465e-15
38554.9881414 1.11381482724e-14 2.43305350736e-15
38578.2140378 1.09925245226e-14 2.39508571246e-15
38601.4399343 1.07028229006e-14 2.36390132899e-15
38624.6658308 1.01783592165e-14 2.35199149736e-15
38647.8917273 9.52873141964e-15 2.2465224905e-15
38671.1176237 8.6798544381e-15 2.18657086398e-15
38694.3435202 7.69646873289e-15 2.12770216791e-15
38717.5694167 6.61543548517e-15 2.03931389614e-15
38740.7953131 5.61743050886e-15 1.97197889093e-15
38764.0212096 4.6700924878e-15 1.92094091111e-15
38787.2471061 3.99047004405e-15 1.87105490293e-15
38810.4730025 3.7648268943e-15 1.91635622888e-15
38833.698899 4.17893866724e-15 1.92891415161e-15
38856.9247955 4.96074917884e-15 2.02103032566e-15
38880.150692 5.95481566645e-15 2.11675705422e-15
38903.3765884 6.9402658607e-15 2.17188012595e-15
38926.6024849 7.93845810591e-15 2.29392625508e-15
38949.8283814 8.81749619134e-15 2.39851603513e-15
38973.0542778 9.54364236847e-15 2.45446484303e-15
38996.2801743 1.01434696018e-14 2.53547536902e-15
39019.5060708 1.0528418989e-14 2.57275912947e-15
39042.7319673 1.07336030386e-14 2.62342388395e-15
39065.9578637 1.07207582899e-14 2.60138208936e-15
39089.1837602 1.04870220911e-14 2.60454352136e-15
39112.4096567 1.01141532338e-14 2.54688311882e-15
39135.6355531 9.52368623958e-15 2.4754555582e-15
39158.8614496 8.77931444783e-15 2.3989458295e-15
39182.0873461 7.91249361873e-15 2.29975372644e-15
39205.3132425 6.92209374597e-15 2.21882730005e-15
39228.539139 5.91008486239e-15 2.10362143053e-15
39251.7650355 4.95458045323e-15 2.0213564365e-15
39274.990932 4.20682392954e-15 1.93544759392e-15
39298.2168284 3.82740866133e-15 1.89896473991e-15
39321.4427249 4.00253609107e-15 1.88095099279e-15
39344.6686214 4.63196423638e-15 1.8859989596e-15
39367.8945178 5.52809374943e-15 1.92277901096e-15
39391.1204143 6.54208665628e-15 1.97623148557e-15
39414.3463108 7.52206292365e-15 2.04815399402e-15
39437.5722073 8.43056229258e-15 2.11535461297e-15
39460.7981037 9.24055432655e-15 2.20140061225e-15
39484.0240002 9.88424642881e-15 2.26578172251e-15
39507.2498967 1.03550506292e-14 2.31209395062e-15
39530.4757931 1.06288512873e-14 2.34071886771e-15
39553.7016896 1.07288128722e-14 2.34988781079e-15
39576.9275861 1.06096604856e-14 2.33443078632e-15
39600.1534826 1.03024252787e-14 2.31092867641e-15
39623.379379 9.81180334999e-15 2.25943262622e-15
39646.6052755 9.15524349132e-15 2.19721138466e-15
39669.831172 8.350368673e-15 2.1262277921e-15
39693.0570684 7.42883046783e-15 2.05314769131e-15
39716.2829649 6.43244413731e-15 1.97271000555e-15
39739.5088614 5.44089273397e-15 1.90965665817e-15
39762.7347578 4.55892638287e-15 1.86861894067e-15
39785.9606543 3.95090553569e-15 1.84895800249e-15
39809.1865508 3.80609381084e-15 1.85139976726e-15
39832.4124473 4.18297059032e-15 1.89220631932e-15
39855.6383437 4.93474301294e-15 1.95405235344e-15
39878.8642402 5.86650716339e-15 2.030112337e-15
39902.0901367 6.84678454474e-15 2.11822838842e-15
39925.3160331 7.77620745065e-15 2.20928558299e-15
39948.5419296 8.61818396493e-15 2.30607831931e-15
39971.7678261 9.32308057299e-15 2.37914046684e-15
39994.9937226 9.87037339595e-15 2.44672915428e-15
40018.219619 1.02432617134e-14 2.49150519032e-15
40041.4455155 1.04213439416e-14 2.51800458122e-15
40064.671412 1.04076911856e-14 2.51516545657e-15
40087.8973084 1.01982033222e-14 2.49312337185e-15
40111.1232049 9.80171409167e-15 2.44808481338e-15
40134.3491014 9.23660716657e-15 2.37902353837e-15
40157.5749978 8.50948971978e-15 2.30616769369e-15
40180.8008943 7.66336464578e-15 2.21743332397e-15
40204.0267908 6.73116538466e-15 2.12582458362e-15
40227.2526873 5.76117962277e-15 2.03592170017e-15
40250.4785837 4.85742011807e-15 1.95370775154e-15
40273.7044802 4.15349556341e-15 1.89134622966e-15
40296.9303767 3.82876633762e-15 1.85513775694e-15
40320.1562731 4.01119713646e-15 1.84354505712e-15
40343.3821696 4.63099234913e-15 1.86351024555e-15
40366.6080661 5.49670809605e-15 1.90945789934e-15
40389.8339626 6.45860074143e-15 1.96751999687e-15
40413.059859 7.40657644563e-15 2.03920934446e-15
40436.2857555 8.28025239211e-15 2.1129201422e-15
40459.511652 9.0415301729e-15 2.18436441674e-15
40482.7375484 9.6548040101e-15 2.2469150669e-15
40505.9634449 1.0098734606e-14 2.29220514037e-15
40529.1893414 1.03651029306e-14 2.32217317047e-15
40552.4152378 1.04365258328e-14 2.32953171155e-15
40575.6411343 1.03186749229e-14 2.31659860965e-15
40598.8670308 1.00119962642e-14 2.2813228712e-15
40622.0929273 9.52680795874e-15 2.23206417637e-15
40645.3188237 8.8784512498e-15 2.16964840812e-15
40668.5447202 8.0881998105e-15 2.09698667248e-15
40691.7706167 7.19382515286e-15 2.01906055248e-15
40714.9965131 6.23841347181e-15 1.94443096687e-15
40738.2224096 5.29154803178e-15 1.87743305698e-15
40761.4483061 4.46211432533e-15 1.83183807355e-15
40784.6742026 3.9189071206e-15 1.80997983784e-15
40807.900099 3.82821458895e-15 1.81621227015e-15
40831.1259955 4.22822215741e-15 1.84838182462e-15
40854.351892 4.97097998625e-15 1.90587341809e-15
40877.5777884 5.87865976316e-15 1.97995011383e-15
40900.8036849 6.826383494e-15 2.06626079533e-15
40924.0295814 7.72905847282e-15 2.15600611258e-15
40947.2554779 8.53900317018e-15 2.24030494651e-15
40970.4813743 9.21707503484e-15 2.31448780685e-15
40993.7072708 9.73808887879e-15 2.37378036379e-15
41016.9331673 1.00834018453e-14 2.41371801021e-15
41040.1590637 1.0248102013e-14 2.4322325124e-15
41063.3849602 1.02204913892e-14 2.42983299416e-15
41086.6108567 1.00062154824e-14 2.4068168559e-15
41109.8367531 9.6098959086e-15 2.36371169798e-15
41133.0626496 9.04445345963e-15 2.30287137274e-15
41156.2885461 8.32798727041e-15 2.2289311843e-15
41179.5144426 7.49296992394e-15 2.14325865317e-15
41202.740339 6.57864523668e-15 2.05671633289e-15
41225.9662355 5.64134903104e-15 1.97377272834e-15
41249.192132 4.77157545546e-15 1.90340205632e-15
41272.4180284 4.10697787767e-15 1.85360478897e-15
41295.6439249 3.82846298968e-15 1.82828517683e-15
41318.8698214 4.03755394551e-15 1.8307507468e-15
41342.0957179 4.65486611548e-15 1.85843819611e-15
41365.3216143 5.50420101709e-15 1.90818447421e-15
41388.5475108 6.43796126504e-15 1.97475665265e-15
41411.7734073 7.36100450516e-15 2.05011937533e-15
41434.9993037 8.21069527043e-15 2.12645598688e-15
41458.2252002 8.94439105967e-15 2.19822110098e-15
41481.4510967 9.53333744284e-15 2.25922345348e-15
41504.6769931 9.95768998293e-15 2.30461183794e-15
41527.9028896 1.020247166e-14 2.33169829953e-15
41551.1287861 1.02604067511e-14 2.3367952432e-15
41574.3546826 1.0130203708e-14 2.32296551196e-15
41597.580579 9.81456165054e-15 2.288447081e-15
41620.8064755 9.32470522457e-15 2.2372819878e-15
41644.032372 8.67734612486e-15 2.17064229541e-15
41667.2582684 7.89553228105e-15 2.09387327721e-15
41690.4841649 7.01151218787e-15 2.01205139188e-15
41713.7100614 6.07434828917e-15 1.93369805629e-15
41736.9359579 5.15674209844e-15 1.86701427363e-15
41760.1618543 4.371607288e-15 1.81860561445e-15
41783.3877508 3.88431863287e-15 1.79423117836e-15
41806.6136473 3.85448862925e-15 1.79581098928e-15
41829.8395437 4.29237001543e-15 1.8247854706e-15
41853.0654402 5.04735588599e-15 1.87773313341e-15
41876.2913367 5.9513393956e-15 1.94913161195e-15
41899.5172332 6.88471425957e-15 2.03085367416e-15
41922.7431296 7.77150996458e-15 2.11430244848e-15
41945.9690261 8.56191355387e-15 2.19346441676e-15
41969.1949226 9.21928402513e-15 2.26399077077e-15
41992.420819 9.72106704525e-15 2.32056744757e-15
42015.6467155 1.00507123409e-14 2.35819286554e-15
42038.872612 1.01966543683e-14 2.37489057632e-15
42062.0985084 1.01540521197e-14 2.37082214921e-15
42085.3244049 9.92574989885e-15 2.34575048553e-15
42108.5503014 9.51862096239e-15 2.30146804615e-15
42131.7761979 8.94558958498e-15 2.24002956273e-15
42155.0020943 8.22687653546e-15 2.16698463237e-15
42178.2279908 7.39128762967e-15 2.08689530733e-15
42201.4538873 6.48038295301e-15 2.00633091483e-15
42224.6797837 5.55374723385e-15 1.93248243464e-15
42247.9056802 4.70254978025e-15 1.87276424483e-15
42271.1315767 4.06859132799e-15 1.8333907786e-15
