# 1:freq 2:Re 3:Im
23.2258964707 9.11836392468e-07 6.28429787721e-06
46.4517929414 9.01675141942e-07 6.24435780091e-06
69.6776894121 1.04879201549e-06 6.48361118381e-06
92.9035858828 1.16605851147e-06 7.37826088809e-06
116.129482354 1.21256016265e-06 8.78396376486e-06
139.355378824 1.39282190383e-06 1.09359730368e-05
162.581275295 1.94460063023e-06 1.40202244599e-05
185.807171766 2.91461143507e-06 1.77945553731e-05
209.033068236 4.44961971866e-06 2.20790705986e-05
232.258964707 7.04802140957e-06 2.74509420542e-05
255.484861178 1.03462294623e-05 3.38538203745e-05
278.710757648 1.56987193895e-05 4.24512454542e-05
301.936654119 2.18731647653e-05 5.11164035864e-05
325.16255059 3.05394327992e-05 6.26822209639e-05
348.388447061 4.1078367484e-05 7.72123956063e-05
371.614343531 5.58368259427e-05 9.63392810401e-05
394.840240002 7.50127616838e-05 0.000119005008429
418.066136473 9.20048998747e-05 0.000135960599592
441.292032943 0.000108484389166 0.000150371174325
464.517929414 0.000124524431658 0.000165477413648
487.743825885 0.000138927725159 0.000179089462098
510.969722355 0.000146738182594 0.000185713889431
534.195618826 0.000153542323538 0.000192255865764
557.421515297 0.000165743682718 0.000205694048001
580.647411768 0.00019887903295 0.000240227904708
603.873308238 0.000262988596485 0.000304828960697
627.099204709 0.000362421403897 0.000403414082222
650.32510118 0.000486346517188 0.000522577300655
673.55099765 0.000626099479026 0.000655130054872
696.776894121 0.000768532762684 0.00078627120924
720.002790592 0.000907809631396 0.000912712825759
743.228687063 0.00103603178602 0.00102409176372
766.454583533 0.00111534426 0.00108845553866
789.680480004 0.00111868642499 0.00108709124777
812.906376475 0.00104982224818 0.00102651624301
836.132272945 0.00091157941734 0.000905876858764
859.358169416 0.000727000099685 0.000746284335737
882.584065887 0.000573400538498 0.000612010453447
905.809962357 0.00054224866978 0.000565934505739
929.035858828 0.000609064464906 0.000600784311623
952.261755299 0.000663608762179 0.000637411949939
975.48765177 0.000629945159039 0.000613301069168
998.71354824 0.00054422135237 0.000557294336228
1021.93944471 0.000485168488594 0.000521593738333
1045.16534118 0.000500187599551 0.000522379065247
1068.39123765 0.000553753588774 0.00054317560136
1091.61713412 0.000549131032296 0.000521217019238
1114.84303059 0.000488789439342 0.000472706047814
1138.06892706 0.000392065107854 0.000409197499141
1161.29482354 0.000350997795616 0.000383784299064
1184.52072001 0.000396599826888 0.000400810664622
1207.74661648 0.000439259808965 0.000414610458695
1230.97251295 0.000416030744383 0.000392647280869
1254.19840942 0.000339202758116 0.000346080236574
1277.42430589 0.00027647765573 0.000307663750976
1300.65020236 0.000296857269987 0.000306692735673
1323.87609883 0.000336319539484 0.00031565859491
1347.1019953 0.000330968449862 0.000305664292517
1370.32789177 0.00027192610058 0.000271086529822
1393.55378824 0.000213405188301 0.000238526798125
1416.77968471 0.000230557288746 0.000244420772063
1440.00558118 0.000272779277254 0.00025788476467
1463.23147765 0.000301294759104 0.000277162018554
1486.45737413 0.000267821010726 0.000262090911251
1509.6832706 0.000221648980744 0.000243978046961
1532.90916707 0.000236598479844 0.000256395524027
1556.13506354 0.000296155942735 0.00028732930063
1579.36096001 0.000331225953844 0.000308987439206
1602.58685648 0.000310101632676 0.000304633349503
1625.81275295 0.000266962919038 0.000289267955171
1649.03864942 0.000276075048841 0.000293299543618
1672.26454589 0.000325319802632 0.000315310733881
1695.49044236 0.00034259866016 0.000321416121199
1718.71633883 0.000313615272959 0.000311463856746
1741.9422353 0.000293251770202 0.000316435684113
1765.16813177 0.000327500211825 0.000341863768513
1788.39402824 0.000369048238911 0.00035556526602
1811.61992471 0.000372492039537 0.000354839795615
1834.84582119 0.000349070355329 0.000358319515657
1858.07171766 0.000315115608769 0.000338965895331
1881.29761413 0.00033934363357 0.000339843595382
1904.5235106 0.000335614106379 0.000317424608934
1927.74940707 0.000249113870235 0.000244447720282
1950.97530354 0.000210843516527 0.000232511424305
1974.20120001 0.000188101640128 0.000197339612419
1997.42709648 0.000190218734262 0.000177922758768
2020.65299295 0.0001915648928 0.000185096938861
2043.87888942 0.000102726206845 0.0001215496813
2067.10478589 0.000205607404872 0.00020929212722
2090.33068236 0.000214034072315 0.000198088958802
2113.55657883 0.000176351291757 0.000188643859474
2136.7824753 0.000215368512473 0.000222289596764
2160.00837178 0.00014581269778 0.000131145290858
2183.23426825 0.000177562699838 0.000170959633882
2206.46016472 0.00011416193419 0.000128923614129
2229.68606119 0.000148167216994 0.000162358672229
2252.91195766 0.000189405492933 0.000174657077743
2276.13785413 0.000119257935903 0.000123550979409
2299.3637506 0.000177048567056 0.000176604096366
2322.58964707 0.000456030555481 0.000454074591519
2345.81554354 0.000826964028718 0.000865839448593
2369.04144001 0.000616121683906 0.000620719977397
2392.26733648 0.000518254678372 0.000509300836632
2415.49323295 0.00047282319598 0.000481748799754
2438.71912942 0.000521163900728 0.000547168562726
2461.94502589 0.000429255210336 0.000423636534549
2485.17092237 0.000476691356911 0.000464644525982
2508.39681884 0.000396517982046 0.00040328135371
2531.62271531 0.000304760401394 0.000317811532593
2554.84861178 0.000315562516255 0.000317686624548
2578.07450825 0.000288424137642 0.00027683652498
2601.30040472 0.000215549309237 0.000215286920841
2624.52630119 0.000160100732645 0.000174392649182
2647.75219766 0.000125578309954 0.000124123337468
2670.97809413 6.756038405e-05 5.52581038201e-05
2694.2039906 9.69145428924e-06 1.73126946097e-05
2717.42988707 6.10977007225e-05 4.95416430521e-05
2740.65578354 6.81239508397e-05 6.6403828562e-05
2763.88168001 6.86527643683e-05 8.09306959682e-05
2787.10757648 9.34544367812e-05 9.56570035714e-05
2810.33347296 9.97767919951e-05 8.90100467555e-05
2833.55936943 8.32793308374e-05 7.85130601585e-05
2856.7852659 6.05884557885e-05 7.08484440008e-05
2880.01116237 5.66874489089e-05 6.43236990263e-05
2903.23705884 7.10044144851e-05 6.5243416681e-05
2926.46295531 7.46033685931e-05 6.56640322962e-05
2949.68885178 5.3671805112e-05 5.4787936066e-05
2972.91474825 3.37816452213e-05 4.47265904267e-05
2996.14064472 4.31774257943e-05 4.368288074e-05
3019.36654119 4.93647056603e-05 4.10567882835e-05
3042.59243766 4.34504530902e-05 3.56013237149e-05
3065.81833413 2.45644812334e-05 2.84109101284e-05
3089.0442306 2.13109763529e-05 2.93583151146e-05
3112.27012707 3.6407479566e-05 3.34412700674e-05
3135.49602355 3.85330290704e-05 2.9312655943e-05
3158.72192002 2.72717154003e-05 2.37008466461e-05
3181.94781649 1.20904152041e-05 2.00847865344e-05
3205.17371296 1.91239384612e-05 1.94732222125e-05
3228.39960943 2.64673555326e-05 1.82916401131e-05
3251.6255059 1.82499379017e-05 1.16467530161e-05
3274.85140237 4.99837036491e-06 3.75987931032e-06
3298.07729884 1.06360566615e-05 3.88616435673e-06
3321.30319531 1.03773953467e-05 2.54213096064e-06
3344.52909178 7.76959170445e-06 4.44659361923e-06
3367.75498825 1.54867123269e-05 9.22275573541e-06
3390.98088472 1.44181733116e-05 7.03175427158e-06
3414.20678119 1.04010558344e-05 5.08238733366e-06
3437.43267766 2.44512204811e-06 5.73111582469e-06
3460.65857413 1.00807434763e-05 7.37626704866e-06
3483.88447061 1.48915132988e-05 9.520863203e-06
3507.11036708 1.82019312e-05 1.1376813761e-05
3530.33626355 1.34666579775e-05 1.24879853506e-05
3553.56216002 8.34547610473e-06 1.41045953577e-05
3576.78805649 2.02627281857e-05 1.80064180085e-05
3600.01395296 2.6371789925e-05 2.01264854043e-05
3623.23984943 1.92733759223e-05 1.74248580771e-05
3646.4657459 1.00637221918e-05 1.58982778543e-05
3669.69164237 1.88043612602e-05 1.81315590606e-05
3692.91753884 2.43023358481e-05 1.86348880435e-05
3716.14343531 1.80751992922e-05 1.44554603534e-05
3739.36933178 5.74482375739e-06 1.01121280071e-05
3762.59522825 9.5521683743e-06 1.02874762227e-05
3785.82112472 1.43705825335e-05 9.94804106425e-06
3809.0470212 1.28397117194e-05 7.61602490916e-06
3832.27291767 8.83554458075e-06 6.12922067163e-06
3855.49881414 7.98442849489e-07 5.71780564913e-06
3878.72471061 8.97567065885e-06 7.89722044609e-06
3901.95060708 1.33359673259e-05 8.8516432035e-06
3925.17650355 1.11452677747e-05 7.06903388821e-06
3948.40240002 4.46889115111e-06 3.78452241109e-06
3971.62829649 2.84890586711e-06 3.39575966979e-06
3994.85419296 7.3830021893e-06 4.95600110984e-06
4018.08008943 9.8046820743e-06 5.8544805572e-06
4041.3059859 9.17792927303e-06 5.47949619811e-06
4064.53188237 4.53919526261e-06 3.93542370083e-06
4087.75777884 2.81667712772e-06 4.42886200798e-06
4110.98367531 8.8067813417e-06 6.71747757129e-06
4134.20957179 1.06388973969e-05 7.1167136752e-06
4157.43546826 7.84031193314e-06 5.56859121615e-06
4180.66136473 1.32735909583e-06 4.16137027006e-06
4203.8872612 5.55529506717e-06 5.04725353623e-06
4227.11315767 8.81613022949e-06 5.84722953538e-06
4250.33905414 8.63509372514e-06 5.29848098953e-06
4273.56495061 4.80839921169e-06 3.31811324336e-06
4296.79084708 1.22328383343e-06 2.47952390952e-06
4320.01674355 5.07345712234e-06 3.63796095051e-06
4343.24264002 7.29743586529e-06 4.43890630758e-06
4366.46853649 6.94340732817e-06 4.17756802057e-06
4389.69443296 3.60612971261e-06 2.89405422363e-06
4412.92032943 1.35955626767e-06 2.58821667141e-06
4436.1462259 5.62584938078e-06 4.15741497736e-06
4459.37212238 7.88063310957e-06 5.27471522602e-06
4482.59801885 6.2184526255e-06 4.4759276323e-06
4505.82391532 1.59622762883e-06 2.84581603864e-06
4529.04981179 3.35557936299e-06 3.00706904081e-06
4552.27570826 5.68283390124e-06 3.55923253513e-06
4575.50160473 5.39969063587e-06 3.03076857173e-06
4598.7275012 3.80742674088e-06 1.93718259807e-06
4621.95339767 1.78310920616e-06 7.35753746451e-07
4645.17929414 2.38235555081e-06 1.42428550101e-06
4668.40519061 4.49354585057e-06 2.56823373217e-06
4691.63108708 4.88405347075e-06 2.68193401735e-06
4714.85698355 3.72768689086e-06 2.0082184761e-06
4738.08288002 1.38083083753e-06 1.13746928187e-06
4761.30877649 2.26674858989e-06 1.67294540348e-06
4784.53467297 4.64528061132e-06 2.79377918496e-06
4807.76056944 5.35394832693e-06 3.22390640855e-06
4830.98646591 3.36898900819e-06 2.53576015343e-06
4854.21236238 3.15706586806e-07 1.84255114258e-06
4877.43825885 3.57087142013e-06 2.46370521016e-06
4900.66415532 4.97522582545e-06 2.97695043484e-06
4923.89005179 4.13256531955e-06 2.5621220649e-06
4947.11594826 1.70306716895e-06 1.48732291275e-06
4970.34184473 1.38101944808e-06 9.86294035631e-07
4993.5677412 3.33310811095e-06 1.68768302891e-06
5016.79363767 4.01676064085e-06 2.07114663224e-06
5040.01953414 3.21426150985e-06 1.74143246782e-06
5063.24543061 1.66454470711e-06 1.03102528247e-06
5086.47132708 1.23783063477e-06 6.83473281223e-07
5109.69722355 2.57842033366e-06 1.31544227294e-06
5132.92312003 3.09742220851e-06 1.65505536148e-06
5156.1490165 2.47955568219e-06 1.46039838611e-06
5179.37491297 1.23965257732e-06 9.1859578619e-07
5202.60080944 9.61501907428e-07 7.15027870678e-07
5225.82670591 2.43704713043e-06 1.20709846644e-06
5249.05260238 3.03826418128e-06 1.52921904847e-06
5272.27849885 2.47748739363e-06 1.37105952012e-06
5295.50439532 1.04759505177e-06 1.01311878639e-06
5318.73029179 1.26009957335e-06 1.07629230417e-06
5341.95618826 2.81049942469e-06 1.63420061712e-06
5365.18208473 3.12821569155e-06 1.83623720447e-06
5388.4079812 1.98082506773e-06 1.48249518785e-06
5411.63387767 2.60745526365e-07 9.54673697816e-07
5434.85977414 1.66221404047e-06 9.95746821905e-07
5458.08567062 2.55582262172e-06 1.34453678983e-06
5481.31156709 2.31838435562e-06 1.37833860219e-06
5504.53746356 1.29228507357e-06 1.07253379147e-06
5527.76336003 4.0141989467e-07 8.34256068084e-07
5550.9892565 1.85486679312e-06 1.06380977796e-06
5574.21515297 2.51244357654e-06 1.35507390812e-06
5597.44104944 1.99300300211e-06 1.31139072557e-06
5620.66694591 6.5378661194e-07 9.25690445341e-07
5643.89284238 8.9154157739e-07 7.40364540458e-07
5667.11873885 1.91616337495e-06 8.9163275694e-07
5690.34463532 2.03963343314e-06 9.77254635101e-07
5713.57053179 1.36058501306e-06 8.41213581202e-07
5736.79642826 4.15194454725e-07 5.89222211381e-07
5760.02232473 9.72961454066e-07 4.69622756092e-07
5783.24822121 1.63501084715e-06 5.90764479311e-07
5806.47411768 1.79141360135e-06 8.17995171624e-07
5829.70001415 1.13469703625e-06 8.36238805729e-07
5852.92591062 2.54214147525e-07 6.14273887556e-07
5876.15180709 1.11860851158e-06 5.71540237887e-07
5899.37770356 1.72021169671e-06 7.36023576785e-07
5922.60360003 1.50095012978e-06 7.65050382374e-07
5945.8294965 7.7862896792e-07 6.12998531597e-07
5969.05539297 3.52079238732e-07 5.13720792775e-07
5992.28128944 1.19487990468e-06 5.49361234865e-07
6015.50718591 1.55181013018e-06 6.39583794698e-07
6038.73308238 1.22822190653e-06 6.39330505454e-07
6061.95897885 4.09500148189e-07 5.11827929162e-07
6085.18487532 6.50293996853e-07 4.24029092708e-07
6108.4107718 1.22632356554e-06 4.47975706203e-07
6131.63666827 1.2823451061e-06 4.97160201337e-07
6154.86256474 7.75110370899e-07 4.62812004712e-07
6178.08846121 2.68966636004e-07 3.68431825591e-07
6201.31435768 8.65207018978e-07 3.16739774843e-07
6224.54025415 1.15225737435e-06 3.85230501861e-07
6247.76615062 8.39801990416e-07 3.60068152842e-07
6270.99204709 3.97762670214e-07 2.67860657509e-07
6294.21794356 4.70704079603e-07 1.50957662757e-07
6317.44384003 7.68784744717e-07 9.93972143394e-08
6340.6697365 7.52763906819e-07 7.83995372888e-08
6363.89563297 5.81059408158e-07 9.30940401846e-08
6387.12152944 5.17425519881e-07 1.13371724501e-07
6410.34742591 5.11917561131e-07 1.54474908264e-07
6433.57332239 6.45497650134e-07 1.54262090104e-07
6456.79921886 6.77571989867e-07 1.4972805316e-07
6480.02511533 4.04824180566e-07 1.75536824585e-07
6503.2510118 3.81173946872e-07 1.96211840868e-07
6526.47690827 5.77605724465e-07 1.34159867351e-07
6549.70280474 5.93103640291e-07 4.12846510965e-08
6572.92870121 5.0020834482e-07 4.48104774372e-08
6596.15459768 4.3564801294e-07 5.7347743115e-08
6619.38049415 4.59281851481e-07 1.09668926544e-07
6642.60639062 5.28598009145e-07 6.10807786684e-08
6665.83228709 4.85127828121e-07 4.34751666295e-08
6689.05818356 4.98243800726e-07 9.86235012631e-08
6712.28408003 2.61292355616e-07 1.45819813459e-07
6735.5099765 3.78969380124e-07 1.45808216699e-07
6758.73587297 4.45970230535e-07 3.95487497124e-08
6781.96176945 2.07798515539e-07 1.44807186722e-07
6805.18766592 2.87076906358e-07 1.9351667107e-07
6828.41356239 3.59294098106e-07 9.2189065833e-08
6851.63945886 3.86227061417e-07 3.01500092655e-08
6874.86535533 3.56922281626e-07 1.51955319208e-08
6898.0912518 2.73247833111e-07 1.34181798237e-07
6921.31714827 3.05478693706e-07 2.06298006404e-07
6944.54304474 3.25951698952e-07 1.78137705021e-07
6967.76894121 4.75478072285e-07 1.87600850862e-08
6990.99483768 3.2210196262e-07 3.42328077271e-08
7014.22073415 7.43710584991e-08 2.41316593303e-07
7037.44663062 2.9692491272e-07 2.58587509852e-07
7060.67252709 4.11914302199e-07 1.85508470234e-07
7083.89842356 2.86338331728e-07 7.90992843657e-08
7107.12432004 2.13694634336e-07 2.13398779023e-07
7130.35021651 1.45091371179e-07 2.5106657914e-07
7153.57611298 3.50836076478e-07 1.76035311046e-07
7176.80200945 3.05438160148e-07 8.86206280805e-08
7200.02790592 1.67412559208e-07 1.10772542066e-07
7223.25380239 1.06754985242e-07 2.20206953255e-07
7246.47969886 2.0027802824e-07 2.32183672822e-07
7269.70559533 2.70668699355e-07 1.53980246458e-07
7292.9314918 2.210630181e-07 2.46383387643e-08
7316.15738827 1.16898995815e-07 1.06034359834e-07
7339.38328474 6.73426120434e-08 1.6001784906e-07
7362.60918121 1.76978526896e-07 1.81735392947e-07
7385.83507768 2.00908000121e-07 1.15277265401e-07
7409.06097415 1.43902522677e-07 3.22072783231e-08
7432.28687063 2.92113549187e-08 1.13758091196e-07
7455.5127671 9.3819461458e-08 1.08137781168e-07
7478.73866357 1.65222140124e-07 1.36230930715e-07
7501.96456004 2.09026993474e-07 1.63377324586e-07
7525.19045651 1.68532667612e-07 9.48179053654e-08
7548.41635298 5.92573879354e-08 7.4617007734e-08
7571.64224945 9.28828605648e-08 1.57000818123e-07
7594.86814592 1.99341768567e-07 2.02453094738e-07
7618.09404239 2.18177660866e-07 1.74709404608e-07
7641.31993886 1.37434415181e-07 1.11332160976e-07
7664.54583533 9.1191759453e-08 1.31108734041e-07
7687.7717318 1.8780559304e-07 2.24443244584e-07
7710.99762827 2.34846975264e-07 2.25347306768e-07
7734.22352474 2.11459022081e-07 1.7177339707e-07
7757.44942122 1.19330526453e-07 1.03865910301e-07
7780.67531769 1.4364499896e-07 1.54029626695e-07
7803.90121416 2.54951964713e-07 2.3437594277e-07
7827.12711063 2.56757181732e-07 2.26265680133e-07
7850.3530071 1.63614765508e-07 1.22761215183e-07
7873.57890357 9.5913991035e-08 8.47925820067e-08
7896.80480004 1.73375806789e-07 1.52061685719e-07
7920.03069651 2.12883647004e-07 1.91722285516e-07
7943.25659298 1.39391221534e-07 1.57939690579e-07
7966.48248945 6.71722342254e-09 6.84142651292e-08
7989.70838592 1.39995952133e-07 6.50723484389e-08
8012.93428239 2.11394778528e-07 1.39061268255e-07
8036.16017886 1.94437533047e-07 1.74709817738e-07
8059.38607533 1.3380461384e-07 1.56616355402e-07
8082.6119718 4.42598952324e-08 7.34366349894e-08
8105.83786828 1.19883486491e-07 4.9704886502e-08
8129.06376475 1.80316402569e-07 1.22655117904e-07
8152.28966122 1.88906082952e-07 1.6839070721e-07
8175.51555769 1.25469364561e-07 1.38696595409e-07
8198.74145416 4.94249657835e-09 5.25151299788e-08
8221.96735063 1.27145495008e-07 7.36357374471e-08
8245.1932471 2.05943240067e-07 1.54795765625e-07
8268.41914357 1.74095675628e-07 1.4522853975e-07
8291.64504004 1.13170834216e-07 6.78545922995e-08
8314.87093651 1.45018830468e-07 3.16741439031e-08
8338.09683298 1.94230839978e-07 9.52949931418e-08
8361.32272945 1.84421474025e-07 1.21139957567e-07
8384.54862592 1.45042552987e-07 1.2458921833e-07
8407.77452239 1.13828384577e-07 9.76708038741e-08
8431.00041887 1.30447904715e-07 3.76699643748e-08
8454.22631534 1.64163126394e-07 4.76369343304e-08
8477.45221181 1.97953009905e-07 1.12838885861e-07
8500.67810828 1.77825115329e-07 1.25236765889e-07
8523.90400475 1.37911923659e-07 9.57132456133e-08
8547.12990122 1.38875372925e-07 2.69886723762e-08
8570.35579769 2.11096881912e-07 6.45934702375e-08
8593.58169416 2.49462584799e-07 1.17225831005e-07
8616.80759063 2.06494112511e-07 1.16897888344e-07
8640.0334871 1.1285589281e-07 6.1927345662e-08
8663.25938357 1.29567270625e-07 1.09438066898e-08
8686.48528004 2.08837147484e-07 7.97540179982e-08
8709.71117651 2.33720222492e-07 1.02662291688e-07
8732.93707298 2.01903472863e-07 8.1684881746e-08
8756.16296946 1.55761093436e-07 1.73322921357e-08
8779.38886593 1.56160051551e-07 4.80895375039e-08
8802.6147624 1.93436730623e-07 8.80907673379e-08
8825.84065887 2.04641960896e-07 8.46262994081e-08
8849.06655534 1.88988780978e-07 4.59310336312e-08
8872.29245181 1.80716112508e-07 3.89870978671e-09
8895.51834828 1.88409088459e-07 4.2649274568e-08
8918.74424475 1.9325952522e-07 6.72097336629e-08
8941.97014122 1.86126369902e-07 6.63182463755e-08
8965.19603769 1.56168629044e-07 4.00973415594e-08
8988.42193416 1.46052124428e-07 1.21033683754e-08
9011.64783063 1.72717697939e-07 2.70669974295e-08
9034.8737271 1.88794596865e-07 4.47661013527e-08
9058.09962357 1.86695053538e-07 4.75247544844e-08
9081.32552005 1.80999431903e-07 4.01121072541e-08
9104.55141652 1.72108010103e-07 1.91898518399e-08
9127.77731299 1.84028023848e-07 8.6515045314e-09
9151.00320946 2.04005350796e-07 4.37024319786e-08
9174.22910593 2.04223377721e-07 6.30403169966e-08
9197.4550024 1.61951663779e-07 6.42425434946e-08
9220.68089887 1.18547575009e-07 3.21129002933e-08
9243.90679534 1.63180579486e-07 2.4647003845e-08
9267.13269181 2.06305168832e-07 5.21304016366e-08
9290.35858828 1.95792150075e-07 4.9545448446e-08
9313.58448475 1.53763683513e-07 3.10981581404e-08
9336.81038122 1.38794223433e-07 8.22111980426e-09
9360.03627769 1.77566133582e-07 2.42895423009e-08
9383.26217416 1.93750831236e-07 4.54048542012e-08
9406.48807064 1.8216039521e-07 4.5179669736e-08
9429.71396711 1.52191850153e-07 3.06419668636e-08
9452.93986358 1.47605424735e-07 1.75712021371e-08
9476.16576005 1.59192395829e-07 3.48145239865e-08
9499.39165652 1.6569600212e-07 5.38243580076e-08
9522.61755299 1.3623737039e-07 5.86358454435e-08
9545.84344946 1.14381952582e-07 4.04675748867e-08
9569.06934593 1.29867041174e-07 1.20268655311e-08
9592.2952424 1.55144021002e-07 2.47086012009e-08
9615.52113887 1.46056467089e-07 4.98124424194e-08
9638.74703534 1.20201591037e-07 5.23931567359e-08
9661.97293181 1.16962526236e-07 3.28723619216e-08
9685.19882828 1.38091651115e-07 9.57451098283e-09
9708.42472475 1.68161189357e-07 3.23662777314e-08
9731.65062122 1.63741498219e-07 4.81837985309e-08
9754.8765177 1.31393620464e-07 4.30792012912e-08
9778.10241417 1.02763933351e-07 3.64917460533e-08
9801.32831064 1.13958232534e-07 5.61268254771e-08
9824.55420711 1.25604176141e-07 6.88543208354e-08
9847.78010358 1.11022062349e-07 7.01166830505e-08
9871.00600005 1.01951822546e-07 5.35314002039e-08
9894.23189652 1.04924748763e-07 2.76411621276e-08
9917.45779299 1.32864876843e-07 1.5398960913e-08
9940.68368946 1.40960379313e-07 1.58697228767e-08
9963.90958593 1.22761075017e-07 1.09485598803e-08
9987.1354824 9.6772170263e-08 6.5616426747e-09
10010.3613789 9.62106292222e-08 1.91468476834e-08
10033.5872753 1.0504858895e-07 2.1969968182e-08
10056.8131718 1.11342279569e-07 1.49235229749e-08
10080.0390683 9.6960638488e-08 5.47669074109e-09
10103.2649648 8.85352190517e-08 8.67579155163e-09
10126.4908612 8.43766639757e-08 1.42884513826e-08
10149.7167577 9.72709969306e-08 1.93785366618e-08
10172.9426542 9.63171093368e-08 1.24434066745e-08
10196.1685506 1.02379486604e-07 2.4745232085e-08
10219.3944471 9.18528512079e-08 2.51690139037e-08
10242.6203436 8.13415546215e-08 1.56618336579e-08
10265.8462401 7.06120816424e-08 1.23090032399e-08
10289.0721365 1.04608819484e-07 2.74883612977e-08
10312.298033 1.08024681051e-07 2.51942331799e-08
10335.5239295 8.01571793062e-08 1.68347591981e-08
10358.7498259 5.09503970598e-08 1.76803367976e-08
10381.9757224 8.14840538696e-08 1.98920649061e-08
10405.2016189 1.01345233431e-07 2.67296293658e-08
10428.4275153 9.15526421207e-08 2.71463100673e-08
10451.6534118 6.80011699791e-08 2.21556758826e-08
10474.8793083 6.49800104512e-08 2.68550434958e-08
10498.1052048 9.21057979833e-08 2.95004016199e-08
10521.3311012 1.06100161212e-07 1.93943093967e-08
10544.5569977 9.53233108884e-08 1.5732188007e-08
10567.7828942 7.55660204947e-08 8.8799032597e-09
10591.0087906 5.92973122036e-08 5.10742624176e-09
10614.2346871 8.24844542114e-08 9.56355351094e-09
10637.4605836 8.99025092337e-08 6.77293902609e-09
10660.6864801 8.16368042883e-08 2.45755659908e-09
10683.9123765 5.71052150567e-08 1.49749413302e-08
10707.138273 6.46289354667e-08 2.97485850885e-08
10730.3641695 7.85543712611e-08 2.37811642155e-08
10753.5900659 8.01954144898e-08 1.95231979587e-08
10776.8159624 5.87743801516e-08 1.69665703533e-08
10800.0418589 5.18593335042e-08 2.37670869031e-08
10823.2677553 7.04710754528e-08 1.58267601112e-08
10846.4936518 7.77521558991e-08 3.67997397923e-09
10869.7195483 7.01492401614e-08 7.03560494379e-09
10892.9454448 5.14703628396e-08 1.72062857629e-08
10916.1713412 5.86811678656e-08 1.16952739602e-08
10939.3972377 5.87898919757e-08 1.02481063119e-08
10962.6231342 6.22148369589e-08 4.08105271272e-09
10985.8490306 6.16481169625e-08 1.36624738401e-08
11009.0749271 6.03594480217e-08 2.29396459997e-08
11032.3008236 6.17845370047e-08 2.29523325563e-08
11055.5267201 6.41240080326e-08 3.20730979851e-08
11078.7526165 6.03256907622e-08 3.47421380838e-08
11101.978513 6.51129152301e-08 2.17712834339e-08
11125.2044095 5.32788834438e-08 7.08334163874e-09
11148.4303059 3.8725134202e-08 3.24539334763e-09
11171.6562024 3.09631156027e-08 1.67077694028e-08
11194.8820989 3.9736620367e-08 2.54866287002e-08
11218.1079954 3.26129434695e-08 1.47791167226e-08
11241.3338918 3.16790339857e-08 1.20926945633e-08
11264.5597883 3.36933122481e-08 4.19348638563e-09
11287.7856848 3.09543477438e-08 1.18610656799e-08
11311.0115812 3.52315018708e-08 1.04278000964e-08
11334.2374777 4.84900562411e-08 1.65387420186e-08
11357.4633742 1.15983134913e-08 2.10720043556e-08
11380.6892706 3.28770663208e-08 2.40909259164e-08
11403.9151671 2.93368367093e-08 1.70410808199e-08
11427.1410636 2.04092717412e-08 8.91881793712e-09
11450.3669601 2.20976114269e-08 1.68302038109e-08
11473.5928565 1.19938162758e-08 1.02441474316e-08
11496.818753 1.69297859837e-08 9.10716768483e-09
11520.0446495 3.16904312409e-08 9.4789811657e-09
11543.2705459 1.7090432277e-08 4.17669573461e-09
11566.4964424 2.04197735493e-08 1.64652194378e-08
11589.7223389 6.95794650993e-09 2.49607915229e-08
11612.9482354 4.06284439692e-08 3.38017709898e-08
11636.1741318 3.07552109271e-08 3.26271623154e-08
11659.4000283 2.09588844327e-08 2.50961078389e-08
11682.6259248 5.52798003992e-09 3.31250142062e-08
11705.8518212 2.71239726872e-08 3.18146123801e-08
11729.0777177 3.27562867282e-08 1.69015880307e-08
11752.3036142 2.5575598638e-08 4.88750500165e-09
11775.5295106 3.07050681457e-08 1.23481034223e-09
11798.7554071 1.87355375986e-08 2.63018059722e-08
11821.9813036 1.6521139132e-08 1.06969906979e-08
11845.2072001 2.90277734492e-08 1.82762026468e-08
11868.4330965 2.73384936393e-08 1.08236530514e-08
11891.658993 2.25075516028e-08 7.95975684232e-09
11914.8848895 9.0615110825e-09 2.24055093e-08
11938.1107859 2.07329799641e-08 1.7450720988e-08
11961.3366824 3.67357536553e-08 2.94583812766e-08
11984.5625789 2.83994188088e-08 8.61117672781e-09
12007.7884754 1.4447218294e-08 8.08228100319e-09
12031.0143718 2.3136691723e-08 3.6825997589e-09
12054.2402683 2.45357766726e-08 1.37628876977e-08
12077.4661648 2.65127203033e-08 1.05979777977e-08
12100.6920612 2.08891466356e-08 1.53984987548e-08
12123.9179577 1.75190901085e-08 1.61611198864e-08
12147.1438542 2.20227210011e-08 1.59649207136e-09
12170.3697506 2.86802186172e-08 1.45062043834e-08
12193.5956471 1.47787276709e-08 7.3441551713e-09
12216.8215436 1.26141094747e-08 1.38320958363e-08
12240.0474401 1.28690752355e-08 1.35606554545e-08
12263.2733365 2.27470844601e-08 2.42432612365e-08
12286.499233 2.77330784251e-08 2.05317501977e-08
12309.7251295 2.59000463461e-08 8.91393389488e-09
12332.9510259 1.87933352284e-08 7.84327553063e-09
12356.1769224 1.70988585785e-08 6.15319247128e-09
12379.4028189 1.70681777902e-08 2.68826644098e-09
12402.6287154 1.61898156634e-08 1.43294910771e-08
12425.8546118 1.2560363861e-08 1.19612589485e-08
12449.0805083 1.1087247011e-08 1.13121614875e-08
12472.3064048 1.73309675822e-08 1.39892455164e-08
12495.5323012 2.10207788103e-08 1.19548041498e-08
12518.7581977 1.53105007259e-08 7.86960017352e-09
12541.9840942 1.1558145564e-08 4.65777550508e-09
12565.2099907 5.66305796502e-09 6.24273217046e-09
12588.4358871 4.87227074135e-09 5.50495700294e-09
12611.6617836 8.97033305062e-09 7.4615281394e-09
12634.8876801 1.0629026995e-08 1.14621087555e-08
12658.1135765 5.43088550261e-09 1.24620373683e-08
12681.339473 4.2942092343e-09 1.01787200412e-08
12704.5653695 9.26399320393e-09 9.92834964576e-09
12727.7912659 1.43154368171e-08 1.15521312728e-08
12751.0171624 1.36864359153e-08 1.18956413886e-08
12774.2430589 7.82774133038e-09 1.09102586359e-08
12797.4689554 1.07533235999e-08 1.22111403569e-08
12820.6948518 1.29458348908e-08 1.37704287293e-08
12843.9207483 8.79723499904e-09 7.43035237359e-09
12867.1466448 3.53877791504e-09 6.30772103353e-09
12890.3725412 7.78170078488e-09 8.89505177584e-09
12913.5984377 1.09548319631e-08 1.60541008591e-08
12936.8243342 1.18618150462e-08 1.71802739826e-08
12960.0502307 8.08634874723e-09 1.68277954809e-08
12983.2761271 3.53418886493e-09 1.05092584238e-08
13006.5020236 1.36470750349e-09 4.00362084579e-09
13029.7279201 3.92517251141e-09 5.15600913998e-09
13052.9538165 7.20481476295e-09 9.7611754623e-09
13076.179713 8.2075388935e-09 9.77011140518e-09
13099.4056095 8.16917024346e-09 8.98826117392e-09
13122.6315059 4.90186750937e-09 6.57384024973e-09
13145.8574024 5.99346879822e-09 1.94684587065e-09
13169.0832989 5.98909159404e-09 3.37602913433e-09
13192.3091954 8.39840038302e-09 6.46401239262e-09
13215.5350918 1.42886547559e-08 7.40203912565e-09
13238.7609883 1.70017393466e-08 1.02344281501e-08
13261.9868848 9.23266524139e-09 5.70817875784e-09
13285.2127812 1.74130528366e-09 6.10386919281e-09
13308.4386777 8.36422482014e-09 5.11946296773e-09
13331.6645742 1.20114685056e-08 7.05908246997e-10
13354.8904707 1.10908957729e-08 7.98028146666e-10
13378.1163671 1.03996568915e-08 3.01463474303e-09
13401.3422636 1.16233981922e-08 6.08782080559e-09
13424.5681601 9.62423465077e-09 2.5944145611e-09
13447.7940565 1.06116491834e-08 3.31907187326e-09
13471.019953 8.54033718711e-09 1.02989789248e-09
13494.2458495 7.10232829641e-09 5.04653326885e-09
13517.4717459 7.51781972159e-09 6.58637808261e-09
13540.6976424 1.12013728764e-08 4.12983404716e-09
13563.9235389 1.39148259128e-08 3.17481793897e-09
13587.1494354 1.34878226759e-08 3.4491048483e-09
13610.3753318 9.37729446287e-09 3.18468645092e-09
13633.6012283 9.86193189563e-09 5.81849452294e-09
13656.8271248 1.40811144982e-08 8.07920494554e-09
13680.0530212 1.40152237506e-08 5.31710261397e-09
13703.2789177 9.79962724319e-09 2.92710307914e-09
13726.5048142 6.20920494337e-09 2.05845929245e-09
13749.7307107 6.19963962811e-09 1.55357714466e-09
13772.9566071 9.20061378958e-09 1.85815634076e-09
13796.1825036 8.8946205486e-09 3.37286235642e-09
13819.4084001 7.73726264337e-09 6.14235438874e-09
13842.6342965 3.52485317591e-09 5.11860195048e-09
13865.860193 9.72094327059e-10 7.42302040679e-09
13889.0860895 6.69538682216e-09 4.80232417026e-09
13912.311986 8.00421681104e-09 5.02664756645e-09
13935.5378824 4.76947016804e-09 2.65998199235e-09
13958.7637789 2.89391123497e-09 5.60737405892e-09
13981.9896754 7.02415230252e-09 7.98521464104e-09
14005.2155718 9.46305111819e-09 9.7663794614e-09
14028.4414683 5.20194389243e-09 1.31558529218e-08
14051.6673648 3.60092639201e-09 1.41340222013e-08
14074.8932612 1.10293668128e-08 1.17848995756e-08
14098.1191577 1.21440675657e-08 8.31841966785e-09
14121.3450542 7.75433011021e-09 2.11637981001e-09
14144.5709507 2.94330723463e-09 9.74982636353e-10
14167.7968471 4.3957000574e-09 2.78378557698e-09
14191.0227436 4.6276952567e-09 5.50120366442e-10
14214.2486401 2.32091086049e-09 3.92043295334e-09
14237.4745365 1.48106991383e-09 5.4815532005e-09
14260.700433 2.61967345758e-09 6.13430442538e-09
14283.9263295 3.43788523928e-09 5.37224108327e-09
14307.152226 2.53454727108e-09 6.93457460353e-09
14330.3781224 3.13643304598e-09 5.79265896366e-09
14353.6040189 4.92707281584e-09 3.17600946328e-09
14376.8299154 3.29411032724e-09 2.32808902329e-09
14400.0558118 2.49183812825e-09 2.05682166759e-09
14423.2817083 1.602323125e-09 1.72470575023e-09
14446.5076048 4.39078762662e-09 3.7517177786e-09
14469.7335012 4.36283158423e-09 5.92386950436e-09
14492.9593977 2.19448465263e-09 6.03358503078e-09
14516.1852942 1.2030797694e-09 4.79167440337e-09
14539.4111907 4.44170365359e-09 1.55434072822e-09
14562.6370871 4.98585218303e-09 2.09411327071e-09
14585.8629836 4.65754195444e-09 4.98361559878e-09
14609.0888801 2.69460585862e-09 5.12610163113e-09
14632.3147765 2.79353537548e-09 4.53779646785e-09
14655.540673 5.06236136555e-09 1.94040279496e-09
14678.7665695 6.17108679261e-09 2.48746914294e-09
14701.992466 4.1504140842e-09 5.14984623189e-09
14725.2183624 1.9933850188e-09 4.1163340722e-09
14748.4442589 6.45372673897e-09 4.29084327917e-09
14771.6701554 1.10015981511e-08 5.14418644828e-09
14794.8960518 1.17077774262e-08 6.40337104754e-09
14818.1219483 8.84592517516e-09 7.64191235664e-09
14841.3478448 4.08740223297e-09 7.01394756875e-09
14864.5737413 4.18168409731e-09 3.58549384153e-09
14887.7996377 8.70720604031e-09 2.50415959246e-09
14911.0255342 1.13047404314e-08 3.36314390364e-09
14934.2514307 1.16862857917e-08 6.86091188369e-09
14957.4773271 8.77077659955e-09 4.73314434204e-09
14980.7032236 6.06546204854e-09 4.66115053697e-09
15003.9291201 7.70177852221e-09 3.83648500264e-09
15027.1550165 9.02855756636e-09 3.75752457383e-09
15050.380913 9.3487883679e-09 3.68705251677e-09
15073.6068095 8.71156626531e-09 1.42325011637e-09
15096.832706 8.94386769574e-09 1.91980687005e-09
15120.0586024 9.44872269729e-09 1.98011782544e-09
15143.2844989 7.61940283261e-09 1.86712441453e-09
15166.5103954 6.46879096341e-09 5.3193232583e-10
15189.7362918 8.39240669216e-09 2.2386863945e-09
15212.9621883 1.15179691336e-08 2.97333637228e-09
15236.1880848 1.09639745894e-08 2.8280100628e-09
15259.4139813 9.00098902048e-09 3.05326889557e-09
15282.6398777 1.11401685284e-08 3.4568025019e-09
15305.8657742 1.18815619682e-08 3.6852218059e-09
15329.0916707 1.08481944469e-08 2.14107399357e-09
15352.3175671 8.9507536941e-09 2.77760908157e-09
15375.5434636 1.00407335867e-08 3.26814470836e-09
15398.7693601 1.26357978433e-08 2.0960282783e-09
15421.9952565 1.17075822676e-08 2.52961592476e-09
15445.221153 1.15381718826e-08 2.42778944747e-09
15468.4470495 1.01164721053e-08 3.76908958593e-09
15491.672946 8.32161646921e-09 2.28080174485e-09
15514.8988424 9.64394347959e-09 2.58585056835e-09
15538.1247389 1.19814788468e-08 3.84223389192e-09
15561.3506354 1.06366458857e-08 4.13691713716e-09
15584.5765318 6.56924920463e-09 1.18383682179e-09
15607.8024283 7.80360728001e-09 2.40144423493e-09
15631.0283248 1.24066838898e-08 5.22499277591e-09
15654.2542213 1.28889266358e-08 3.35270907054e-09
15677.4801177 8.58060341466e-09 3.5472376807e-09
15700.7060142 9.79437341861e-09 2.74698655045e-09
15723.9319107 8.09971855675e-09 6.53015680773e-10
15747.1578071 8.43695526813e-09 2.02935201852e-09
15770.3837036 8.24578669709e-09 2.46783357156e-09
15793.6096001 8.06869223666e-09 2.39840968304e-09
15816.8354965 8.14806834485e-09 2.65527270341e-09
15840.061393 8.70395078671e-09 2.90035932941e-09
15863.2872895 7.6356936646e-09 3.63531871816e-09
15886.513186 7.44812684577e-09 3.11728306684e-09
15909.7390824 6.75992176093e-09 2.56529824209e-09
15932.9649789 7.835820306e-09 2.47962287307e-09
15956.1908754 7.44301392476e-09 1.81444650358e-09
15979.4167718 1.05227879133e-08 3.05774075224e-09
16002.6426683 8.34825809669e-09 2.024407769e-09
16025.8685648 5.66046337172e-09 2.03638402983e-09
16049.0944613 9.75435829138e-09 6.34013127112e-09
16072.3203577 7.42392628016e-09 2.78682893461e-09
16095.5462542 7.59791776628e-09 3.71950747494e-09
16118.7721507 1.00027935228e-08 3.80382989894e-09
16141.9980471 7.60224284741e-09 2.01945015343e-09
16165.2239436 6.98282228519e-09 2.48437243171e-09
16188.4498401 8.03649462439e-09 2.56609029827e-09
16211.6757366 1.08317147864e-08 2.90001951986e-09
16234.901633 7.13897513149e-09 1.58042797802e-09
16258.1275295 6.15144428026e-09 4.0646603265e-09
16281.353426 1.07071680205e-08 4.11209665276e-09
16304.5793224 9.55875807617e-09 4.24667214171e-09
16327.8052189 8.96871019243e-09 2.45873043162e-09
16351.0311154 7.7056484483e-09 4.20158973823e-09
16374.2570118 9.40830907092e-09 3.83180104014e-10
16397.4829083 8.71010322081e-09 3.50876349808e-09
16420.7088048 9.8550353563e-09 3.38250295887e-09
16443.9347013 6.70550296432e-09 4.21538814957e-09
16467.1605977 1.06911446501e-08 3.43063120983e-09
16490.3864942 9.56627176404e-09 4.91014929115e-09
16513.6123907 1.19615756127e-08 3.25394545606e-09
16536.8382871 1.12614156995e-08 2.22625652746e-09
16560.0641836 7.95687813708e-09 2.80028638624e-09
16583.2900801 8.87942967493e-09 3.21200745185e-09
16606.5159766 9.92511307723e-09 3.42547651209e-09
16629.741873 1.1938549614e-08 1.67227376149e-09
16652.9677695 1.13666930197e-08 3.45699455316e-09
16676.193666 9.85918998321e-09 2.24138084435e-09
16699.4195624 9.49593180562e-09 1.56357628683e-09
16722.6454589 1.06694611338e-08 1.24465871672e-09
16745.8713554 9.45129221465e-09 2.59411194261e-09
16769.0972518 8.957814072e-09 1.18539688821e-09
16792.3231483 9.62666570898e-09 3.7461193887e-10
16815.5490448 9.69413400048e-09 2.33773591263e-09
16838.7749413 9.64531938715e-09 2.08318589657e-09
16862.0008377 8.69986917523e-09 4.50039315671e-10
16885.2267342 7.13072522624e-09 2.04654087832e-09
16908.4526307 8.72585033667e-09 1.94133141439e-10
16931.6785271 9.4636794224e-09 1.89574250416e-09
16954.9044236 8.73272605167e-09 1.41077680669e-09
16978.1303201 7.18527850894e-09 1.34719091886e-09
17001.3562166 6.74195753306e-09 2.67891780779e-09
17024.582113 8.250835888e-09 1.70116020959e-09
17047.8080095 8.29084942504e-09 7.84350620286e-10
17071.033906 7.94576706799e-09 1.59377618778e-09
17094.2598024 7.27454681373e-09 1.13309713409e-09
17117.4856989 7.26553537241e-09 1.71862661072e-09
17140.7115954 6.72054964799e-09 3.00664856115e-09
17163.9374919 7.00248815965e-09 3.48518621869e-09
17187.1633883 6.37061006617e-09 2.40960410584e-09
17210.3892848 5.96408479808e-09 1.38466301318e-09
17233.6151813 6.17707246463e-09 2.05794641439e-09
17256.8410777 6.32207028265e-09 2.47309053135e-09
17280.0669742 6.15626437757e-09 2.15123192915e-09
17303.2928707 5.87006554198e-09 1.68555731809e-09
17326.5187671 5.03858466082e-09 2.11659845981e-09
17349.7446636 5.14166844187e-09 1.98446853434e-09
17372.9705601 5.14916476508e-09 1.89368879913e-09
17396.1964566 5.67585407656e-09 2.2610915741e-09
17419.422353 5.00608835131e-09 2.42056968556e-09
17442.6482495 4.85749211427e-09 2.55366218291e-09
17465.874146 4.44718297563e-09 1.53656883513e-09
17489.1000424 5.04331922971e-09 1.45502073688e-09
17512.3259389 4.92274551748e-09 1.50736759051e-09
17535.5518354 4.24547960893e-09 2.0683454987e-09
17558.7777319 4.13566365039e-09 2.17034178481e-09
17582.0036283 4.40272708703e-09 2.76297638329e-09
17605.2295248 3.99691795583e-09 2.04321996365e-09
17628.4554213 3.82961291232e-09 1.85753598546e-09
17651.6813177 3.92750202691e-09 2.20379826752e-09
17674.9072142 4.69747717147e-09 1.92742758728e-09
17698.1331107 5.27559330161e-09 1.95989890401e-09
17721.3590071 4.65570791114e-09 1.33857442581e-09
17744.5849036 4.01789286315e-09 9.40890270184e-10
17767.8108001 4.17571522387e-09 8.81117347923e-10
17791.0366966 4.4376767522e-09 9.17551627229e-10
17814.262593 4.89147646042e-09 1.426764348e-09
17837.4884895 4.43777443109e-09 1.50871332754e-09
17860.714386 4.35042795028e-09 1.2268367498e-09
17883.9402824 4.50837239652e-09 8.16660831788e-10
17907.1661789 4.55775477882e-09 5.73203594984e-10
17930.3920754 4.18064086872e-09 1.17824733847e-09
17953.6179719 4.1323879345e-09 8.17444555094e-10
17976.8438683 3.9789388062e-09 1.15663677593e-09
18000.0697648 3.83366727588e-09 1.37548669356e-09
18023.2956613 4.29521270716e-09 9.41880523444e-10
18046.5215577 3.90644890445e-09 1.19109559901e-10
18069.7474542 3.46650680119e-09 4.37976401449e-10
18092.9733507 3.94814743088e-09 7.67071244398e-10
18116.1992471 4.21434112266e-09 1.15155287686e-09
18139.4251436 4.30228746742e-09 1.2986193788e-09
18162.6510401 3.96270768947e-09 7.77855987425e-10
18185.8769366 3.65105772059e-09 5.89263608281e-11
18209.102833 3.83958887545e-09 4.99445028091e-10
18232.3287295 4.1372302507e-09 7.08206643434e-10
18255.554626 3.94965249566e-09 1.13674881007e-09
18278.7805224 3.69920299867e-09 1.44662333429e-09
18302.0064189 3.58252600169e-09 1.4845654049e-09
18325.2323154 3.47340872336e-09 1.44013464359e-09
18348.4582119 3.45886022488e-09 1.46914376836e-09
18371.6841083 3.41949610504e-09 1.14413527019e-09
18394.9100048 2.97977846173e-09 1.67683127622e-09
18418.1359013 3.2271601838e-09 2.10662842465e-09
18441.3617977 3.23875404228e-09 2.02623910198e-09
18464.5876942 3.09081344616e-09 1.63636637583e-09
18487.8135907 2.7946609868e-09 1.18448269574e-09
18511.0394872 2.975152686e-09 7.2113763141e-10
18534.2653836 3.20271312291e-09 7.43718717789e-10
18557.4912801 3.19987050419e-09 1.42458290328e-09
18580.7171766 2.93940355338e-09 1.91776448873e-09
18603.943073 2.45640946609e-09 2.16651194684e-09
18627.1689695 2.68842625501e-09 2.07792113775e-09
18650.394866 2.80159443882e-09 1.8210386959e-09
18673.6207624 2.55611194461e-09 1.71184941027e-09
18696.8466589 2.33120704654e-09 1.74369379018e-09
18720.0725554 2.36801139392e-09 1.01992329376e-09
18743.2984519 2.53175944577e-09 6.16049045257e-10
18766.5243483 2.2084626074e-09 8.84897559932e-10
18789.7502448 2.22277588992e-09 1.23061515921e-09
18812.9761413 2.27787387164e-09 1.24788699313e-09
18836.2020377 2.32095729463e-09 1.61742153932e-09
18859.4279342 1.8712140378e-09 1.81687668865e-09
18882.6538307 1.83188149001e-09 1.57553564076e-09
18905.8797272 1.92862122109e-09 1.11819002051e-09
18929.1056236 1.95068295594e-09 1.2928917463e-09
18952.3315201 1.58790054819e-09 1.36438201332e-09
18975.5574166 1.41174827771e-09 1.32450651054e-09
18998.783313 1.52255970697e-09 8.70863672149e-10
19022.0092095 1.48008803515e-09 1.04219073438e-09
19045.235106 1.20765799697e-09 1.05377361538e-09
19068.4610024 1.30005424594e-09 7.67547790202e-10
19091.6868989 1.38030719743e-09 6.30670966914e-10
19114.9127954 1.22278148194e-09 6.05319194102e-10
19138.1386919 1.18177919943e-09 7.85030940087e-10
19161.3645883 1.34047825516e-09 5.89833212092e-10
19184.5904848 1.16334751206e-09 5.6810144625e-10
19207.8163813 1.21296342853e-09 5.7315487873e-10
19231.0422777 1.129361251e-09 5.85006257783e-10
19254.2681742 9.59832356204e-10 4.93157742448e-10
19277.4940707 9.33738950808e-10 3.64444968313e-10
19300.7199672 1.25110403899e-09 4.31946870291e-10
19323.9458636 1.08097086297e-09 2.88508486191e-10
19347.1717601 1.05114535408e-09 2.13967662368e-10
19370.3976566 1.14418949244e-09 3.44790137503e-10
19393.623553 8.65541330107e-10 2.86226529159e-10
19416.8494495 8.95014037114e-10 2.74770480398e-10
19440.075346 1.16602412288e-09 2.57202804003e-10
19463.3012424 1.03509986643e-09 1.34588919698e-10
19486.5271389 8.79366120489e-10 4.61899986208e-10
19509.7530354 9.50865637085e-10 6.578771948e-10
19532.9789319 1.02460792059e-09 7.69006750701e-10
19556.2048283 9.6645209906e-10 4.54304049738e-10
19579.4307248 9.65356378971e-10 2.39490010445e-10
19602.6566213 1.00187711031e-09 4.52212700634e-10
19625.8825177 1.06849855928e-09 6.32642076246e-10
19649.1084142 8.98452344435e-10 7.25211850361e-10
19672.3343107 9.49730262716e-10 5.4150580852e-10
19695.5602072 1.01432874172e-09 4.28440212749e-10
19718.7861036 9.38117580616e-10 4.64721947005e-10
19742.0120001 9.38857189343e-10 5.29935463915e-10
19765.2378966 9.71884739404e-10 6.30978977412e-10
19788.463793 8.56044018323e-10 7.4822372878e-10
19811.6896895 8.68611789972e-10 6.31806750655e-10
19834.915586 1.04647595658e-09 8.73950379241e-10
19858.1414825 7.25944712105e-10 1.0658030356e-09
19881.3673789 8.92489242093e-10 7.84067293172e-10
19904.5932754 1.04991099497e-09 7.57273710676e-10
19927.8191719 8.45893178753e-10 9.82032669505e-10
19951.0450683 6.35681529985e-10 9.4623951018e-10
19974.2709648 1.04318290836e-09 8.33862485061e-10
19997.4968613 9.43856329681e-10 7.9159070156e-10
20020.7227577 8.02081755068e-10 7.89522434505e-10
20043.9486542 7.66359249015e-10 7.04703202258e-10
20067.1745507 8.27944119727e-10 5.70487010794e-10
20090.4004472 8.3884385209e-10 6.40979124615e-10
20113.6263436 7.77930548388e-10 5.93293529518e-10
20136.8522401 7.18113369852e-10 6.8727113577e-10
20160.0781366 6.27594050886e-10 6.3011368447e-10
20183.304033 6.69119742924e-10 6.91909827621e-10
20206.5299295 7.14559789472e-10 7.245091707e-10
20229.755826 6.95961483547e-10 7.03244945532e-10
20252.9817225 7.29048056996e-10 5.64097959313e-10
20276.2076189 6.04387397219e-10 6.19566219377e-10
20299.4335154 6.52324382145e-10 5.85963292794e-10
20322.6594119 6.20930651429e-10 5.33358091066e-10
20345.8853083 3.929537735e-10 6.48544094364e-10
20369.1112048 3.32742091387e-10 5.41149225407e-10
20392.3371013 4.36928792058e-10 4.2198730123e-10
20415.5629977 4.10724920634e-10 4.96784917352e-10
20438.7888942 4.74533768268e-10 4.48273717845e-10
20462.0147907 5.12713340172e-10 5.48197613557e-10
20485.2406872 3.1548666552e-10 5.71279404902e-10
20508.4665836 4.01995929514e-10 4.15895189867e-10
20531.6924801 4.78190607839e-10 4.64028099484e-10
20554.9183766 4.53133887381e-10 4.18553685531e-10
20578.144273 3.37821358591e-10 4.8209370964e-10
20601.3701695 4.05291395288e-10 3.15427093877e-10
20624.596066 3.51566127928e-10 3.85515482948e-10
20647.8219625 3.53149869992e-10 2.94645920305e-10
20671.0478589 3.6557182822e-10 2.22445769161e-10
20694.2737554 1.404346413e-10 4.17936222951e-10
20717.4996519 3.35313424323e-10 1.75187687467e-10
20740.7255483 3.55854025389e-10 2.62457293115e-10
20763.9514448 1.6060580127e-10 1.9994024684e-10
20787.1773413 2.18022615213e-10 9.95838051413e-11
20810.4032378 2.97821138081e-10 1.46674036607e-10
20833.6291342 2.22658960922e-10 2.15703538556e-10
20856.8550307 1.74112860083e-10 1.91527688814e-10
20880.0809272 2.39895615404e-10 1.73486069461e-10
20903.3068236 1.27541214494e-10 1.25047400322e-10
20926.5327201 1.83081892723e-10 1.18496641437e-10
20949.7586166 2.2181720694e-10 2.66648815256e-10
20972.984513 2.49797229864e-10 2.24818731019e-10
20996.2104095 2.47254098538e-10 3.52844145577e-10
21019.436306 1.71311643173e-10 1.69878007476e-10
21042.6622025 1.23957230433e-10 3.15153684659e-10
21065.8880989 1.91239745447e-10 1.1850871617e-10
21089.1139954 1.76903971056e-10 1.5831865078e-10
21112.3398919 1.87217168915e-10 1.36927680229e-10
21135.5657883 1.40256680797e-10 2.21735267934e-10
21158.7916848 1.65353927371e-10 8.51354325251e-11
21182.0175813 1.72929061305e-10 1.07216720307e-10
21205.2434778 1.86452792044e-10 1.09812186356e-10
21228.4693742 1.26906594415e-10 5.99292557535e-11
21251.6952707 1.51089397031e-10 1.2988112194e-10
21274.9211672 2.04134498007e-10 1.35610258036e-10
21298.1470636 1.88377151871e-10 1.20787800621e-10
21321.3729601 1.91728479415e-10 6.01301343144e-11
21344.5988566 1.44663909524e-10 1.20150825102e-10
21367.824753 1.71984731994e-10 1.59581954544e-10
21391.0506495 2.2584087048e-10 1.63541581529e-10
21414.276546 2.03091255268e-10 1.64498663085e-10
21437.5024425 2.10325378558e-10 1.4526122609e-10
21460.7283389 1.76824694743e-10 1.64057743526e-10
21483.9542354 1.66768573399e-10 7.16619303924e-11
21507.1801319 2.11860510745e-10 1.02099061499e-10
21530.4060283 1.81987625832e-10 1.46278163353e-10
21553.6319248 1.72426199985e-10 8.69787114475e-11
21576.8578213 1.42018498535e-10 8.52454431825e-11
21600.0837178 1.4941025808e-10 1.48387706463e-10
21623.3096142 1.85917516219e-10 1.05132806499e-10
21646.5355107 1.55506532071e-10 8.3613485286e-11
21669.7614072 1.48094407632e-10 4.77485420013e-11
21692.9873036 1.94756776705e-10 5.29831804128e-11
21716.2132001 1.90610358816e-10 5.78961307649e-11
21739.4390966 1.92276795568e-10 7.37265414282e-11
21762.664993 1.69311790751e-10 8.32247180622e-11
21785.8908895 1.62772873848e-10 5.29389188552e-11
21809.116786 1.46409662397e-10 6.80665984749e-11
21832.3426825 1.285869903e-10 9.89400618277e-11
21855.5685789 1.16708192049e-10 1.07226916024e-10
21878.7944754 1.35974985617e-10 1.090334363e-10
21902.0203719 1.46726119867e-10 1.16399511642e-10
21925.2462683 1.43999594209e-10 1.0949044219e-10
21948.4721648 1.38858501392e-10 9.51435951216e-11
21971.6980613 1.399994303e-10 4.74522941454e-11
21994.9239578 1.53188762543e-10 6.40354609753e-11
22018.1498542 1.46151045189e-10 6.76204711136e-11
22041.3757507 1.58176656208e-10 6.08531296198e-11
22064.6016472 1.67094647408e-10 1.78000185393e-11
22087.8275436 1.62671947751e-10 1.30418707023e-11
22111.0534401 1.57630656594e-10 4.69558266485e-11
22134.2793366 1.44881820752e-10 5.22680786659e-11
22157.5052331 1.506191894e-10 4.9344218683e-11
22180.7311295 1.370997515e-10 2.74849402021e-11
22203.957026 1.26723747241e-10 1.146482695e-11
22227.1829225 1.21546837542e-10 1.6146169008e-11
22250.4088189 1.29695440043e-10 3.14733338083e-11
22273.6347154 1.3795370381e-10 4.69902811037e-11
22296.8606119 1.32779059002e-10 6.8486542621e-11
22320.0865083 1.13627152561e-10 7.11887448908e-11
22343.3124048 1.20646272964e-10 7.00352218048e-11
22366.5383013 1.29924601406e-10 5.09982847366e-11
22389.7641978 1.33368271e-10 5.25679248016e-11
22412.9900942 1.37918966678e-10 6.66852607898e-11
22436.2159907 1.35912498115e-10 7.45434230862e-11
22459.4418872 1.40320441121e-10 8.10945444445e-11
22482.6677836 1.35078112818e-10 7.80979320979e-11
22505.8936801 1.41747315068e-10 8.57965989523e-11
22529.1195766 1.4042907684e-10 9.2562149852e-11
22552.3454731 1.23853169692e-10 7.98617847863e-11
22575.5713695 1.23543164185e-10 4.75748824652e-11
22598.797266 1.37118213629e-10 5.06729037485e-11
22622.0231625 1.38025559885e-10 6.32979566447e-11
22645.2490589 1.26750402848e-10 7.58667717826e-11
22668.4749554 1.29778713658e-10 6.92465916415e-11
22691.7008519 1.36612470417e-10 5.91936913973e-11
22714.9267483 1.38108404463e-10 6.46812060851e-11
22738.1526448 1.21847767298e-10 7.9467344764e-11
22761.3785413 1.28499765922e-10 9.17046383262e-11
22784.6044378 1.43923169979e-10 8.51955100257e-11
22807.8303342 1.57525050201e-10 8.81040204121e-11
22831.0562307 1.47691872666e-10 8.14776700849e-11
22854.2821272 1.36868510577e-10 7.94016032645e-11
22877.5080236 1.26019832996e-10 8.0397273535e-11
22900.7339201 1.20020158981e-10 8.32839986891e-11
22923.9598166 1.2137618192e-10 6.83996644132e-11
22947.1857131 1.2846782238e-10 6.242143259e-11
22970.4116095 1.28698674355e-10 4.15164917891e-11
22993.637506 1.03687119236e-10 3.90024778935e-11
23016.8634025 1.06331415253e-10 2.7081758634e-11
23040.0892989 1.18584681091e-10 3.5419231331e-11
23063.3151954 1.16467328102e-10 5.38084291855e-11
23086.5410919 1.13733785094e-10 7.0322529322e-11
23109.7669884 9.91361346861e-11 7.01590718955e-11
23132.9928848 9.30266747011e-11 7.2111590995e-11
23156.2187813 9.32158420998e-11 7.77446368047e-11
23179.4446778 9.4569591829e-11 7.59659532583e-11
23202.6705742 9.82528535001e-11 7.39813230476e-11
23225.8964707 9.69291249118e-11 8.34632344819e-11
23249.1223672 9.99866516291e-11 9.30202326993e-11
23272.3482636 1.08543195522e-10 8.47365882897e-11
23295.5741601 1.10031983682e-10 6.9444595094e-11
23318.8000566 9.48139710212e-11 6.3776166042e-11
23342.0259531 7.98975819722e-11 6.05781524783e-11
23365.2518495 7.93212868419e-11 5.72880661794e-11
23388.477746 8.23911011932e-11 5.26815283967e-11
23411.7036425 8.01614731027e-11 4.31259671528e-11
23434.9295389 7.16742304376e-11 3.93434291331e-11
23458.1554354 7.16285262993e-11 4.71417204369e-11
23481.3813319 7.24792085688e-11 4.55916461442e-11
23504.6072284 6.87013116137e-11 4.81598242217e-11
23527.8331248 6.88387335123e-11 5.71480620851e-11
23551.0590213 6.47179867294e-11 6.23813615161e-11
23574.2849178 6.41023646439e-11 6.8510076595e-11
23597.5108142 6.39955056427e-11 7.62769966201e-11
23620.7367107 6.95972748731e-11 8.09388247929e-11
23643.9626072 6.50425938856e-11 7.37096987904e-11
23667.1885036 6.3760652524e-11 7.77555039955e-11
23690.4144001 6.13771881579e-11 7.73239104062e-11
23713.6402966 6.45585483119e-11 7.25959684685e-11
23736.8661931 6.54814535704e-11 6.95133969476e-11
23760.0920895 5.95760002495e-11 6.86672402149e-11
23783.317986 6.06756212609e-11 5.94048349712e-11
23806.5438825 6.01087696583e-11 5.23559643129e-11
23829.7697789 5.87750460359e-11 5.92700267411e-11
23852.9956754 5.39619385776e-11 6.85955100119e-11
23876.2215719 5.31655038939e-11 6.97745257566e-11
23899.4474684 5.83206630246e-11 7.21069425885e-11
23922.6733648 6.57932471809e-11 8.13276019317e-11
23945.8992613 6.28960425737e-11 8.33700768856e-11
23969.1251578 6.04125022988e-11 8.45603338339e-11
23992.3510542 5.7819851998e-11 9.20789366352e-11
24015.5769507 6.26150267199e-11 8.82699427814e-11
24038.8028472 6.52831239684e-11 9.15676947111e-11
24062.0287436 6.43132269851e-11 9.03666750366e-11
24085.2546401 6.2001330787e-11 8.73898392122e-11
24108.4805366 5.89482977374e-11 7.74343817042e-11
24131.7064331 6.35409626184e-11 7.53930409861e-11
24154.9323295 6.01075341372e-11 7.37523230599e-11
24178.158226 5.55267374822e-11 7.18513721783e-11
24201.3841225 5.21570471227e-11 6.07262599343e-11
24224.6100189 4.90192351075e-11 6.23440721471e-11
24247.8359154 5.38721131819e-11 7.05741808084e-11
24271.0618119 5.9278618705e-11 7.66266298238e-11
24294.2877084 5.80348644212e-11 7.54377187811e-11
24317.5136048 5.77996457481e-11 7.60858549986e-11
24340.7395013 5.8132007317e-11 8.1459700249e-11
24363.9653978 6.40406536401e-11 9.19643086104e-11
24387.1912942 6.39211798971e-11 9.28494824197e-11
24410.4171907 6.11721126169e-11 9.45640953385e-11
24433.6430872 6.06162861068e-11 9.48562528595e-11
24456.8689837 6.14945134669e-11 8.95960554279e-11
24480.0948801 6.55051278158e-11 8.53049037525e-11
24503.3207766 6.118208918e-11 8.23435834507e-11
24526.5466731 5.6925599368e-11 8.35463940792e-11
24549.7725695 5.69174815289e-11 7.49842057254e-11
24572.998466 5.72059972927e-11 7.02099731241e-11
24596.2243625 5.33010018137e-11 6.12695727697e-11
24619.4502589 5.66774957564e-11 5.66851304158e-11
24642.6761554 5.17422357068e-11 5.23427024304e-11
24665.9020519 5.67420020542e-11 5.35947296489e-11
24689.1279484 5.84186071581e-11 5.26953862632e-11
24712.3538448 5.94963972093e-11 5.7318958674e-11
24735.5797413 5.62577479129e-11 5.72443197963e-11
24758.8056378 4.99744367174e-11 5.71984796593e-11
24782.0315342 4.66560879373e-11 5.85561298676e-11
24805.2574307 4.85051388596e-11 6.06478766115e-11
24828.4833272 5.04705719499e-11 6.24225686063e-11
24851.7092237 4.46031202599e-11 5.97574708077e-11
24874.9351201 4.07947922235e-11 5.69701597284e-11
24898.1610166 4.48494412563e-11 5.4000082142e-11
24921.3869131 4.16323088909e-11 5.25205702582e-11
24944.6128095 3.7977277037e-11 4.59694543009e-11
24967.838706 3.63816700518e-11 4.21293909914e-11
24991.0646025 3.18843584685e-11 3.85299291151e-11
25014.2904989 3.7105657953e-11 3.45286356234e-11
25037.5163954 3.48464266223e-11 3.20274578432e-11
25060.7422919 3.15451122183e-11 3.0963640761e-11
25083.9681884 3.1486426665e-11 3.35391295744e-11
25107.1940848 2.68614540184e-11 3.57853297939e-11
25130.4199813 2.94831953632e-11 4.10917046338e-11
25153.6458778 3.04407790875e-11 4.25832492123e-11
25176.8717742 2.71417399182e-11 4.4687522907e-11
25200.0976707 3.25508314826e-11 4.8252872759e-11
25223.3235672 2.87472700625e-11 4.78768116908e-11
25246.5494637 2.97518710617e-11 4.98548025406e-11
25269.7753601 3.10421966286e-11 4.66146749263e-11
25293.0012566 2.45511866067e-11 4.29877602418e-11
25316.2271531 3.32685611612e-11 4.20564800028e-11
25339.4530495 2.26761290051e-11 2.89224850354e-11
25362.678946 2.35552619423e-11 2.74488079356e-11
25385.9048425 2.47951146962e-11 1.94555010051e-11
25409.130739 2.02057569749e-11 1.0008692581e-11
25432.3566354 2.39199407238e-11 1.28957980013e-11
25455.5825319 2.47047063702e-11 1.67620984657e-11
25478.8084284 2.37760097453e-11 1.73928044669e-11
25502.0343248 2.45724848911e-11 2.54536976507e-11
25525.2602213 2.60084967461e-11 2.88957123489e-11
25548.4861178 2.82756993918e-11 3.30390716664e-11
25571.7120142 2.44789133307e-11 3.23983070388e-11
25594.9379107 2.67106533286e-11 3.388732737e-11
25618.1638072 2.48340443249e-11 3.41228040267e-11
25641.3897037 2.39855414336e-11 3.88796491788e-11
25664.6156001 2.07730113244e-11 3.50345803674e-11
25687.8414966 1.94947796563e-11 3.71358210211e-11
25711.0673931 2.37623183531e-11 2.86984829359e-11
25734.2932895 2.00701726208e-11 3.19089094597e-11
25757.519186 2.19990767481e-11 2.42428817793e-11
25780.7450825 2.15027853914e-11 2.32193052548e-11
25803.970979 2.19767275692e-11 1.80939189739e-11
25827.1968754 2.03811541208e-11 1.69477292072e-11
25850.4227719 2.56824420057e-11 1.27702388757e-11
25873.6486684 2.59280184586e-11 1.64236483069e-11
25896.8745648 2.86986011202e-11 1.7179236698e-11
25920.1004613 2.3758568358e-11 2.31007098394e-11
25943.3263578 3.01538201182e-11 2.68239887544e-11
25966.5522542 2.8896570922e-11 3.14476790336e-11
25989.7781507 3.13080979694e-11 3.10350050536e-11
26013.0040472 3.2418301507e-11 3.26032807908e-11
26036.2299437 3.03724667166e-11 3.17688607545e-11
26059.4558401 3.30316341881e-11 3.0733129712e-11
26082.6817366 2.91487468605e-11 3.34824086094e-11
26105.9076331 2.96030768013e-11 2.66310069418e-11
26129.1335295 2.81125457544e-11 2.30400745485e-11
26152.359426 2.86840989184e-11 1.8971102058e-11
26175.5853225 2.53020096125e-11 1.70888111245e-11
26198.811219 2.81848540224e-11 1.24052899561e-11
26222.0371154 2.94430367418e-11 9.99565213651e-12
26245.2630119 2.78443716934e-11 1.17806541666e-11
26268.4889084 3.23767226635e-11 1.00803095508e-11
26291.7148048 3.27542183559e-11 1.96286005454e-11
26314.9407013 3.07897484521e-11 2.22923779555e-11
26338.1665978 2.91098317535e-11 2.76827394875e-11
26361.3924942 3.17468864715e-11 3.01673142167e-11
26384.6183907 2.82333566945e-11 3.61749298571e-11
26407.8442872 2.57726987218e-11 3.90681684343e-11
26431.0701837 2.51590216109e-11 3.71310913856e-11
26454.2960801 2.55237116615e-11 4.06263229362e-11
26477.5219766 2.23245043225e-11 4.00747309569e-11
26500.7478731 2.12829205516e-11 3.63854859219e-11
26523.9737695 1.981419087e-11 3.49936355769e-11
26547.199666 1.91085713014e-11 3.17617243744e-11
26570.4255625 1.97774455464e-11 2.63625307386e-11
26593.651459 1.85863922584e-11 2.195411465e-11
26616.8773554 1.87588554849e-11 1.86671613106e-11
26640.1032519 1.92285488562e-11 1.52538914336e-11
26663.3291484 2.16182829514e-11 9.41428506559e-12
26686.5550448 2.20084408138e-11 5.88695142019e-12
26709.7809413 2.07391242449e-11 7.42986632755e-12
26733.0068378 2.25169057325e-11 8.0518862116e-12
26756.2327343 2.4199133439e-11 1.08705668632e-11
26779.4586307 2.18921948346e-11 1.27906226455e-11
26802.6845272 2.28304012754e-11 1.39864083558e-11
26825.9104237 2.3371135872e-11 1.50538889357e-11
26849.1363201 2.1794060647e-11 1.42393652271e-11
26872.3622166 1.95720137192e-11 1.43251973517e-11
26895.5881131 1.76113856391e-11 1.41599863766e-11
26918.8140095 1.64696947557e-11 1.3503377489e-11
26942.039906 1.36982088573e-11 1.37790076852e-11
26965.2658025 1.40396293523e-11 1.30806279588e-11
26988.491699 1.2322011619e-11 1.41478284931e-11
27011.7175954 1.37677229309e-11 1.30303822945e-11
27034.9434919 1.47876109761e-11 1.10431825822e-11
27058.1693884 1.48893934862e-11 7.85761271413e-12
27081.3952848 1.55221524031e-11 6.16274902172e-12
27104.6211813 1.50522397491e-11 3.89606327196e-12
27127.8470778 1.57753755381e-11 1.90153707345e-12
27151.0729743 1.7190726549e-11 1.34208606849e-12
27174.2988707 1.59417721228e-11 4.42952037639e-12
27197.5247672 1.43900095333e-11 7.32625561033e-12
27220.7506637 1.38503222054e-11 9.47188690655e-12
27243.9765601 1.32480346811e-11 1.12985266126e-11
27267.2024566 1.31044849477e-11 1.30675792704e-11
27290.4283531 1.27571251755e-11 1.40691298088e-11
27313.6542495 1.22139624937e-11 1.49326160391e-11
27336.880146 1.18438351165e-11 1.66544268707e-11
27360.1060425 1.2426722801e-11 1.75162650245e-11
27383.331939 1.35231172536e-11 1.87550781536e-11
27406.5578354 1.67680950565e-11 2.01635125806e-11
27429.7837319 1.86410074756e-11 1.94480163407e-11
27453.0096284 2.05027318387e-11 2.08517269061e-11
27476.2355248 2.08576502273e-11 2.12300733499e-11
27499.4614213 2.18482634435e-11 2.04434287796e-11
27522.6873178 2.28623532951e-11 1.87045156749e-11
27545.9132143 2.26059180552e-11 1.67678934695e-11
27569.1391107 2.2367285166e-11 1.55877279241e-11
27592.3650072 2.21934257633e-11 1.35734891876e-11
27615.5909037 2.23014075245e-11 1.05285521668e-11
27638.8168001 2.21889071372e-11 6.89041304583e-12
27662.0426966 2.21459492157e-11 4.36595059766e-12
27685.2685931 2.13715107147e-11 6.04474193297e-12
27708.4944895 2.07326551492e-11 7.81321804994e-12
27731.720386 2.07109153787e-11 8.74348361233e-12
27754.9462825 2.12798973683e-11 1.09779020937e-11
27778.172179 2.22697845009e-11 1.17592812206e-11
27801.3980754 2.26560610565e-11 1.05243089712e-11
27824.6239719 2.32511799252e-11 9.02159476683e-12
27847.8498684 2.36256222634e-11 8.28634086724e-12
27871.0757648 2.3344645395e-11 7.83344331879e-12
27894.3016613 2.36253870501e-11 6.42777413961e-12
27917.5275578 2.41279769487e-11 4.99091840704e-12
27940.7534543 2.42249106673e-11 4.1342372963e-12
27963.9793507 2.42604731216e-11 4.98688815552e-12
27987.2052472 2.26503297939e-11 6.14024270887e-12
28010.4311437 2.15057100327e-11 7.23525686099e-12
28033.6570401 2.0923178858e-11 7.44615104735e-12
28056.8829366 2.05118530147e-11 7.85834939767e-12
28080.1088331 1.94780952181e-11 8.77863062815e-12
28103.3347296 1.81114739197e-11 9.93486231873e-12
28126.560626 1.77868611786e-11 1.00469623677e-11
28149.7865225 1.85996850103e-11 8.91253133345e-12
28173.012419 1.87100392009e-11 8.5810081424e-12
28196.2383154 1.84184878592e-11 8.63105901778e-12
28219.4642119 1.92758546648e-11 7.09048081024e-12
28242.6901084 2.01425026037e-11 5.88943024519e-12
28265.9160048 2.08868487913e-11 4.97185857968e-12
28289.1419013 2.11637644689e-11 3.79239777452e-12
28312.3677978 2.06316203141e-11 3.96562561699e-12
28335.5936943 1.96330507077e-11 6.07512685922e-12
28358.8195907 1.81561070594e-11 8.9419659863e-12
28382.0454872 1.75067373684e-11 1.11493167657e-11
28405.2713837 1.62885980844e-11 1.41391325651e-11
28428.4972801 1.42983662967e-11 1.66781364781e-11
28451.7231766 1.24264585386e-11 1.94330809387e-11
28474.9490731 1.10764265239e-11 2.06102819891e-11
28498.1749696 1.00645825993e-11 2.14656331235e-11
28521.400866 9.5680026842e-12 2.25261024434e-11
28544.6267625 8.81796184258e-12 2.27037209607e-11
28567.852659 8.65817128314e-12 2.2264699507e-11
28591.0785554 8.77457198824e-12 2.08418793182e-11
28614.3044519 8.53558518819e-12 1.92720863891e-11
28637.5303484 9.08271915609e-12 1.79338361329e-11
28660.7562448 9.57701375872e-12 1.56148332132e-11
28683.9821413 1.02323248449e-11 1.28106189885e-11
28707.2080378 9.52839411729e-12 1.00600854356e-11
28730.4339343 9.44827505827e-12 7.28958674758e-12
28753.6598307 9.3286633277e-12 4.42884121844e-12
28776.8857272 8.26496158114e-12 2.56463928099e-12
28800.1116237 7.09364516179e-12 3.1271612656e-12
28823.3375201 5.88844755009e-12 5.2623882958e-12
28846.5634166 5.00837781158e-12 7.73560583982e-12
28869.7893131 4.58900549027e-12 9.67246443969e-12
28893.0152096 4.66014588826e-12 1.17265189022e-11
28916.241106 5.44322660097e-12 1.33405573307e-11
28939.4670025 6.04920429169e-12 1.43485704367e-11
28962.692899 7.39098175509e-12 1.48600100926e-11
28985.9187954 8.51997519757e-12 1.52991832395e-11
29009.1446919 9.83055658089e-12 1.53955940056e-11
29032.3705884 1.15426091434e-11 1.42207462219e-11
29055.5964849 1.24827228884e-11 1.3124391697e-11
29078.8223813 1.25956531091e-11 1.1329230005e-11
29102.0482778 1.21018294356e-11 9.35559417918e-12
29125.2741743 1.19568297792e-11 7.25156780417e-12
29148.5000707 1.13993106312e-11 5.05599157141e-12
29171.7259672 1.05936906001e-11 2.7981130137e-12
29194.9518637 9.84958627953e-12 2.463265094e-12
29218.1777601 9.64516499126e-12 4.42488620172e-12
29241.4036566 9.40411678027e-12 6.73287348142e-12
29264.6295531 9.90645609581e-12 9.16964333336e-12
29287.8554496 1.04437558077e-11 1.13486798774e-11
29311.081346 1.12395928292e-11 1.30248567314e-11
29334.3072425 1.19897299901e-11 1.42932816934e-11
29357.533139 1.25283062361e-11 1.54155665954e-11
29380.7590354 1.3277841232e-11 1.64072256214e-11
29403.9849319 1.38609662941e-11 1.69426443035e-11
29427.2108284 1.43758229617e-11 1.73162021166e-11
29450.4367249 1.48716561086e-11 1.73064105417e-11
29473.6626213 1.49631209933e-11 1.69625464656e-11
29496.8885178 1.47017148167e-11 1.61413673414e-11
29520.1144143 1.39843926589e-11 1.50200558338e-11
29543.3403107 1.34976321846e-11 1.37329343012e-11
29566.5662072 1.28961100861e-11 1.23239363709e-11
29589.7921037 1.20030977471e-11 1.07355829838e-11
29613.0180001 1.13422343925e-11 9.44565892706e-12
29636.2438966 1.04835188654e-11 8.06713118888e-12
29659.4697931 9.98701234501e-12 6.79419505358e-12
29682.6956896 1.01453284561e-11 5.84096998979e-12
29705.921586 1.06451531907e-11 5.01136834457e-12
29729.1474825 1.11434695871e-11 4.94808725553e-12
29752.373379 1.14179799487e-11 4.82202925043e-12
29775.5992754 1.17333709762e-11 5.39245900539e-12
29798.8251719 1.22479779219e-11 5.97146561437e-12
29822.0510684 1.29404724553e-11 6.52520951581e-12
29845.2769649 1.3244849993e-11 6.86540776908e-12
29868.5028613 1.3106335823e-11 7.11905572836e-12
29891.7287578 1.22404774809e-11 7.23484426388e-12
29914.9546543 1.13557617278e-11 7.25006482835e-12
29938.1805507 1.05578137292e-11 7.30674654895e-12
29961.4064472 9.93253014431e-12 7.26901295516e-12
29984.6323437 9.08747870021e-12 7.41617670271e-12
30007.8582401 8.25762063688e-12 7.42996561774e-12
30031.0841366 7.26087735579e-12 7.60559237456e-12
30054.3100331 6.32649353373e-12 7.39136421449e-12
30077.5359296 5.54110664102e-12 7.15956369186e-12
30100.761826 4.90741743286e-12 6.78250741443e-12
30123.9877225 4.47747151247e-12 6.40002427442e-12
30147.213619 4.41127309725e-12 5.78439131165e-12
30170.4395154 4.4187152854e-12 5.44475845871e-12
30193.6654119 4.85889995385e-12 4.86103323055e-12
30216.8913084 4.88263742797e-12 4.45303341812e-12
30240.1172049 4.94949052564e-12 4.11346995973e-12
30263.3431013 4.78581235146e-12 4.04695707996e-12
30286.5689978 4.75078075292e-12 4.30028436152e-12
30309.7948943 4.50426351955e-12 5.13546949004e-12
30333.0207907 4.05290730939e-12 6.35527783428e-12
30356.2466872 3.42145972164e-12 7.71260428263e-12
30379.4725837 2.97746176038e-12 9.20212267719e-12
30402.6984802 2.59770884307e-12 1.04054080733e-11
30425.9243766 2.24190067639e-12 1.14592262436e-11
30449.1502731 1.92956309029e-12 1.25706606603e-11
30472.3761696 1.5970606372e-12 1.3228165214e-11
30495.602066 1.75778198522e-12 1.40286020621e-11
30518.8279625 2.4395823337e-12 1.43141976551e-11
30542.053859 3.03550611887e-12 1.47642255489e-11
30565.2797554 3.53043041145e-12 1.46094769226e-11
30588.5056519 3.85027545594e-12 1.43627610425e-11
30611.7315484 3.88929176617e-12 1.35540423568e-11
30634.9574449 3.8547285208e-12 1.24708345499e-11
30658.1833413 3.58785484622e-12 1.10891326618e-11
30681.4092378 3.29782991163e-12 9.22551992456e-12
30704.6351343 2.93912630788e-12 7.56406132147e-12
30727.8610307 2.69488357452e-12 5.6691580802e-12
30751.0869272 2.66346934477e-12 3.72490646468e-12
30774.3128237 2.85388881771e-12 1.88583553265e-12
30797.5387202 3.47915421544e-12 7.60376164888e-13
30820.7646166 4.10350718995e-12 2.38523950547e-12
30843.9905131 4.8848636077e-12 4.35708072521e-12
30867.2164096 5.67142599218e-12 6.13558420547e-12
30890.442306 6.35462696501e-12 7.85417544726e-12
30913.6682025 6.9065595493e-12 9.29102701173e-12
30936.894099 7.26990759955e-12 1.03688533817e-11
30960.1199954 7.5771693533e-12 1.12535372174e-11
30983.3458919 7.69422884381e-12 1.16593079163e-11
31006.5717884 7.73654319483e-12 1.17460275066e-11
31029.7976849 7.70603493613e-12 1.15532850027e-11
31053.0235813 7.43473986203e-12 1.09887861571e-11
31076.2494778 7.15376889229e-12 1.03206603654e-11
31099.4753743 6.64085775041e-12 9.0847929826e-12
31122.7012707 6.11582985737e-12 7.67940298855e-12
31145.9271672 5.69644693511e-12 6.30138516327e-12
31169.1530637 5.25365908488e-12 4.51539449969e-12
31192.3789602 5.21571196868e-12 2.49832460647e-12
31215.6048566 5.34608757054e-12 5.31238299026e-13
31238.8307531 5.61389537477e-12 1.52882055371e-12
31262.0566496 6.01871167038e-12 3.50824594157e-12
31285.282546 6.3932789484e-12 5.35535231901e-12
31308.5084425 6.76451944759e-12 7.05365652307e-12
31331.734339 7.04768109268e-12 8.54986350338e-12
31354.9602355 7.30982199014e-12 9.87013691435e-12
31378.1861319 7.36716131584e-12 1.09453011611e-11
31401.4120284 7.37498023068e-12 1.18386917143e-11
31424.6379249 7.27632675322e-12 1.25656981995e-11
31447.8638213 7.2309566531e-12 1.30834636399e-11
31471.0897178 6.96828204194e-12 1.32373510282e-11
31494.3156143 6.58209489348e-12 1.30608751326e-11
31517.5415107 6.17380014595e-12 1.27467778564e-11
31540.7674072 5.62406126261e-12 1.21098997648e-11
31563.9933037 5.09910527696e-12 1.12104331979e-11
31587.2192002 4.51167812575e-12 1.01936571886e-11
31610.4450966 3.95585497985e-12 9.02824484307e-12
31633.6709931 3.4249442642e-12 7.83448989946e-12
31656.8968896 3.0450385746e-12 6.62629586696e-12
31680.122786 2.86782104173e-12 5.41824515639e-12
31703.3486825 2.90919472152e-12 4.27084228878e-12
31726.574579 3.12670837737e-12 3.45082422049e-12
31749.8004755 3.50573274797e-12 3.00666376128e-12
31773.0263719 3.77823425987e-12 3.11643080399e-12
31796.2522684 4.03056628309e-12 3.71442468205e-12
31819.4781649 4.15488636551e-12 4.46889662953e-12
31842.7040613 4.2783603835e-12 5.29285931308e-12
31865.9299578 4.42935730435e-12 6.10020200955e-12
31889.1558543 4.53956446577e-12 6.75244056995e-12
31912.3817507 4.56952657664e-12 7.36977719166e-12
31935.6076472 4.54311179951e-12 7.85121471225e-12
31958.8335437 4.41573359117e-12 8.22308381443e-12
31982.0594402 4.27601004811e-12 8.45898216017e-12
32005.2853366 4.07145345447e-12 8.54464381157e-12
32028.5112331 3.87480903579e-12 8.48978075637e-12
32051.7371296 3.6384964719e-12 8.28421250717e-12
32074.963026 3.41283093551e-12 7.9479838752e-12
32098.1889225 3.14899444963e-12 7.47440534775e-12
32121.414819 2.78573465622e-12 6.84899591999e-12
32144.6407155 2.46494511881e-12 6.12103497249e-12
32167.8666119 2.16514570658e-12 5.28831666267e-12
32191.0925084 1.94516379039e-12 4.40186707052e-12
32214.3184049 1.86013945032e-12 3.43952757016e-12
32237.5443013 1.9652209199e-12 2.62810801379e-12
32260.7701978 2.23377418089e-12 2.27666703775e-12
32283.9960943 2.59065800644e-12 2.69007514302e-12
32307.2219907 3.06470479677e-12 3.68191864213e-12
32330.4478872 3.53552207332e-12 4.85959588837e-12
32353.6737837 4.02401792583e-12 6.07870030051e-12
32376.8996802 4.42449976286e-12 7.30056170196e-12
32400.1255766 4.81820561579e-12 8.47167930391e-12
32423.3514731 5.13581620931e-12 9.42324957408e-12
32446.5773696 5.32168593218e-12 1.02272174428e-11
32469.803266 5.42151229871e-12 1.08195930837e-11
32493.0291625 5.41691989971e-12 1.12150853026e-11
32516.255059 5.33716089235e-12 1.14310228104e-11
32539.4809555 5.1596374114e-12 1.14396477087e-11
32562.7068519 4.89279836489e-12 1.11968115817e-11
32585.9327484 4.54635792618e-12 1.06952042679e-11
32609.1586449 4.15717708949e-12 9.98071300029e-12
32632.3845413 3.73911355373e-12 9.05545360442e-12
32655.6104378 3.37852941108e-12 7.9251720014e-12
32678.8363343 3.08185215249e-12 6.66872196111e-12
32702.0622308 2.93859624689e-12 5.3006133657e-12
32725.2881272 2.94517607371e-12 3.85099372209e-12
32748.5140237 3.14039539754e-12 2.41881811003e-12
32771.7399202 3.45272087773e-12 1.39752594605e-12
32794.9658166 3.84462306713e-12 1.77057480642e-12
32818.1917131 4.26429505369e-12 3.05889324741e-12
32841.4176096 4.65466807866e-12 4.41030557443e-12
32864.643506 5.01244687762e-12 5.6856727021e-12
32887.8694025 5.296312663e-12 6.85204589472e-12
32911.095299 5.49058922108e-12 7.85442628857e-12
32934.3211955 5.57547124373e-12 8.650254114e-12
32957.5470919 5.58824455163e-12 9.25272495843e-12
32980.7729884 5.49947115462e-12 9.63080487853e-12
33003.9988849 5.33563059881e-12 9.79384712835e-12
33027.2247813 5.09591012874e-12 9.70687514189e-12
33050.4506778 4.78725477253e-12 9.4030038084e-12
33073.6765743 4.42446110366e-12 8.89028305591e-12
33096.9024708 4.02746654781e-12 8.19394674775e-12
33120.1283672 3.60515723291e-12 7.29613540191e-12
33143.3542637 3.21612307877e-12 6.24826659008e-12
33166.5801602 2.87396097555e-12 5.08414347042e-12
33189.8060566 2.65239060107e-12 3.85187658249e-12
33213.0319531 2.58199009552e-12 2.60172550473e-12
33236.2578496 2.67529902379e-12 1.59670427098e-12
33259.483746 2.9160167165e-12 1.57982588674e-12
33282.7096425 3.21036459131e-12 2.52654424311e-12
33305.935539 3.53337993186e-12 3.73079837347e-12
33329.1614355 3.85726303649e-12 4.9575172924e-12
33352.3873319 4.16902824448e-12 6.09710503097e-12
33375.6132284 4.42367696159e-12 7.12831875713e-12
33398.8391249 4.59939925916e-12 8.03988528212e-12
33422.0650213 4.71397266745e-12 8.79238113666e-12
33445.2909178 4.75045515923e-12 9.38192480052e-12
33468.5168143 4.73029888392e-12 9.78897144582e-12
33491.7427108 4.63815445623e-12 1.0005374355e-11
33514.9686072 4.47925091822e-12 1.00315179452e-11
33538.1945037 4.26501096973e-12 9.87135086653e-12
33561.4204002 3.9841526677e-12 9.53452754622e-12
33584.6462966 3.67004813291e-12 9.01755259451e-12
33607.8721931 3.31649597091e-12 8.3275681089e-12
33631.0980896 2.95757040925e-12 7.49338698765e-12
33654.3239861 2.61113543563e-12 6.54754817411e-12
33677.5498825 2.30822461077e-12 5.48399463025e-12
33700.775779 2.11460073007e-12 4.39862778215e-12
33724.0016755 2.07471059455e-12 3.29815955921e-12
33747.2275719 2.1944118569e-12 2.35778245393e-12
33770.4534684 2.44511734394e-12 1.87963257967e-12
33793.6793649 2.77349835406e-12 2.23034536361e-12
33816.9052613 3.12767140954e-12 3.09871498447e-12
33840.1311578 3.4879566481e-12 4.13729389833e-12
33863.3570543 3.82550254175e-12 5.15887320931e-12
33886.5829508 4.12709748831e-12 6.13627723867e-12
33909.8088472 4.36592632326e-12 6.98736951548e-12
33933.0347437 4.55004794888e-12 7.71206747531e-12
33956.2606402 4.65801606623e-12 8.27971739864e-12
33979.4865366 4.69162778675e-12 8.68864762767e-12
34002.7124331 4.6557994137e-12 8.91335854143e-12
34025.9383296 4.53898178181e-12 8.94798368727e-12
34049.1642261 4.36305106383e-12 8.80228923843e-12
34072.3901225 4.11774978671e-12 8.47057747578e-12
34095.616019 3.81289210192e-12 7.94684721128e-12
34118.8419155 3.49099707354e-12 7.29029897882e-12
34142.0678119 3.13692525727e-12 6.47189798108e-12
34165.2937084 2.80882562247e-12 5.53843650185e-12
34188.5196049 2.54300220295e-12 4.50447382117e-12
34211.7455013 2.38653177489e-12 3.42259035906e-12
34234.9713978 2.38113197879e-12 2.37023240376e-12
34258.1972943 2.51312788619e-12 1.6141701655e-12
34281.4231908 2.76856041436e-12 1.71708225481e-12
34304.6490872 3.09308318137e-12 2.59676915585e-12
34327.8749837 3.44331710638e-12 3.68677695464e-12
34351.1008802 3.78439026646e-12 4.79823033184e-12
34374.3267766 4.09149070936e-12 5.85153588979e-12
34397.5526731 4.35632185893e-12 6.80398486007e-12
34420.7785696 4.5557332196e-12 7.62421988743e-12
34444.0044661 4.68650302986e-12 8.28698138979e-12
34467.2303625 4.75107460493e-12 8.79835946784e-12
34490.456259 4.72971066894e-12 9.11783239795e-12
34513.6821555 4.6367316124e-12 9.2626189615e-12
34536.9080519 4.46122364982e-12 9.2157042156e-12
34560.1339484 4.22899068959e-12 8.99039052971e-12
34583.3598449 3.93431323869e-12 8.57411037425e-12
34606.5857413 3.60598122039e-12 7.98704694541e-12
34629.8116378 3.25219908841e-12 7.23983517984e-12
34653.0375343 2.89981013673e-12 6.35795859158e-12
34676.2634308 2.58987600337e-12 5.35523927264e-12
34699.4893272 2.35999009148e-12 4.27872105491e-12
34722.7152237 2.25662256847e-12 3.16850405669e-12
34745.9411202 2.29987051258e-12 2.12964144652e-12
34769.1670166 2.47433932593e-12 1.50694788355e-12
34792.3929131 2.74708161314e-12 1.83235591013e-12
34815.6188096 3.06639435841e-12 2.77438918638e-12
34838.8447061 3.39441291605e-12 3.84811514773e-12
34862.0706025 3.70675443103e-12 4.90692039437e-12
34885.296499 3.98133108738e-12 5.89131040205e-12
34908.5223955 4.20029463078e-12 6.76016643368e-12
34931.7482919 4.36302432182e-12 7.49501747206e-12
34954.9741884 4.45498393206e-12 8.07868196363e-12
34978.2000849 4.47638373483e-12 8.49647552424e-12
35001.4259814 4.42622811263e-12 8.73932462775e-12
35024.6518778 4.31418297406e-12 8.80204085213e-12
35047.8777743 4.13047907239e-12 8.67481800842e-12
35071.1036708 3.89399023614e-12 8.37639722693e-12
35094.3295672 3.60770537577e-12 7.90010081712e-12
35117.5554637 3.29187135803e-12 7.26801104384e-12
35140.7813602 2.96070087149e-12 6.48812551674e-12
35164.0072566 2.64416507044e-12 5.58730276828e-12
35187.2331531 2.3681692441e-12 4.59419619848e-12
35210.4590496 2.18371630977e-12 3.53979086172e-12
35233.6849461 2.12150359366e-12 2.4970336894e-12
35256.9108425 2.20296679695e-12 1.63866663751e-12
35280.136739 2.40407330579e-12 1.47014146133e-12
35303.3626355 2.6816216967e-12 2.164064189e-12
35326.5885319 2.99465900545e-12 3.16274513427e-12
35349.8144284 3.31110211326e-12 4.20286639218e-12
35373.0403249 3.61043051595e-12 5.19174476514e-12
35396.2662214 3.87093276939e-12 6.09269803558e-12
35419.4921178 4.08002618648e-12 6.87783322874e-12
35442.7180143 4.22901921337e-12 7.52313003641e-12
35465.9439108 4.31343943954e-12 8.01971537586e-12
35489.1698072 4.33297100354e-12 8.34953512381e-12
35512.3957037 4.28194325625e-12 8.50800870291e-12
35535.6216002 4.16552069431e-12 8.49007741825e-12
35558.8474966 3.98599899059e-12 8.30095579033e-12
35582.0733931 3.7513721237e-12 7.94029257498e-12
35605.2992896 3.47096312573e-12 7.41985129197e-12
35628.5251861 3.16138484601e-12 6.75267401768e-12
35651.7510825 2.84175609093e-12 5.95643154037e-12
35674.976979 2.53813128131e-12 5.04544668195e-12
35698.2028755 2.2890814735e-12 4.0609400825e-12
35721.4287719 2.13311363822e-12 3.04172713802e-12
35744.6546684 2.10782861289e-12 2.08395406518e-12
35767.8805649 2.21611717453e-12 1.47408262485e-12
35791.1064614 2.43275609629e-12 1.70568086741e-12
35814.3323578 2.719432109e-12 2.54304562393e-12
35837.5582543 3.02858155214e-12 3.54348124008e-12
35860.7841508 3.33835310474e-12 4.54905233758e-12
35884.0100472 3.62292162075e-12 5.48887561628e-12
35907.2359437 3.86466472242e-12 6.33294418403e-12
35930.4618402 4.05500359997e-12 7.05671491006e-12
35953.6877366 4.18390281644e-12 7.64213424411e-12
35976.9136331 4.24762271406e-12 8.07499725037e-12
36000.1395296 4.2461028764e-12 8.34556475281e-12
36023.3654261 4.17605828787e-12 8.44455189346e-12
36046.5913225 4.04251216279e-12 8.37368673274e-12
36069.817219 3.84968757641e-12 8.13558620875e-12
36093.0431155 3.6056846144e-12 7.73234281652e-12
36116.2690119 3.32154134902e-12 7.17471903992e-12
36139.4949084 3.01542367372e-12 6.47930992752e-12
36162.7208049 2.70557871823e-12 5.6597382206e-12
36185.9467014 2.42322038784e-12 4.73942461736e-12
36209.1725978 2.20772203606e-12 3.75092127991e-12
36232.3984943 2.09457694509e-12 2.74153074909e-12
36255.6243908 2.11106668363e-12 1.82406326406e-12
36278.8502872 2.2519493066e-12 1.34796992395e-12
36302.0761837 2.48417385102e-12 1.75195792499e-12
36325.3020802 2.76757486385e-12 2.63490962829e-12
36348.5279767 3.06835152918e-12 3.61782847364e-12
36371.7538731 3.35883469423e-12 4.57647845106e-12
36394.9797696 3.61967873894e-12 5.46105904954e-12
36418.2056661 3.83797304458e-12 6.24244878885e-12
36441.4315625 4.00325621692e-12 6.89770848847e-12
36464.657459 4.10839330888e-12 7.41086460852e-12
36487.8833555 4.15014860908e-12 7.76873052448e-12
36511.1092519 4.12693429495e-12 7.9634208136e-12
36534.3351484 4.03858715127e-12 7.99110093948e-12
36557.5610449 3.88842949432e-12 7.85177923481e-12
36580.7869414 3.68362439812e-12 7.54927744801e-12
36604.0128378 3.43158312594e-12 7.09008573745e-12
36627.2387343 3.14565244003e-12 6.48598008335e-12
36650.4646308 2.84256171858e-12 5.75198255776e-12
36673.6905272 2.54386004172e-12 4.90768288856e-12
36696.9164237 2.28166213715e-12 3.97923391371e-12
36720.1423202 2.09209053701e-12 3.00591568856e-12
36743.3682167 2.01264139418e-12 2.06616213574e-12
36766.5941131 2.06225358013e-12 1.39369091007e-12
36789.8200096 2.22578445004e-12 1.50427994787e-12
36813.0459061 2.46904599737e-12 2.28230384006e-12
36836.2718025 2.75346504097e-12 3.24650895258e-12
36859.497699 3.04654820798e-12 4.22201267259e-12
36882.7235955 3.32445742609e-12 5.14319208402e-12
36905.9494919 3.56995089033e-12 5.97612589194e-12
36929.1753884 3.7709168174e-12 6.69663761619e-12
36952.4012849 3.91842772535e-12 7.28604154424e-12
36975.6271814 4.00636212639e-12 7.73042908503e-12
36998.8530778 4.0313212256e-12 8.01956137071e-12
37022.0789743 3.99292706926e-12 8.1475831569e-12
37045.3048708 3.89291796985e-12 8.11206595701e-12
37068.5307672 3.73427856092e-12 7.91394672093e-12
37091.7566637 3.52410400288e-12 7.55813278685e-12
37114.9825602 3.2716671135e-12 7.05267983824e-12
37138.2084567 2.98958099402e-12 6.40990787812e-12
37161.4343531 2.69604889393e-12 5.64606107855e-12
37184.6602496 2.415757598e-12 4.78169887618e-12
37207.8861461 2.18016403518e-12 3.84368022915e-12
37231.1120425 2.02649979294e-12 2.87196711567e-12
37254.337939 1.98755943704e-12 1.94913273216e-12
37277.5638355 2.07216485443e-12 1.32703804144e-12
37300.789732 2.25978348725e-12 1.50443847163e-12
37324.0156284 2.51351763722e-12 2.28402753712e-12
37347.2415249 2.7970914955e-12 3.21445653438e-12
37370.4674214 3.08181740778e-12 4.14065104796e-12
37393.6933178 3.3465200371e-12 5.00431511343e-12
37416.9192143 3.57580619911e-12 5.77355684198e-12
37440.1451108 3.75872263091e-12 6.42641485036e-12
37463.3710072 3.88755583303e-12 6.94601878275e-12
37486.5969037 3.9568209339e-12 7.31999017825e-12
37509.8228002 3.96425129983e-12 7.53988658637e-12
37533.0486967 3.90942825027e-12 7.60054554981e-12
37556.2745931 3.79483470324e-12 7.5010999477e-12
37579.5004896 3.62461230216e-12 7.24399259302e-12
37602.7263861 3.40579029005e-12 6.83546241277e-12
37625.9522825 3.14834543395e-12 6.28511825992e-12
37649.178179 2.86669998243e-12 5.60697178628e-12
37672.4040755 2.57932348285e-12 4.81894197818e-12
37695.629972 2.31176076073e-12 3.94433220446e-12
37718.8558684 2.0974284882e-12 3.01777925755e-12
37742.0817649 1.97268033062e-12 2.10389088143e-12
37765.3076614 1.96458016793e-12 1.38733464257e-12
37788.5335578 2.074365948e-12 1.35238168113e-12
37811.7594543 2.27604019523e-12 2.04038813329e-12
37834.9853508 2.53298627031e-12 2.95736674134e-12
37858.2112472 2.81159066663e-12 3.90019325471e-12
37881.4371437 3.0855424076e-12 4.79923651493e-12
37904.6630402 3.33546632392e-12 5.61873043632e-12
37927.8889367 3.5474077347e-12 6.33407771017e-12
37951.1148331 3.71168401416e-12 6.92715148949e-12
37974.3407296 3.82127574828e-12 7.3836020756e-12
37997.5666261 3.87219101775e-12 7.69277711496e-12
38020.7925225 3.86229177348e-12 7.84798435978e-12
38044.018419 3.79186012385e-12 7.8460420188e-12
38067.2443155 3.66404491394e-12 7.6868389086e-12
38090.470212 3.48380045857e-12 7.37453097659e-12
38113.6961084 3.25850228091e-12 6.91649153826e-12
38136.9220049 2.99926982998e-12 6.32354732338e-12
38160.1479014 2.72110305962e-12 5.61040813032e-12
38183.3737978 2.44426969794e-12 4.79528175619e-12
38206.5996943 2.19594804476e-12 3.9027818161e-12
38229.8255908 2.01062640826e-12 2.96783913101e-12
38253.0514872 1.92320778209e-12 2.05547327339e-12
38276.2773837 1.95366605309e-12 1.35356179838e-12
38299.5032802 2.09356886273e-12 1.33816625001e-12
38322.7291767 2.31278101476e-12 2.01621906272e-12
38345.9550731 2.57571575053e-12 2.90287522464e-12
38369.1809696 2.85115418642e-12 3.8041649794e-12
38392.4068661 3.11577851721e-12 4.65384789797e-12
38415.6327625 3.35271155749e-12 5.41786584862e-12
38438.858659 3.54929933831e-12 6.07323531609e-12
38462.0845555 3.69677789631e-12 6.60297856387e-12
38485.310452 3.78931015187e-12 6.9941280165e-12
38508.5363484 3.82338947676e-12 7.23781603816e-12
38531.7622449 3.79769757702e-12 7.32833076208e-12
38554.9881414 3.71322821768e-12 7.26396859216e-12
38578.2140378 3.57340870948e-12 7.04665323709e-12
38601.4399343 3.38380043802e-12 6.68095899334e-12
38624.6658308 3.15266095071e-12 6.17612043174e-12
38647.8917273 2.89142023452e-12 5.54442199091e-12
38671.1176237 2.61621477033e-12 4.80210703261e-12
38694.3435202 2.34868674442e-12 3.97070458162e-12
38717.5694167 2.11739399996e-12 3.08016145651e-12
38740.7953131 1.95685407729e-12 2.18399020741e-12
38764.0212096 1.89886272934e-12 1.42368957054e-12
38787.2471061 1.95645677584e-12 1.22755463299e-12
38810.4730025 2.1153706933e-12 1.80859053305e-12
38833.698899 2.34323774304e-12 2.6813350599e-12
38856.9247955 2.60538974714e-12 3.59856077951e-12
38880.150692 2.87345352949e-12 4.48153184385e-12
38903.3765884 3.12639792976e-12 5.29242810561e-12
38926.6024849 3.34845196503e-12 6.00651604883e-12
38949.8283814 3.52844452091e-12 6.60479504063e-12
38973.0542778 3.65873596054e-12 7.07301233679e-12
38996.2801743 3.73365826094e-12 7.40005147154e-12
39019.5060708 3.75053881638e-12 7.57898899966e-12
39042.7319673 3.70890315977e-12 7.605637535e-12
39065.9578637 3.61001873698e-12 7.47936606074e-12
39089.1837602 3.45797570667e-12 7.20362634655e-12
39112.4096567 3.25920228568e-12 6.78473708884e-12
39135.6355531 3.02234531407e-12 6.23261690608e-12
39158.8614496 2.76007139875e-12 5.56076447879e-12
39182.0873461 2.48991934001e-12 4.78620468779e-12
39205.3132425 2.23488253032e-12 3.93121016846e-12
39228.539139 2.02542207724e-12 3.02739915401e-12
39251.7650355 1.89631292777e-12 2.13011533172e-12
39274.990932 1.87501683368e-12 1.38913079752e-12
39298.2168284 1.96636823851e-12 1.23685120404e-12
39321.4427249 2.14896366737e-12 1.8269244999e-12
39344.6686214 2.38870367743e-12 2.67786338885e-12
39367.8945178 2.65326681113e-12 3.56049115002e-12
39391.1204143 2.91677358658e-12 4.4001410348e-12
39414.3463108 3.15996741032e-12 5.16151883169e-12
39437.5722073 3.36909958853e-12 5.82100638463e-12
39460.7981037 3.53436154352e-12 6.36078779248e-12
39484.0240002 3.64868673661e-12 6.76787616569e-12
39507.2498967 3.70751524673e-12 7.03271973485e-12
39530.4757931 3.70874310687e-12 7.14936471135e-12
39553.7016896 3.65233065114e-12 7.11550456804e-12
39576.9275861 3.54046603123e-12 6.93175147007e-12
39600.1534826 3.37760924539e-12 6.60259814433e-12
39623.379379 3.17061276075e-12 6.13595046459e-12
39646.6052755 2.92928670085e-12 5.54278913526e-12
39669.831172 2.66719962244e-12 4.83836398073e-12
39693.0570684 2.40259118028e-12 4.04241794062e-12
39716.2829649 2.16009558856e-12 3.18162935762e-12
39739.5088614 1.97131444674e-12 2.30065652524e-12
39762.7347578 1.86954320669e-12 1.50724611343e-12
39785.9606543 1.87712701936e-12 1.15306648708e-12
39809.1865508 1.99181231208e-12 1.60005453929e-12
39832.4124473 2.18804391581e-12 2.4237956548e-12
39855.6383437 2.4318014785e-12 3.3180878295e-12
39878.8642402 2.6929365299e-12 4.18890884768e-12
39902.0901367 2.94782539032e-12 4.99494723818e-12
39925.3160331 3.17871683308e-12 5.7102765783e-12
39948.5419296 3.3732063432e-12 6.31597605517e-12
39971.7678261 3.52231761585e-12 6.79711219886e-12
39994.9937226 3.61966902919e-12 7.14209417539e-12
40018.219619 3.66171968236e-12 7.34340727814e-12
40041.4455155 3.64664243311e-12 7.39630572213e-12
40064.671412 3.57501441205e-12 7.29955841368e-12
40087.8973084 3.44981590141e-12 7.05596358588e-12
40111.1232049 3.27566334124e-12 6.67108411486e-12
40134.3491014 3.06017286267e-12 6.15360958681e-12
40157.5749978 2.81437697758e-12 5.51619549092e-12
40180.8008943 2.55249553952e-12 4.7751928385e-12
40204.0267908 2.29458583497e-12 3.95123242036e-12
40227.2526873 2.06734170301e-12 3.07332858858e-12
40250.4785837 1.90335356762e-12 2.19061260816e-12
40273.7044802 1.83438678406e-12 1.42885046126e-12
40296.9303767 1.87657290957e-12 1.17659595032e-12
40320.1562731 2.01941014457e-12 1.69083366023e-12
40343.3821696 2.23319521656e-12 2.51385216672e-12
40366.6080661 2.48429606915e-12 3.38404523781e-12
40389.8339626 2.74470380821e-12 4.21977448879e-12
40413.059859 2.99340610003e-12 4.98313143922e-12
40436.2857555 3.21461366876e-12 5.64963540696e-12
40459.511652 3.39660062986e-12 6.20174018026e-12
40482.7375484 3.53143965598e-12 6.62575184803e-12
40505.9634449 3.61389441714e-12 6.91159718842e-12
40529.1893414 3.64069430849e-12 7.05302678263e-12
40552.4152378 3.61080269459e-12 7.04650348093e-12
40575.6411343 3.52535680891e-12 6.89261689651e-12
40598.8670308 3.38794464297e-12 6.59501197919e-12
40622.0929273 3.20398604722e-12 6.16036068614e-12
40645.3188237 2.98173113948e-12 5.59917224661e-12
40668.5447202 2.7329603834e-12 4.92539339122e-12
40691.7706167 2.47325386822e-12 4.15729491697e-12
40714.9965131 2.2239281193e-12 3.31942044286e-12
40738.2224096 2.01306318932e-12 2.4493269372e-12
40761.4483061 1.87361442667e-12 1.63053578478e-12
40784.6742026 1.83399545605e-12 1.13542814544e-12
40807.900099 1.90339434014e-12 1.41905904115e-12
40831.1259955 2.06522525961e-12 2.18700982325e-12
40854.351892 2.28839589403e-12 3.06145708148e-12
40877.5777884 2.54066551836e-12 3.92477003971e-12
40900.8036849 2.79592061128e-12 4.73093136402e-12
40924.0295814 3.03517256796e-12 5.45216937006e-12
40947.2554779 3.24379803964e-12 6.068313966e-12
40970.4813743 3.41100053483e-12 6.56421639131e-12
40993.7072708 3.52996410555e-12 6.92798877865e-12
41016.9331673 3.59610157249e-12 7.15119960009e-12
41040.1590637 3.60628347432e-12 7.22906670393e-12
41063.3849602 3.56045768046e-12 7.15957134265e-12
41086.6108567 3.46045249092e-12 6.94412696625e-12
41109.8367531 3.30986643961e-12 6.58827940176e-12
41133.0626496 3.11509158032e-12 6.10007832146e-12
41156.2885461 2.88521513747e-12 5.49117965038e-12
41179.5144426 2.63273890231e-12 4.77690997503e-12
41202.740339 2.37491982996e-12 3.97693879113e-12
41225.9662355 2.13476646717e-12 3.11861113963e-12
41249.192132 1.94205355603e-12 2.24669452817e-12
41272.4180284 1.83003571358e-12 1.47146085648e-12
41295.6439249 1.82320422333e-12 1.14435682194e-12
41318.8698214 1.92308672193e-12 1.59372411677e-12
41342.0957179 2.10712283066e-12 2.39616995788e-12
41365.3216143 2.34254862953e-12 3.26101000457e-12
41388.5475108 2.59865372932e-12 4.09847165041e-12
41411.7734073 2.85149988823e-12 4.86851135459e-12
41434.9993037 3.08342887362e-12 5.54626950879e-12
41458.2252002 3.28156198409e-12 6.11332252208e-12
41481.4510967 3.43642987418e-12 6.55574200696e-12
41504.6769931 3.5414688128e-12 6.86320908498e-12
41527.9028896 3.59270132765e-12 7.02826891323e-12
41551.1287861 3.58845824906e-12 7.04740838882e-12
41574.3546826 3.52853451729e-12 6.92044162153e-12
41597.580579 3.41518842594e-12 6.6498239518e-12
41620.8064755 3.25340625977e-12 6.24219834499e-12
41644.032372 3.04990669106e-12 5.70722304066e-12
41667.2582684 2.81434336105e-12 5.05765366537e-12
41690.4841649 2.56067847688e-12 4.31102213046e-12
41713.7100614 2.30755144634e-12 3.48936850271e-12
41736.9359579 2.07961093106e-12 2.62598355727e-12
41760.1618543 1.90791665008e-12 1.78727805397e-12
41783.3877508 1.82419626571e-12 1.17713314946e-12
41806.6136473 1.84733317167e-12 1.27540734835e-12
41829.8395437 1.97178099593e-12 1.97450108027e-12
41853.0654402 2.17112938235e-12 2.83088137391e-12
41876.2913367 2.41263919464e-12 3.6918229686e-12
41899.5172332 2.6676909844e-12 4.50288138353e-12
41922.7431296 2.91425051205e-12 5.2341932644e-12
41945.9690261 3.13625942852e-12 5.86445872073e-12
41969.1949226 3.32203129807e-12 6.37789082794e-12
41992.420819 3.46245822e-12 6.76214736293e-12
42015.6467155 3.55172774825e-12 7.00791085733e-12
42038.872612 3.58680423178e-12 7.10988857169e-12
42062.0985084 3.56637512894e-12 7.0656783765e-12
42085.3244049 3.49078195245e-12 6.8761876416e-12
42108.5503014 3.36305966567e-12 6.54589201214e-12
42131.7761979 3.18830546916e-12 6.08228462542e-12
42155.0020943 2.97444400886e-12 5.49648313093e-12
42178.2279908 2.73213016375e-12 4.80320171239e-12
42201.4538873 2.47592155678e-12 4.02128434516e-12
42224.6797837 2.22639524908e-12 3.17646110256e-12
42247.9056802 2.01052090657e-12 2.311171118e-12
42271.1315767 1.86034847475e-12 1.52396532943e-12
