# 1:freq 2:Re 3:Im
23.2258964707 9.33394613384e-21 1.52731531699e-07
46.4517929414 2.86420613853e-21 1.0795245778e-07
69.6776894121 8.65504049064e-21 7.15396386442e-08
92.9035858828 6.99388374555e-21 5.52472454368e-08
116.129482354 1.21114143768e-20 1.16629365028e-07
139.355378824 8.78339417821e-21 9.08742353624e-08
162.581275295 3.62851549934e-21 4.01580942166e-08
185.807171766 5.73347590061e-21 2.84968922231e-08
209.033068236 7.19317392247e-21 6.31287499879e-08
232.258964707 5.95655824096e-21 1.09828661588e-07
255.484861178 3.10794866257e-21 8.35477258165e-08
278.710757648 7.69530567349e-21 2.31059542392e-08
301.936654119 7.53942506975e-21 7.46969638671e-08
325.16255059 9.58221461176e-21 1.12729044513e-07
348.388447061 1.02272714262e-20 9.88058033763e-08
371.614343531 1.00807565668e-20 1.10673432416e-07
394.840240002 5.3271123906e-21 1.41704641184e-07
418.066136473 8.21002237839e-21 3.65868900777e-08
441.292032943 8.20292321706e-21 1.89327842385e-07
464.517929414 4.45263304515e-21 4.67153572546e-07
487.743825885 5.61838668198e-21 5.13240866074e-07
510.969722355 6.80675968969e-21 3.35420098316e-07
534.195618826 6.09230124457e-21 1.39315071923e-07
557.421515297 9.26882535577e-21 6.15749939828e-07
580.647411768 9.86526357317e-21 8.98573735928e-07
603.873308238 1.22082085895e-20 7.96110483102e-07
627.099204709 9.71643641536e-21 7.97441797059e-07
650.32510118 1.16436228055e-20 1.35460420204e-06
673.55099765 6.83976968645e-21 2.13457096256e-06
696.776894121 4.08663983521e-21 2.83908678852e-06
720.002790592 2.53093797708e-21 3.44124972853e-06
743.228687063 6.47132891152e-21 3.87039681163e-06
766.454583533 1.10916561892e-20 4.22558597679e-06
789.680480004 7.80450061587e-21 4.48362066587e-06
812.906376475 6.16699223463e-21 4.53028816298e-06
836.132272945 6.29188383436e-21 4.01908702009e-06
859.358169416 7.00161539935e-21 3.43408861128e-06
882.584065887 6.23340554274e-21 2.98170923489e-06
905.809962357 4.53566687657e-21 2.82322497493e-06
929.035858828 6.40896341587e-21 2.98213612317e-06
952.261755299 5.74254388554e-21 3.01757687927e-06
975.48765177 8.83339991788e-22 2.80874601169e-06
998.71354824 3.09774920246e-21 2.52135224228e-06
1021.93944471 4.75931485643e-21 2.3341042185e-06
1045.16534118 3.26562009899e-21 2.18282237383e-06
1068.39123765 3.29183138513e-21 2.22827485516e-06
1091.61713412 3.37993003668e-21 2.02936631252e-06
1114.84303059 2.52253588781e-21 1.87981135619e-06
1138.06892706 2.44148814409e-21 1.65273543774e-06
1161.29482354 2.81904211547e-21 1.47658960132e-06
1184.52072001 3.32869767364e-21 1.8969722055e-06
1207.74661648 2.67924225934e-21 1.98345542238e-06
1230.97251295 3.02745338145e-21 2.04675858453e-06
1254.19840942 3.78165364281e-21 1.88837574824e-06
1277.42430589 2.8163234421e-21 1.59389026926e-06
1300.65020236 1.40554804635e-21 1.49818971392e-06
1323.87609883 8.68525282488e-22 1.50870743299e-06
1347.1019953 2.19651388774e-21 1.40449806654e-06
1370.32789177 1.2569151908e-21 1.25933640832e-06
1393.55378824 2.30028588526e-21 1.26160901578e-06
1416.77968471 2.34330959359e-21 1.52934664045e-06
1440.00558118 1.94475013703e-21 1.61788795532e-06
1463.23147765 2.05105775706e-21 1.63704211264e-06
1486.45737413 2.28160080211e-21 1.27318862689e-06
1509.6832706 2.0938615173e-21 1.00785052011e-06
1532.90916707 1.05252132039e-21 1.17869424219e-06
1556.13506354 8.84184151268e-22 1.4577575791e-06
1579.36096001 1.50093148316e-21 1.51199849227e-06
1602.58685648 1.15623756879e-21 1.48501655207e-06
1625.81275295 8.16568301159e-22 1.31529038696e-06
1649.03864942 1.17452651729e-21 1.21932541413e-06
1672.26454589 9.23191732165e-22 1.21559140844e-06
1695.49044236 1.38396167471e-21 1.17631753804e-06
1718.71633883 1.66691459068e-21 9.43039919454e-07
1741.9422353 1.68252314235e-21 9.88629897214e-07
1765.16813177 1.65619616282e-21 1.18319847818e-06
1788.39402824 2.38909673217e-21 1.20522876499e-06
1811.61992471 2.16637047996e-21 1.14618212022e-06
1834.84582119 2.32266539953e-21 1.19955306287e-06
1858.07171766 2.30974263269e-21 1.21684909823e-06
1881.29761413 2.38276616547e-21 1.30320535932e-06
1904.5235106 1.56331030083e-21 1.19995612836e-06
1927.74940707 1.23183600664e-21 9.34038215352e-07
1950.97530354 1.15961624956e-21 9.75913031818e-07
1974.20120001 8.25344638762e-22 8.5724222211e-07
1997.42709648 1.69166088672e-21 7.78508472955e-07
2020.65299295 1.42179539316e-21 6.14284657865e-07
2043.87888942 7.65283989486e-22 2.29036354757e-07
2067.10478589 7.80538595707e-22 4.7490264439e-07
2090.33068236 1.37057978261e-21 4.9345783001e-07
2113.55657883 5.72453876121e-22 9.48247930586e-07
2136.7824753 2.29783057902e-22 1.23377498676e-06
2160.00837178 6.20633886262e-22 7.38552942554e-07
2183.23426825 3.13795979152e-22 7.30460131169e-07
2206.46016472 1.09797936442e-21 7.86157781436e-07
2229.68606119 5.40461279782e-22 9.03031715121e-07
2252.91195766 1.54537910742e-21 9.10622617408e-07
2276.13785413 1.71358065358e-21 5.89453453538e-07
2299.3637506 1.82345044305e-21 7.5337305009e-07
2322.58964707 1.47462060162e-21 1.72513370363e-06
2345.81554354 4.28291317867e-21 3.908959885e-06
2369.04144001 3.75874451589e-21 3.00612538086e-06
2392.26733648 2.09418700159e-21 2.33572671071e-06
2415.49323295 3.84829620463e-21 2.2658076497e-06
2438.71912942 3.6503176046e-21 2.81808419687e-06
2461.94502589 2.80788018063e-21 2.19985159389e-06
2485.17092237 2.38658659408e-21 2.16460123823e-06
2508.39681884 3.31332595528e-21 1.90060893125e-06
2531.62271531 2.63826567062e-21 1.74006087638e-06
2554.84861178 2.62980410958e-21 1.79818059071e-06
2578.07450825 2.45171572961e-21 1.36706463633e-06
2601.30040472 2.42112334904e-21 8.56805960045e-07
2624.52630119 2.27860584349e-21 9.42424716595e-07
2647.75219766 1.86648927094e-21 8.91951571806e-07
2670.97809413 6.82693940187e-22 3.86996567639e-07
2694.2039906 5.33776656796e-22 2.36805002676e-07
2717.42988707 7.5314907968e-22 2.56361279218e-07
2740.65578354 8.73648401358e-22 7.95644951265e-08
2763.88168001 9.11221843026e-22 4.40117318727e-07
2787.10757648 1.10575996408e-21 7.21651699613e-07
2810.33347296 2.01459332773e-22 5.71767022949e-07
2833.55936943 6.89020887937e-22 2.16101275387e-07
2856.7852659 1.05525881883e-21 2.18707603792e-07
2880.01116237 1.1046748853e-21 4.86874804526e-07
2903.23705884 9.86155277892e-22 5.23504728249e-07
2926.46295531 2.56571482499e-22 5.55472973417e-07
2949.68885178 9.68456559685e-22 5.38219078118e-07
2972.91474825 1.62772304169e-21 5.35281608361e-07
2996.14064472 1.5096663747e-21 4.69355192434e-07
3019.36654119 1.13105954161e-21 3.08840679806e-07
3042.59243766 5.19099909093e-22 3.48387178769e-07
3065.81833413 1.04359627885e-21 4.80706815675e-07
3089.0442306 1.06234151852e-21 7.25559603067e-07
3112.27012707 1.01909682442e-21 7.53001874877e-07
3135.49602355 3.37610572338e-22 5.31686405118e-07
3158.72192002 3.23974264382e-22 1.95037006308e-07
3181.94781649 1.23276534154e-21 1.92128025126e-07
3205.17371296 1.20723812226e-21 3.75869359796e-07
3228.39960943 1.1275079928e-21 1.83043579317e-07
3251.6255059 3.31170441812e-22 2.060507947e-07
3274.85140237 9.501566737e-22 1.72001863151e-07
3298.07729884 8.09022993469e-22 4.42502828653e-07
3321.30319531 8.53984934869e-22 4.26258527676e-07
3344.52909178 1.3552244618e-21 1.46282423589e-07
3367.75498825 1.00559224636e-21 3.4282142198e-07
3390.98088472 7.91237892476e-22 3.40314907902e-07
3414.20678119 1.43745425768e-21 3.45738874426e-07
3437.43267766 7.73410423728e-22 7.58138738421e-07
3460.65857413 1.6139239913e-21 4.51079260331e-07
3483.88447061 1.70383594365e-21 3.8644379928e-07
3507.11036708 5.82234091051e-22 4.31883911986e-07
3530.33626355 1.14285387053e-21 2.999177656e-07
3553.56216002 1.55517378953e-21 2.16802117332e-07
3576.78805649 1.04990604175e-21 3.67461726881e-07
3600.01395296 4.82490390373e-22 4.81723060346e-07
3623.23984943 1.13262213675e-21 5.84087756368e-07
3646.4657459 1.21819978012e-21 5.90968417926e-07
3669.69164237 1.36250487338e-21 4.05200001909e-07
3692.91753884 1.24753782392e-21 2.16468562175e-08
3716.14343531 8.77478886843e-22 4.14183958445e-07
3739.36933178 1.14598991875e-21 5.70190029876e-07
3762.59522825 1.15675414767e-21 5.43574651034e-07
3785.82112472 1.20986315456e-21 3.45630995196e-07
3809.0470212 1.11469712858e-21 3.41595459356e-07
3832.27291767 1.09030551986e-21 4.8005535194e-07
3855.49881414 1.05359942393e-21 4.80577448669e-07
3878.72471061 1.40446947976e-21 4.1919056154e-07
3901.95060708 1.04933023567e-21 3.46158082735e-07
3925.17650355 9.53689239509e-22 4.37867532596e-07
3948.40240002 1.15122180456e-21 4.44763661842e-07
3971.62829649 1.2483715355e-21 2.93264243014e-07
3994.85419296 1.14994314226e-21 3.39759585106e-07
4018.08008943 9.51437607596e-22 5.26251315838e-07
4041.3059859 1.18597026252e-21 5.35630341841e-07
4064.53188237 1.32940787606e-21 3.51187068432e-07
4087.75777884 1.25499176817e-21 2.50736412701e-07
4110.98367531 8.51465531628e-22 1.9762072299e-07
4134.20957179 1.37629907351e-21 2.30415146447e-07
4157.43546826 1.54265169561e-21 3.23691752848e-07
4180.66136473 1.31220300051e-21 3.16731199655e-07
4203.8872612 9.27064837961e-22 3.16706600549e-07
4227.11315767 7.98897359041e-22 3.7381014513e-07
4250.33905414 1.34170989292e-21 3.56123774788e-07
4273.56495061 1.52595971962e-21 9.41682127366e-08
4296.79084708 1.23627502551e-21 1.5599695665e-07
4320.01674355 8.02001564411e-22 3.89428499081e-07
4343.24264002 1.45645194387e-21 2.7852638054e-07
4366.46853649 1.49435717785e-21 3.36363686664e-07
4389.69443296 1.27157749553e-21 2.82540541705e-07
4412.92032943 1.1258919435e-21 4.30353806749e-07
4436.1462259 1.25256571689e-21 7.18657056951e-07
4459.37212238 1.39196675301e-21 5.16719032256e-07
4482.59801885 1.31192127631e-21 2.72105840744e-07
4505.82391532 9.62509164688e-22 3.83052333233e-07
4529.04981179 1.15533248155e-21 5.42882683542e-07
4552.27570826 1.57621041266e-21 4.01996864026e-07
4575.50160473 1.19073271244e-21 2.25252818443e-07
4598.7275012 1.04998366453e-21 4.12006331658e-07
4621.95339767 1.33551127907e-21 4.48031338281e-07
4645.17929414 1.60201010719e-21 1.02915528196e-07
4668.40519061 9.90133414605e-22 6.00703065373e-07
4691.63108708 2.17563581333e-21 6.01816430297e-07
4714.85698355 8.92486007905e-22 6.33864393304e-07
4738.08288002 1.13458641803e-21 3.63257164964e-07
4761.30877649 1.85222770554e-21 6.7996975016e-07
4784.53467297 1.426348256e-21 4.82733235589e-07
4807.76056944 9.07876180919e-22 4.78318083588e-07
4830.98646591 1.07382473001e-21 3.79870720791e-07
4854.21236238 1.39631079738e-21 1.63866321389e-07
4877.43825885 1.43519417688e-21 1.58144111435e-07
4900.66415532 1.28900422264e-21 2.55413850495e-07
4923.89005179 1.35706463943e-21 5.83296967824e-07
4947.11594826 1.54842216571e-21 5.44398938117e-07
4970.34184473 1.41516406305e-21 3.22337788723e-07
4993.5677412 1.31130591619e-21 4.50619750218e-07
5016.79363767 1.37489660924e-21 4.61126273644e-07
5040.01953414 1.49889190423e-21 2.53831588049e-07
5063.24543061 1.24433652513e-21 2.31951920763e-07
5086.47132708 1.15191231612e-21 3.96505091382e-07
5109.69722355 1.2252191626e-21 3.57581540359e-07
5132.92312003 1.24175482063e-21 2.98279014429e-07
5156.1490165 1.20436566716e-21 2.79300769388e-07
5179.37491297 1.45412970141e-21 3.92976032308e-07
5202.60080944 1.4999651734e-21 3.98154195775e-07
5225.82670591 1.44025871119e-21 2.80923181312e-07
5249.05260238 1.1883754316e-21 2.32806222992e-07
5272.27849885 1.35213595028e-21 2.99298150871e-07
5295.50439532 1.50193554113e-21 3.30058014661e-07
5318.73029179 1.26213942226e-21 2.8986025012e-07
5341.95618826 1.18045489267e-21 2.88321237755e-07
5365.18208473 1.3743080137e-21 3.66873719e-07
5388.4079812 1.37658785245e-21 3.45812162584e-07
5411.63387767 1.2768525825e-21 2.53689080462e-07
5434.85977414 1.16308954485e-21 2.44342650321e-07
5458.08567062 1.53783556483e-21 3.24216796793e-07
5481.31156709 1.40446381896e-21 2.95397895334e-07
5504.53746356 1.21434046057e-21 2.57659829735e-07
5527.76336003 1.17068526108e-21 3.10999511029e-07
5550.9892565 1.22322160838e-21 4.34459702741e-07
5574.21515297 1.26473081713e-21 4.39537714439e-07
5597.44104944 1.23974803399e-21 3.60951398696e-07
5620.66694591 9.87186049591e-22 2.9383704501e-07
5643.89284238 1.28041338829e-21 3.07367407186e-07
5667.11873885 1.31073599626e-21 2.97648072735e-07
5690.34463532 1.11157300913e-21 2.7681673375e-07
5713.57053179 1.11034404077e-21 3.09156812986e-07
5736.79642826 1.12591646797e-21 3.68674011337e-07
5760.02232473 1.23905580278e-21 3.67495055557e-07
5783.24822121 1.27078917199e-21 3.97150035249e-07
5806.47411768 1.22518696928e-21 3.86567131952e-07
5829.70001415 1.13191854341e-21 3.42172373211e-07
5852.92591062 1.02271152145e-21 2.60191797096e-07
5876.15180709 1.21976052305e-21 1.17860906023e-07
5899.37770356 1.20651249563e-21 1.03936582719e-07
5922.60360003 1.16159168105e-21 1.29777502939e-07
5945.8294965 1.21160670081e-21 1.20282375859e-07
5969.05539297 1.19698633889e-21 2.6552152458e-07
5992.28128944 1.21644488462e-21 3.69710815343e-07
6015.50718591 1.08790046492e-21 3.69727131869e-07
6038.73308238 1.26229797233e-21 3.40266194794e-07
6061.95897885 1.18782094123e-21 3.4385642473e-07
6085.18487532 1.17718734412e-21 3.87493395272e-07
6108.4107718 1.01503028072e-21 3.69004229869e-07
6131.63666827 9.86694060381e-22 3.03024999102e-07
6154.86256474 1.15577797373e-21 2.08699144252e-07
6178.08846121 1.02597968834e-21 1.8599178845e-07
6201.31435768 1.05272061109e-21 1.95273214675e-07
6224.54025415 1.13046144723e-21 1.96639668368e-07
6247.76615062 1.08817800358e-21 1.81280025015e-07
6270.99204709 1.17632792856e-21 1.85007403349e-07
6294.21794356 1.30351975476e-21 1.70911644308e-07
6317.44384003 1.24278899205e-21 1.94891576631e-07
6340.6697365 1.19181252425e-21 1.9820595375e-07
6363.89563297 1.27568952352e-21 1.88328878323e-07
6387.12152944 1.20843767642e-21 1.42702435152e-07
6410.34742591 1.16639678614e-21 1.33455962158e-07
6433.57332239 1.18863326566e-21 1.39257774497e-07
6456.79921886 1.17625508273e-21 1.67863626722e-07
6480.02511533 1.2234461769e-21 1.99656916215e-07
6503.2510118 1.09128027886e-21 1.9648374623e-07
6526.47690827 1.05773318697e-21 1.55353161292e-07
6549.70280474 1.06074783733e-21 1.36337982159e-07
6572.92870121 1.13902749559e-21 1.39808066873e-07
6596.15459768 1.17242033748e-21 1.61316192824e-07
6619.38049415 1.09602623482e-21 1.2577904006e-07
6642.60639062 1.09999848163e-21 1.2187656715e-07
6665.83228709 1.10776110434e-21 1.91656419255e-07
6689.05818356 1.12084754507e-21 2.35887353975e-07
6712.28408003 1.09926647176e-21 1.94375570934e-07
6735.5099765 1.03416407726e-21 1.31144831947e-07
6758.73587297 9.9500077378e-22 1.176150994e-07
6781.96176945 1.00181437833e-21 1.73224603428e-07
6805.18766592 9.70568620894e-22 1.88279875227e-07
6828.41356239 9.40295536301e-22 1.50809981901e-07
6851.63945886 8.18703585692e-22 1.3326820532e-07
6874.86535533 7.11483011118e-22 1.67231281343e-07
6898.0912518 7.58650571179e-22 1.59169872193e-07
6921.31714827 8.111691289e-22 1.32131556865e-07
6944.54304474 8.54175940883e-22 1.42383272786e-07
6967.76894121 6.98006487078e-22 1.21612934528e-07
6990.99483768 6.21927483092e-22 1.08626631532e-07
7014.22073415 6.98697729834e-22 1.37611224601e-07
7037.44663062 7.67355821763e-22 1.54242384594e-07
7060.67252709 7.43347639851e-22 1.21154021858e-07
7083.89842356 6.45777556403e-22 1.01056594296e-07
7107.12432004 6.28499382498e-22 1.32046646979e-07
7130.35021651 7.58279663851e-22 1.76458502127e-07
7153.57611298 7.83540541988e-22 1.44233299985e-07
7176.80200945 7.17011259195e-22 8.07417328506e-08
7200.02790592 7.02022418934e-22 9.34379933339e-08
7223.25380239 7.16367587957e-22 1.50987165008e-07
7246.47969886 7.37367414734e-22 1.47224039088e-07
7269.70559533 6.75074625892e-22 1.21273030174e-07
7292.9314918 6.7825362742e-22 1.19481912732e-07
7316.15738827 6.17716019462e-22 1.37799118956e-07
7339.38328474 5.4517077199e-22 1.21448884912e-07
7362.60918121 6.2851198566e-22 7.32914894107e-08
7385.83507768 6.61289331278e-22 4.87036871584e-08
7409.06097415 6.39665453273e-22 5.84868207829e-08
7432.28687063 6.32190443944e-22 6.01341396063e-08
7455.5127671 5.49442644944e-22 5.46841425102e-08
7478.73866357 6.56904021423e-22 9.03741281486e-08
7501.96456004 6.17914991546e-22 1.24868990725e-07
7525.19045651 5.79228532234e-22 1.13726600014e-07
7548.41635298 5.91415998398e-22 1.04092163776e-07
7571.64224945 5.68579543905e-22 9.83169900392e-08
7594.86814592 5.81774821098e-22 8.73949757213e-08
7618.09404239 5.54336528633e-22 6.08700977242e-08
7641.31993886 5.63745686385e-22 4.84116678575e-08
7664.54583533 5.55480060051e-22 6.91867293323e-08
7687.7717318 5.16355703262e-22 7.6121186163e-08
7710.99762827 5.13073326823e-22 5.2861905374e-08
7734.22352474 5.37604000562e-22 3.49746409764e-08
7757.44942122 5.37328625857e-22 6.69455862085e-08
7780.67531769 5.62114013626e-22 9.06171790949e-08
7803.90121416 5.28624366941e-22 8.17040651268e-08
7827.12711063 5.56381482686e-22 1.38268542461e-08
7850.3530071 5.54449278029e-22 5.33702523299e-08
7873.57890357 5.00396080906e-22 1.04614564992e-07
7896.80480004 4.30246603641e-22 8.83270488164e-08
7920.03069651 4.48410624648e-22 3.12614113982e-08
7943.25659298 4.59177453947e-22 7.88907308635e-09
7966.48248945 4.52610414672e-22 4.82113871501e-08
7989.70838592 4.05917085233e-22 5.05896429674e-08
8012.93428239 3.79069773671e-22 3.24294604485e-08
8036.16017886 4.39290933559e-22 2.66220016518e-08
8059.38607533 4.73244185136e-22 1.54371486649e-08
8082.6119718 4.46308454857e-22 2.79096356187e-08
8105.83786828 4.16675322133e-22 5.08531618215e-08
8129.06376475 4.6245936949e-22 5.89410961456e-08
8152.28966122 4.68460033001e-22 1.86322799346e-08
8175.51555769 4.8866566546e-22 3.11884196557e-08
8198.74145416 4.38820388515e-22 3.58812803191e-08
8221.96735063 4.00515595572e-22 5.17442219774e-08
8245.1932471 4.29877472936e-22 8.5175330677e-08
8268.41914357 4.33756018822e-22 7.04664198959e-08
8291.64504004 3.83827122095e-22 4.24709646271e-08
8314.87093651 3.59514721169e-22 2.14969104737e-08
8338.09683298 3.84325192684e-22 5.71373352256e-08
8361.32272945 3.5534401837e-22 8.23841061715e-08
8384.54862592 3.45873273425e-22 8.67107549039e-08
8407.77452239 3.1681951007e-22 6.43904241625e-08
8431.00041887 3.53773008771e-22 2.86905590489e-08
8454.22631534 3.22176466534e-22 3.38231023243e-08
8477.45221181 2.84058046266e-22 4.71697541429e-08
8500.67810828 3.45940156221e-22 5.88838089934e-08
8523.90400475 3.9305232238e-22 2.42000355647e-08
8547.12990122 3.68538830949e-22 3.56256371106e-08
8570.35579769 3.31503792273e-22 4.481782535e-08
8593.58169416 3.28898300804e-22 5.02643944963e-08
8616.80759063 3.22096758798e-22 2.97500489363e-08
8640.0334871 3.10633556703e-22 2.6429271484e-08
8663.25938357 2.65680436966e-22 4.77909204739e-08
8686.48528004 2.7633332864e-22 3.3794441248e-08
8709.71117651 3.05095602637e-22 2.70682014009e-08
8732.93707298 3.28486174124e-22 1.00731900117e-08
8756.16296946 2.41059758606e-22 2.49909186862e-08
8779.38886593 2.73046880174e-22 2.39153885952e-08
8802.6147624 2.34907774997e-22 2.72856795762e-08
8825.84065887 2.37301717489e-22 2.94646882544e-08
8849.06655534 2.40975996134e-22 7.49274238259e-09
8872.29245181 2.76911998003e-22 3.70410144788e-08
8895.51834828 2.42056884629e-22 5.0788678503e-08
8918.74424475 2.70317302273e-22 4.57462100938e-08
8941.97014122 2.34660598743e-22 1.14214542865e-07
8965.19603769 2.64999761075e-22 5.25968351763e-08
8988.42193416 2.77583334934e-22 6.58619663337e-08
9011.64783063 2.37312510256e-22 2.22635405358e-09
9034.8737271 2.35402181652e-22 5.99399921375e-08
9058.09962357 3.06984304274e-22 8.44506315534e-08
9081.32552005 2.87597989198e-22 1.07652803748e-07
9104.55141652 2.55629373929e-22 2.5582388886e-08
9127.77731299 1.85989986403e-22 7.39013396003e-08
9151.00320946 2.64934853806e-22 6.86464872984e-08
9174.22910593 2.5501807174e-22 3.52057245604e-08
9197.4550024 2.33479258925e-22 2.16387454844e-09
9220.68089887 2.3350625178e-22 2.37925279196e-08
9243.90679534 2.81545363562e-22 9.8881835336e-08
9267.13269181 2.88784058132e-22 1.15200103374e-07
9290.35858828 3.11904573861e-22 1.91951901858e-07
9313.58448475 2.09553467638e-22 1.00376154597e-07
9336.81038122 2.61391044091e-22 1.31380843764e-07
9360.03627769 2.55168356125e-22 8.16619012803e-08
9383.26217416 3.07718396877e-22 4.61663189792e-08
9406.48807064 2.53943666132e-22 1.20478114738e-07
9429.71396711 4.50846095051e-22 1.53738527647e-07
9452.93986358 2.38529911753e-22 5.34673765691e-08
9476.16576005 2.1887587867e-22 7.4830990787e-09
9499.39165652 2.31968546727e-22 9.0780471589e-08
9522.61755299 1.8683551867e-22 8.433895529e-08
9545.84344946 2.59612543162e-22 3.34503816165e-08
9569.06934593 1.8995361275e-22 1.29696954596e-07
9592.2952424 2.0949406158e-22 6.14346812678e-08
9615.52113887 2.32495032004e-22 1.04430560205e-07
9638.74703534 2.03172297902e-22 8.10764916614e-08
9661.97293181 1.34868242855e-22 3.34514931776e-08
9685.19882828 1.66188090105e-22 1.92935029954e-08
9708.42472475 1.4520387111e-22 6.40961285694e-08
9731.65062122 2.19854476681e-22 4.51734098192e-08
9754.8765177 2.51438629266e-22 5.45943696931e-08
9778.10241417 2.44370021905e-22 1.51475271792e-08
9801.32831064 2.15226647332e-22 5.80722695891e-09
9824.55420711 1.7651661066e-22 1.80226961489e-08
9847.78010358 1.63652291663e-22 1.29619565771e-08
9871.00600005 1.53916869422e-22 4.01657146266e-08
9894.23189652 1.75439651533e-22 2.39433996355e-08
9917.45779299 1.66566121461e-22 2.29581755268e-08
9940.68368946 1.31120619088e-22 4.85754494119e-08
9963.90958593 1.44023710704e-22 2.70214206312e-08
9987.1354824 1.43127119687e-22 9.41566663798e-09
10010.3613789 1.38402474483e-22 2.09330849859e-08
10033.5872753 9.42688425961e-23 2.47598436652e-08
10056.8131718 1.3174531709e-22 1.67094770468e-08
10080.0390683 1.84209621005e-22 1.17697382114e-08
10103.2649648 1.69255163378e-22 2.51319513731e-08
10126.4908612 1.87858153808e-22 4.92512905743e-08
10149.7167577 2.242666589e-22 3.72036240656e-08
10172.9426542 1.95450581064e-22 2.01314277295e-08
10196.1685506 2.04636629438e-22 1.10340265254e-08
10219.3944471 1.91728621773e-22 5.9213819382e-08
10242.6203436 2.0094681622e-22 7.52992903625e-08
10265.8462401 1.68687255601e-22 5.80534375263e-08
10289.0721365 1.85906040469e-22 5.48501352743e-08
10312.298033 2.38466108982e-22 4.74077189571e-08
10335.5239295 2.06203991902e-22 1.67100573163e-08
10358.7498259 2.15924898825e-22 4.38128473608e-08
10381.9757224 1.63420545127e-22 5.96289633592e-08
10405.2016189 2.00585310038e-22 4.11325255055e-08
10428.4275153 2.02999951019e-22 7.52433515618e-09
10451.6534118 2.05041523446e-22 2.48567268086e-08
10474.8793083 1.77098219415e-22 3.82968965454e-08
10498.1052048 1.62634618793e-22 4.68842795242e-08
10521.3311012 1.74235727904e-22 3.06404353156e-08
10544.5569977 1.99352903587e-22 2.45930803085e-08
10567.7828942 2.17136083576e-22 3.80537624279e-08
10591.0087906 1.22221885902e-22 4.35243422443e-08
10614.2346871 1.84756776227e-22 3.15436371788e-08
10637.4605836 1.50475164219e-22 1.74165405384e-08
10660.6864801 2.1568311937e-22 4.35971620052e-08
10683.9123765 1.72430662099e-22 5.25166507655e-08
10707.138273 8.59789099594e-23 6.22436865102e-08
10730.3641695 1.39677673613e-22 4.66017911227e-08
10753.5900659 1.36951568364e-22 2.68814731171e-08
10776.8159624 1.31732630669e-22 3.02227398558e-08
10800.0418589 1.53552677515e-22 1.0625298938e-08
10823.2677553 1.35331093399e-22 2.60765356931e-08
10846.4936518 1.42778316248e-22 6.6723076284e-08
10869.7195483 1.23223304925e-22 6.64529921652e-08
10892.9454448 1.36838898512e-22 3.87093577176e-08
10916.1713412 1.49480572952e-22 2.19047332377e-08
10939.3972377 1.0382526246e-22 3.29481827767e-08
10962.6231342 4.41493170129e-23 4.04610030041e-08
10985.8490306 7.56627117242e-23 3.4465492511e-08
11009.0749271 1.03386557498e-22 1.29577312011e-08
11032.3008236 1.08625940768e-22 2.04037470286e-08
11055.5267201 5.47919907237e-23 2.7528778714e-08
11078.7526165 8.67154079504e-23 3.6749096248e-08
11101.978513 1.25834291365e-22 3.08453965377e-08
11125.2044095 7.13009651201e-23 2.13268213646e-08
11148.4303059 7.56965651128e-23 1.42077659573e-08
11171.6562024 9.07363879931e-23 3.21460203905e-08
11194.8820989 8.66772088821e-23 4.31755413911e-08
11218.1079954 3.3031868969e-23 3.63336253405e-08
11241.3338918 7.5412086743e-23 1.99530263104e-08
11264.5597883 6.83146695523e-23 2.93639430371e-08
11287.7856848 4.95206947299e-23 3.63098385976e-08
11311.0115812 7.8894729089e-23 2.99104855162e-08
11334.2374777 6.74437333785e-23 7.81601181097e-09
11357.4633742 5.99901191518e-23 3.33379569655e-08
11380.6892706 7.65256217393e-23 4.96189715443e-08
11403.9151671 4.78729216136e-23 4.09944721312e-08
11427.1410636 3.57503193065e-23 1.81961886644e-08
11450.3669601 1.04683430105e-22 3.2700417749e-09
11473.5928565 1.13224415642e-22 2.04166788449e-08
11496.818753 6.84083809157e-23 3.53901023635e-08
11520.0446495 4.37675418365e-23 4.52772184512e-08
11543.2705459 1.48772766857e-22 4.23352991813e-08
11566.4964424 2.02962268605e-22 3.37338267226e-08
11589.7223389 1.08087537943e-22 1.27805000039e-08
11612.9482354 4.06910119482e-23 1.47848701912e-08
11636.1741318 2.98785247446e-22 2.68506458853e-08
11659.4000283 1.70048331198e-22 3.55515936483e-08
11682.6259248 2.21399252425e-22 3.29641841352e-08
11705.8518212 2.55735647168e-23 2.29093104244e-08
11729.0777177 1.66438688104e-22 9.30287913737e-09
11752.3036142 2.97980118351e-22 4.712873494e-09
11775.5295106 7.20450865484e-23 8.72083057214e-09
11798.7554071 9.31240405084e-23 4.51376175615e-09
11821.9813036 7.61338447483e-23 2.67749393694e-08
11845.2072001 7.00932815072e-23 4.25654077879e-08
11868.4330965 1.73285173528e-22 5.33383978287e-08
11891.658993 1.29276979035e-22 4.33837062193e-08
11914.8848895 6.5827133313e-23 2.47763476268e-08
11938.1107859 7.20974934846e-24 6.21211363374e-09
11961.3366824 6.20970321186e-23 1.65517141517e-08
11984.5625789 1.44705970727e-22 2.14931929545e-08
12007.7884754 9.32578281549e-23 1.83052263202e-08
12031.0143718 5.7736084808e-23 1.80800036941e-08
12054.2402683 7.15212772718e-23 1.53965919593e-08
12077.4661648 6.40188014802e-23 2.14273387623e-08
12100.6920612 1.15644762935e-23 4.10851437725e-08
12123.9179577 7.22333294908e-23 5.19045905238e-08
12147.1438542 2.98094244935e-23 4.63505948383e-08
12170.3697506 7.74970922688e-23 3.51441369749e-08
12193.5956471 7.67256492829e-23 1.2815350381e-08
12216.8215436 3.92441716326e-23 1.26418500068e-08
12240.0474401 8.33521828223e-23 2.75145369179e-08
12263.2733365 3.99005016943e-23 2.97613193427e-08
12286.499233 2.75361431651e-23 2.61321650514e-08
12309.7251295 3.81918762886e-23 2.33134082085e-08
12332.9510259 3.03236170819e-23 2.44536464069e-08
12356.1769224 5.25300302224e-23 1.8053874792e-08
12379.4028189 3.84949809165e-23 2.35931431687e-08
12402.6287154 7.03789203117e-23 3.34655724857e-08
12425.8546118 7.41992027146e-23 3.97313751949e-08
12449.0805083 4.9034200182e-23 3.84877183293e-08
12472.3064048 1.28304559181e-22 3.77803669468e-08
12495.5323012 1.13078810588e-22 2.85086990565e-08
12518.7581977 3.50850833254e-23 2.34926986274e-08
12541.9840942 1.05179114702e-22 1.4011598116e-08
12565.2099907 1.5397241161e-22 2.60065089942e-08
12588.4358871 1.52723518291e-22 3.08909599199e-08
12611.6617836 5.54463387761e-23 4.06038865853e-08
12634.8876801 6.44317023173e-23 2.5573402638e-08
12658.1135765 8.53701037139e-23 2.06794068552e-08
12681.339473 5.86675430414e-23 1.21891231979e-08
12704.5653695 1.49034556735e-22 1.40317231123e-08
12727.7912659 1.16028118972e-22 2.34553841648e-08
12751.0171624 7.79326855834e-23 3.31183036396e-08
12774.2430589 6.07462524815e-23 3.29816700419e-08
12797.4689554 1.35321687872e-22 2.26704426483e-08
12820.6948518 1.67154869407e-22 2.06313036645e-08
12843.9207483 1.32524621759e-22 2.84256744728e-08
12867.1466448 6.95991402291e-23 2.66684195333e-08
12890.3725412 8.07365720387e-23 1.78359344655e-08
12913.5984377 1.32572774434e-22 2.05761083529e-08
12936.8243342 1.35646052388e-22 9.04292565483e-09
12960.0502307 2.12940203068e-22 1.52421309046e-08
12983.2761271 9.49442748742e-23 1.86026441319e-08
13006.5020236 1.15695490991e-22 2.3384271874e-08
13029.7279201 7.73166595671e-23 1.6188964225e-08
13052.9538165 1.71273349136e-22 3.84681953051e-09
13076.179713 2.51050401941e-22 1.46712619538e-08
13099.4056095 2.40913885417e-22 1.27538101136e-08
13122.6315059 2.58400007889e-22 1.36252693443e-08
13145.8574024 1.13334172806e-22 1.28914688002e-08
13169.0832989 4.85883570454e-23 7.02164732166e-09
13192.3091954 1.81144788981e-22 1.58149294731e-08
13215.5350918 2.27346981888e-22 1.75535389132e-08
13238.7609883 3.03865575764e-22 1.85796838101e-08
13261.9868848 2.78111960078e-22 2.8662684983e-08
13285.2127812 1.62882283653e-22 2.91347497187e-08
13308.4386777 2.19285874261e-22 1.30427139386e-08
13331.6645742 1.52559351773e-22 1.63826895057e-08
13354.8904707 4.05648171469e-23 9.21941426108e-09
13378.1163671 2.59130697198e-22 8.64063419371e-09
13401.3422636 3.25305899097e-23 1.70682224517e-08
13424.5681601 1.27713998762e-22 2.02421480038e-08
13447.7940565 6.53729403315e-23 1.97716221157e-08
13471.019953 7.49908976983e-23 2.10491119062e-08
13494.2458495 4.06333085809e-23 1.88892556286e-08
13517.4717459 7.52311906591e-23 2.78075010421e-08
13540.6976424 2.83821929281e-23 2.49522868815e-08
13563.9235389 1.06810271521e-23 1.7048308232e-08
13587.1494354 1.98013051571e-23 7.51163517318e-09
13610.3753318 1.89425561611e-23 2.35175237477e-08
13633.6012283 6.260397474e-23 2.1185061958e-08
13656.8271248 2.25178511742e-23 2.3889123486e-08
13680.0530212 4.87289206981e-23 3.5331603049e-08
13703.2789177 5.00199690758e-23 1.61951126927e-08
13726.5048142 3.31501527414e-23 3.13724039222e-08
13749.7307107 5.3831712526e-23 3.55367782022e-08
13772.9566071 1.31194454994e-23 1.49656699927e-08
13796.1825036 3.8816931398e-23 1.30357403901e-08
13819.4084001 6.6160827168e-23 1.62080802871e-08
13842.6342965 6.51136744265e-23 3.29861141265e-08
13865.860193 3.66011863032e-23 9.08867103064e-09
13889.0860895 2.80838618839e-23 2.5129720517e-08
13912.311986 4.12881643554e-23 3.09909669965e-08
13935.5378824 3.64152058073e-23 1.35858359656e-08
13958.7637789 5.78245533883e-23 1.55744698218e-08
13981.9896754 6.90933048004e-23 2.37260433028e-08
14005.2155718 7.19496282694e-24 8.62121634366e-09
14028.4414683 4.30552680098e-23 1.80529165996e-08
14051.6673648 4.5368721245e-23 1.76938803879e-08
14074.8932612 8.27352921691e-23 2.37811467552e-08
14098.1191577 6.31454085471e-23 8.47632189879e-09
14121.3450542 4.47683684434e-23 2.952178776e-08
14144.5709507 2.30706240218e-23 2.4373874678e-08
14167.7968471 8.28269316092e-23 2.32040740418e-08
14191.0227436 6.8586955204e-23 1.26173023141e-08
14214.2486401 4.04848285274e-23 3.15885907202e-08
14237.4745365 3.95021471789e-23 2.11095920091e-08
14260.700433 4.78208499891e-23 1.91134213305e-08
14283.9263295 7.16548021203e-23 1.21744664478e-08
14307.152226 5.9644720767e-23 1.08017497478e-09
14330.3781224 2.02175444061e-23 1.18091434626e-08
14353.6040189 6.20317350888e-23 5.13363001903e-09
14376.8299154 7.83579448448e-23 5.45826214349e-09
14400.0558118 4.83633375624e-23 8.92900965012e-09
14423.2817083 5.76835958687e-23 1.48921744349e-08
14446.5076048 4.22689282808e-23 4.07459752673e-09
14469.7335012 4.1615625268e-23 1.42169571948e-08
14492.9593977 4.07841737704e-23 9.25345724418e-09
14516.1852942 3.81265456409e-23 5.19792925664e-09
14539.4111907 3.13401218873e-23 5.06008705516e-09
14562.6370871 2.48997305635e-23 7.27918781261e-09
14585.8629836 2.33387554572e-23 1.50485447474e-08
14609.0888801 4.70655615597e-23 8.27849467728e-09
14632.3147765 3.44252779133e-23 1.32325158119e-08
14655.540673 2.74264807391e-23 2.46029819153e-08
14678.7665695 2.09741432134e-23 1.59184478153e-08
14701.992466 2.67925760482e-23 9.99065663839e-09
14725.2183624 1.60888605133e-23 5.16507261381e-09
14748.4442589 2.47613687822e-23 6.15778675936e-09
14771.6701554 8.2698749186e-23 1.20685605439e-08
14794.8960518 1.00117880833e-22 1.43234679762e-08
14818.1219483 1.44436345017e-22 8.30374962486e-09
14841.3478448 9.01264213675e-23 6.16518014039e-09
14864.5737413 2.15636534919e-22 1.28397337549e-08
14887.7996377 1.61589527874e-22 1.85821910106e-08
14911.0255342 2.18390026637e-22 1.67691965649e-08
14934.2514307 2.2133664714e-22 1.37668080747e-08
14957.4773271 2.55306533802e-22 1.32876251956e-08
14980.7032236 9.95160104311e-23 7.0411857912e-09
15003.9291201 2.60562590454e-22 5.90833200886e-09
15027.1550165 1.17974729326e-22 1.01749637568e-08
15050.380913 7.38821622034e-23 1.09667188216e-08
15073.6068095 3.25446660492e-22 1.69223801688e-08
15096.832706 1.71213510057e-22 1.30168588767e-08
15120.0586024 1.59366252025e-22 1.37071976237e-08
15143.2844989 2.74285519837e-23 1.45251411638e-08
15166.5103954 1.20062575903e-22 1.15717277414e-08
15189.7362918 5.71219195818e-23 1.17692626617e-08
15212.9621883 1.66546832835e-22 1.65604273818e-08
15236.1880848 3.92521965252e-23 1.15458055682e-08
15259.4139813 1.04323376053e-22 9.14308406794e-09
15282.6398777 3.28101380912e-23 1.09493821087e-08
15305.8657742 1.4411372955e-22 8.76945794044e-09
15329.0916707 1.45621666814e-22 8.74231144938e-09
15352.3175671 2.00337970195e-22 1.026998168e-08
15375.5434636 1.50161305971e-22 8.82944040877e-09
15398.7693601 7.92947782821e-23 5.95556749369e-09
15421.9952565 4.61505757443e-23 5.90068817743e-09
15445.221153 8.83030758355e-23 6.54428426288e-09
15468.4470495 8.01747687287e-23 6.03013087377e-09
15491.672946 1.4975766758e-22 7.62608941907e-09
15514.8988424 6.10110531663e-23 8.13968726833e-09
15538.1247389 1.76837949275e-22 7.17189596772e-09
15561.3506354 6.84934260178e-23 6.41411287042e-09
15584.5765318 9.56796252573e-23 6.36378085771e-09
15607.8024283 9.86860295352e-23 2.745021096e-09
15631.0283248 4.62652869283e-23 1.53948198748e-09
15654.2542213 4.92272495329e-23 2.28829381806e-09
15677.4801177 5.21088977568e-23 2.81318448835e-09
15700.7060142 9.26860858748e-23 3.5485245812e-09
15723.9319107 1.28880036471e-22 2.68550807234e-09
15747.1578071 8.12976533998e-23 3.52842293386e-09
15770.3837036 1.42960950337e-23 2.98588122938e-09
15793.6096001 1.28793689565e-22 3.9663892253e-09
15816.8354965 7.9989581966e-23 4.52150980216e-09
15840.061393 9.23453009327e-23 3.55650407538e-09
15863.2872895 1.49504744612e-23 2.40191691012e-09
15886.513186 5.47373444592e-23 2.21445123486e-09
15909.7390824 8.34354688603e-23 5.6732297319e-09
15932.9649789 1.51827389442e-22 7.00961618873e-09
15956.1908754 2.71056093012e-23 7.20355166595e-09
15979.4167718 5.63904687358e-23 4.80223208449e-09
16002.6426683 8.79056970013e-23 1.02622136567e-09
16025.8685648 1.42101669919e-22 2.73949589392e-09
16049.0944613 7.28322420426e-23 5.41160222985e-09
16072.3203577 2.46557957212e-23 5.06619467508e-09
16095.5462542 2.50779185407e-23 3.46744714617e-09
16118.7721507 7.56695118536e-23 4.10521653588e-09
16141.9980471 4.60496656431e-23 6.15270214102e-09
16165.2239436 9.91240484144e-24 5.96259904482e-09
16188.4498401 3.40897018141e-23 4.68102758592e-09
16211.6757366 6.27591386932e-23 4.27465846886e-09
16234.901633 4.55748081983e-24 4.27446315135e-09
16258.1275295 4.11478233906e-23 7.31057253191e-09
16281.353426 2.47736694159e-23 8.0722420916e-09
16304.5793224 7.49464995134e-23 7.02765529057e-09
16327.8052189 3.31178194536e-23 7.19882359869e-09
16351.0311154 4.7466593635e-23 7.77572436987e-09
16374.2570118 3.78367737628e-23 5.69105975271e-09
16397.4829083 2.04194750514e-23 2.62383204544e-09
16420.7088048 8.38488733444e-23 3.05232465769e-09
16443.9347013 2.64189332723e-22 4.94829391586e-09
16467.1605977 2.02658122887e-22 6.40649237257e-09
16490.3864942 1.22114159175e-22 6.8158606774e-09
16513.6123907 1.39317170975e-22 7.35438346452e-09
16536.8382871 1.51981894643e-22 7.66599818736e-09
16560.0641836 1.58868905112e-22 6.40271509957e-09
16583.2900801 1.38213554742e-22 2.46608571124e-09
16606.5159766 1.28821904259e-22 3.09533988694e-09
16629.741873 9.25811702507e-23 5.49426779251e-09
16652.9677695 9.57946144971e-23 6.2773586216e-09
16676.193666 8.05704283109e-23 3.81053748044e-09
16699.4195624 2.45542535639e-23 1.6419134761e-09
16722.6454589 5.412249935e-23 5.5080363095e-09
16745.8713554 2.55872561695e-23 5.87050314442e-09
16769.0972518 2.15191626012e-23 4.70940244818e-09
16792.3231483 2.19126761411e-23 3.70979236646e-09
16815.5490448 1.74447142719e-23 3.20699729671e-09
16838.7749413 1.73400083899e-23 3.36971449427e-09
16862.0008377 2.2380718892e-23 3.96838807254e-09
16885.2267342 1.22551978843e-23 3.86080216175e-09
16908.4526307 1.48633926684e-23 4.14390927024e-09
16931.6785271 2.15706377346e-23 2.10157405125e-09
16954.9044236 1.08059478713e-23 1.77336230805e-09
16978.1303201 2.61145544717e-23 2.02340455151e-09
17001.3562166 3.60234975592e-23 2.06939277728e-09
17024.582113 4.599086661e-23 1.52109461434e-09
17047.8080095 4.10143498784e-23 2.18706458661e-09
17071.033906 4.82776576322e-23 2.12298463743e-09
17094.2598024 3.32180043895e-23 1.68811599704e-09
17117.4856989 3.16894951462e-23 1.09330352085e-09
17140.7115954 4.05755532939e-23 3.27944202955e-09
17163.9374919 4.58129973311e-23 3.68295844262e-09
17187.1633883 3.42113382808e-23 2.38195134642e-09
17210.3892848 3.91812961415e-23 1.33732338837e-09
17233.6151813 2.82677919417e-23 2.4622478984e-09
17256.8410777 2.94851303956e-23 3.45775752877e-09
17280.0669742 3.90968794878e-23 3.19799091246e-09
17303.2928707 3.26521718271e-23 1.64961052778e-09
17326.5187671 2.11458702481e-23 1.23725431975e-09
17349.7446636 1.23896728016e-23 3.95193650495e-09
17372.9705601 2.32793311703e-23 3.52376682595e-09
17396.1964566 3.27639358084e-23 2.73497099974e-09
17419.422353 1.21825117385e-23 1.23005764561e-09
17442.6482495 3.38649875721e-23 2.97875620864e-09
17465.874146 4.46044772916e-23 2.76236275995e-09
17489.1000424 1.41362922575e-23 2.19149974641e-09
17512.3259389 2.43601717215e-23 1.16287397105e-09
17535.5518354 2.89794874367e-23 2.01873189432e-09
17558.7777319 3.28066769826e-23 4.33371187342e-09
17582.0036283 1.7970193515e-23 2.72186497895e-09
17605.2295248 2.62562533075e-23 1.33784615775e-09
17628.4554213 1.35042451285e-23 2.16415454953e-09
17651.6813177 2.63912573101e-23 3.06796935037e-09
17674.9072142 1.25420752008e-23 2.79270678636e-09
17698.1331107 4.86883884377e-24 1.89324361138e-09
17721.3590071 2.07679689681e-23 1.12505827566e-09
17744.5849036 5.17395986745e-24 2.07188319017e-09
17767.8108001 2.45776199222e-23 2.86532520217e-09
17791.0366966 2.01174979873e-23 2.28621867548e-09
17814.262593 3.82599834567e-24 2.2534268506e-09
17837.4884895 2.04401965951e-23 2.15282392552e-09
17860.714386 2.43174599874e-23 2.55348495771e-09
17883.9402824 3.21242541115e-23 3.5669682795e-09
17907.1661789 8.72408778295e-24 3.34142889182e-09
17930.3920754 4.21778618086e-23 1.41795002622e-09
17953.6179719 1.35833327641e-23 1.76728664815e-09
17976.8438683 3.06671678554e-23 2.46318129308e-09
18000.0697648 3.25222970692e-23 1.0324977629e-09
18023.2956613 1.27794968299e-23 3.07787371047e-09
18046.5215577 1.4653449916e-23 1.40122898581e-09
18069.7474542 3.35841401809e-24 1.89339722719e-09
18092.9733507 2.81493285907e-23 3.10609077585e-09
18116.1992471 4.63457500494e-23 2.00929370233e-09
18139.4251436 3.56552769455e-23 7.99732147177e-10
18162.6510401 2.51052392864e-23 1.13847313226e-09
18185.8769366 1.66443575489e-23 2.09444855615e-09
18209.102833 1.81621221725e-23 1.6086705539e-09
18232.3287295 1.49768302237e-23 1.05895238421e-09
18255.554626 1.51007726677e-23 3.32398315578e-09
18278.7805224 2.31950098766e-23 9.10597702291e-10
18302.0064189 3.08185190659e-23 2.86645353331e-09
18325.2323154 2.65376480153e-23 2.30794761939e-10
18348.4582119 1.97900731538e-23 5.18162667726e-09
18371.6841083 2.42941176905e-23 4.15647331914e-09
18394.9100048 3.64840638863e-23 1.21671045939e-09
18418.1359013 5.019267801e-23 2.44280460466e-09
18441.3617977 2.50741895007e-23 1.18412972956e-09
18464.5876942 2.54616059449e-23 2.38607443204e-09
18487.8135907 3.17957356719e-23 2.18381650696e-09
18511.0394872 5.38893155323e-23 1.68502015452e-09
18534.2653836 5.40542758856e-23 5.27901519927e-10
18557.4912801 3.56278629352e-23 2.59451162667e-09
18580.7171766 2.44686518737e-23 2.81355161869e-09
18603.943073 5.40758814282e-23 1.93731206303e-09
18627.1689695 5.62776968218e-23 2.50491745276e-09
18650.394866 2.2996068765e-23 6.75750575711e-10
18673.6207624 3.4820029297e-23 1.32487580313e-09
18696.8466589 4.32541719612e-23 1.44197694888e-09
18720.0725554 4.13510648086e-23 2.29621519515e-09
18743.2984519 2.29894214366e-23 1.74326749056e-09
18766.5243483 3.40001942507e-23 1.95003756026e-09
18789.7502448 2.50361406579e-23 1.32732038104e-09
18812.9761413 5.95100852629e-23 1.7977809414e-09
18836.2020377 7.43975144532e-23 1.05693179971e-09
18859.4279342 1.27272904855e-23 1.17271389763e-09
18882.6538307 3.08475845494e-23 2.99489618074e-09
18905.8797272 4.19546563236e-23 2.66241109078e-09
18929.1056236 5.89593260037e-23 1.26921420656e-09
18952.3315201 3.32212568436e-23 7.75163413695e-10
18975.5574166 2.68945570384e-23 2.46765889226e-09
18998.783313 4.08591892952e-23 2.76509539008e-09
19022.0092095 5.49091485428e-23 2.04905345103e-09
19045.235106 1.35126394067e-23 7.089969815e-10
19068.4610024 2.8734118909e-23 1.33553653167e-09
19091.6868989 2.19492956185e-23 1.93720570069e-09
19114.9127954 2.71898864757e-23 4.85464502128e-10
19138.1386919 1.59112492333e-23 1.73085241376e-09
19161.3645883 2.68131692954e-23 1.72892887173e-09
19184.5904848 3.35794057556e-23 4.44382623963e-10
19207.8163813 2.67594204815e-23 1.65766313396e-09
19231.0422777 1.95312982598e-23 1.3373108469e-09
19254.2681742 3.36870853535e-23 1.34627960913e-09
19277.4940707 2.68455938097e-23 1.53121206712e-09
19300.7199672 2.54167519622e-24 9.68949190713e-10
19323.9458636 2.09441727382e-23 1.08716988737e-09
19347.1717601 2.19007298993e-23 4.90560231321e-10
19370.3976566 1.89045593909e-23 6.66206469235e-10
19393.623553 1.4808026678e-23 8.5724945843e-10
19416.8494495 2.93629624938e-23 1.04500286549e-09
19440.075346 3.11349026879e-23 8.93425559838e-10
19463.3012424 2.93891187475e-23 8.57143452547e-10
19486.5271389 1.76684256142e-23 2.71008674238e-10
19509.7530354 1.95690160021e-23 2.06892663386e-10
19532.9789319 2.5783115556e-23 6.42335783282e-10
19556.2048283 3.4121904413e-23 8.56956655174e-10
19579.4307248 2.406989466e-23 8.63081034886e-10
19602.6566213 2.33132723451e-23 8.97573536626e-10
19625.8825177 2.42865160366e-23 9.96851500148e-10
19649.1084142 3.62864849891e-23 9.93440882464e-10
19672.3343107 4.67405471495e-23 3.82457157136e-10
19695.5602072 5.36176531194e-24 2.27664827439e-10
19718.7861036 1.86359490455e-23 4.90840397429e-10
19742.0120001 1.39548260655e-23 3.92275106576e-10
19765.2378966 2.55271885823e-23 7.65275438815e-10
19788.463793 2.15621014297e-23 3.89347758839e-10
19811.6896895 2.86297234621e-23 3.94641799667e-10
19834.915586 3.64791933292e-23 6.24985614246e-10
19858.1414825 5.54606435199e-23 2.63120679883e-10
19881.3673789 3.13861213604e-23 6.72717627856e-10
19904.5932754 3.21175242053e-23 9.2909861755e-10
19927.8191719 3.56656769082e-24 4.64285954678e-10
19951.0450683 2.28165741961e-23 4.65795874179e-10
19974.2709648 1.36121912685e-23 7.21005286013e-10
19997.4968613 2.57767884694e-23 5.42149154092e-10
20020.7227577 2.51385665227e-23 6.05650874668e-10
20043.9486542 2.58584733232e-23 1.06222790885e-09
20067.1745507 3.84222278555e-23 9.72944139261e-10
20090.4004472 4.07330213277e-23 4.5865003184e-10
20113.6263436 1.9682557447e-23 4.50570805206e-10
20136.8522401 2.49644277708e-23 6.24461827874e-10
20160.0781366 2.66353908135e-23 6.77243347562e-10
20183.304033 2.38476748094e-23 4.03659439098e-10
20206.5299295 3.20993957365e-23 4.56591265118e-10
20229.755826 2.23378215756e-23 6.52625895878e-10
20252.9817225 1.81983614195e-23 4.49626240438e-10
20276.2076189 1.54668950866e-23 3.80034022018e-10
20299.4335154 1.26305845112e-23 4.9398786808e-10
20322.6594119 2.51840808579e-23 7.28252654489e-10
20345.8853083 1.78218516306e-23 7.71521525956e-10
20369.1112048 8.66799369829e-24 7.45911524006e-10
20392.3371013 5.94959543612e-24 6.34820029388e-10
20415.5629977 1.63553573278e-23 4.46411260683e-10
20438.7888942 1.91799393095e-23 3.16533601338e-10
20462.0147907 1.98410430555e-23 7.97332332376e-10
20485.2406872 1.05085413361e-23 9.39511241702e-10
20508.4665836 1.00688926889e-23 6.16838678639e-10
20531.6924801 1.38832363781e-23 2.35439921285e-10
20554.9183766 6.9358453765e-24 3.67782700917e-10
20578.144273 2.22648034927e-23 3.67947924183e-10
20601.3701695 1.27920302373e-23 3.188137609e-10
20624.596066 1.51981142372e-23 4.23403894433e-10
20647.8219625 2.10459186917e-23 5.44556753065e-10
20671.0478589 1.53311272621e-23 4.99209048056e-10
20694.2737554 7.72521834492e-24 2.80595966977e-10
20717.4996519 1.02440417573e-23 2.16798256056e-10
20740.7255483 6.97761706042e-24 2.82788036902e-10
20763.9514448 2.63571875961e-23 2.74836076536e-10
20787.1773413 8.85568385155e-24 2.15134293478e-10
20810.4032378 1.72593718317e-23 3.24818343709e-10
20833.6291342 2.06054318627e-23 2.00267136058e-10
20856.8550307 1.87488494978e-23 1.58258790914e-10
20880.0809272 1.18734982964e-23 2.46102233849e-10
20903.3068236 2.12773120322e-23 2.67252872434e-10
20926.5327201 1.020684538e-23 8.00961795159e-11
20949.7586166 1.61008610167e-23 5.0700364142e-11
20972.984513 1.05094420886e-23 1.00394560848e-10
20996.2104095 1.02048674174e-23 5.28241274244e-11
21019.436306 1.79274525283e-23 1.21312397697e-10
21042.6622025 1.56713211592e-23 1.13448435825e-10
21065.8880989 1.63664748326e-23 1.19151363047e-10
21089.1139954 1.16094324372e-23 7.29370036841e-11
21112.3398919 2.02933925386e-23 1.29431148313e-10
21135.5657883 7.67078223267e-24 8.92303296091e-11
21158.7916848 1.66234468579e-23 5.15743039275e-11
21182.0175813 7.40327646935e-24 7.28214131833e-11
21205.2434778 1.29612596425e-23 9.61127313923e-11
21228.4693742 1.72383015654e-23 1.26844366737e-10
21251.6952707 1.69593285628e-23 1.20089408502e-10
21274.9211672 1.44106285643e-23 1.34745871078e-10
21298.1470636 9.31969866372e-24 1.21397568485e-10
21321.3729601 1.54009058453e-23 1.00504096994e-10
21344.5988566 1.61095171175e-23 1.17263866471e-10
21367.824753 2.41669727836e-23 1.40949828355e-10
21391.0506495 1.19370847479e-23 1.10526184698e-10
21414.276546 3.60377318496e-24 6.77536963405e-11
21437.5024425 2.01168395537e-23 1.01650422634e-10
21460.7283389 6.41559956459e-24 1.130635812e-10
21483.9542354 1.31932212231e-23 3.59321400572e-11
21507.1801319 4.57363663787e-24 8.50403528952e-11
21530.4060283 1.32969327196e-23 1.25834516631e-10
21553.6319248 7.85709637455e-24 1.52981654036e-10
21576.8578213 1.06110661523e-23 8.3013834845e-11
21600.0837178 1.06038045374e-23 2.0011145743e-11
21623.3096142 7.67742257946e-24 7.93170399601e-11
21646.5355107 3.24803889023e-24 1.30051035797e-10
21669.7614072 4.36206709054e-24 1.46259785058e-10
21692.9873036 9.10540373563e-24 9.18170242546e-11
21716.2132001 7.32447615082e-24 2.09526137142e-12
21739.4390966 1.39220851278e-24 6.06486940045e-11
21762.664993 4.64759140101e-24 1.19199888713e-10
21785.8908895 8.6832947545e-24 1.38918081377e-10
21809.116786 4.06047668953e-24 9.12255707769e-11
21832.3426825 1.55400311987e-24 4.12570894646e-11
21855.5685789 2.52660574589e-24 3.55995217992e-11
21878.7944754 4.02258249902e-24 5.25028509429e-11
21902.0203719 2.63498010266e-24 5.66725626365e-11
21925.2462683 1.37054353612e-24 2.90210580095e-11
21948.4721648 2.01813633595e-24 3.19718142627e-11
21971.6980613 1.14242716025e-23 7.30182000991e-12
21994.9239578 8.321393448e-24 7.69038980811e-12
22018.1498542 1.48346838892e-23 4.35202529713e-11
22041.3757507 9.77151087933e-24 7.14281619941e-11
22064.6016472 6.58468971138e-24 5.02973197929e-11
22087.8275436 8.61075027344e-24 4.7490235469e-11
22111.0534401 1.49079889312e-23 4.18182661877e-11
22134.2793366 2.7361946177e-24 5.80541298576e-12
22157.5052331 1.43536259178e-24 3.25163625332e-11
22180.7311295 1.58622324748e-23 3.09126286714e-11
22203.957026 2.18736180866e-23 5.09334454435e-11
22227.1829225 5.35572356879e-24 4.04263909195e-11
22250.4088189 6.18960676537e-24 3.2941145207e-11
22273.6347154 2.97043687349e-24 1.26243168224e-10
22296.8606119 2.72756949788e-24 1.76318503125e-10
22320.0865083 8.95005206851e-24 1.28160966687e-10
22343.3124048 1.38429265606e-23 9.17883707805e-11
22366.5383013 1.61256327399e-23 7.90311219189e-11
22389.7641978 1.23666973645e-23 1.74606477694e-11
22412.9900942 2.11718119532e-23 6.0643265706e-11
22436.2159907 4.38007810289e-23 8.62672082668e-11
22459.4418872 5.95392763331e-24 7.17641620462e-11
22482.6677836 7.03314534801e-24 8.61176276972e-11
22505.8936801 2.75582254923e-23 1.01993529876e-10
22529.1195766 1.51988527139e-23 1.18473344717e-10
22552.3454731 6.70203369484e-24 7.95592151879e-11
22575.5713695 1.72335515889e-23 5.13275993195e-11
22598.797266 1.34680921073e-23 7.06104283865e-11
22622.0231625 4.71730390423e-23 7.70805345452e-11
22645.2490589 2.84737336804e-23 8.97531356772e-11
22668.4749554 6.12059215531e-24 7.88795794424e-11
22691.7008519 5.1015577139e-24 8.10720004573e-11
22714.9267483 1.76050841075e-23 1.04528368979e-10
22738.1526448 1.25034542099e-23 7.0667568263e-11
22761.3785413 1.14566856678e-23 7.19412631802e-11
22784.6044378 1.25221230194e-23 5.06401980339e-11
22807.8303342 1.64522357565e-23 7.82157895096e-11
22831.0562307 2.3975772504e-23 8.34114882841e-11
22854.2821272 1.74394716702e-23 7.01294804926e-11
22877.5080236 7.25903912468e-24 8.09587780429e-11
22900.7339201 3.95698586895e-24 5.09187126746e-11
22923.9598166 2.07047483229e-23 8.68980999754e-11
22947.1857131 1.07719927164e-23 5.99236375468e-11
22970.4116095 1.0054819003e-23 7.7285166033e-11
22993.637506 1.8495955436e-23 8.44664719513e-11
23016.8634025 9.44504832116e-24 4.16874562143e-11
23040.0892989 1.94516671625e-23 7.45581506445e-11
23063.3151954 1.92191448766e-23 4.00738521768e-11
23086.5410919 1.09288695933e-23 9.1116301189e-11
23109.7669884 2.31618002305e-23 5.22090049063e-11
23132.9928848 6.09098135991e-24 6.00133964881e-11
23156.2187813 1.15190230513e-23 7.90926252144e-11
23179.4446778 2.67203807296e-23 4.8925556115e-11
23202.6705742 2.21704599247e-23 5.60169027036e-11
23225.8964707 8.68184111541e-24 4.12989509425e-11
23249.1223672 2.35231744965e-23 4.63686072723e-11
23272.3482636 2.66279329023e-23 3.23851577626e-11
23295.5741601 6.78844731851e-24 6.42500869796e-11
23318.8000566 3.13456842233e-24 3.90279715259e-11
23342.0259531 1.22203413386e-23 8.21928397757e-11
23365.2518495 1.49328876159e-23 3.55513623247e-11
23388.477746 8.14202476842e-24 9.29118378904e-11
23411.7036425 3.07980734859e-23 2.3115997098e-11
23434.9295389 2.94381250661e-23 4.34457358097e-11
23458.1554354 1.68243599964e-23 4.84780587522e-11
23481.3813319 1.58473930988e-23 5.09006697131e-11
23504.6072284 1.31690150265e-23 3.88324209795e-11
23527.8331248 2.58025842825e-23 4.37590289365e-11
23551.0590213 5.89487316316e-24 4.02998184504e-11
23574.2849178 2.73724029556e-23 4.37081691002e-11
23597.5108142 2.0900099006e-23 2.43486649676e-11
23620.7367107 8.53949704392e-24 4.67802017137e-11
23643.9626072 2.65651829377e-23 5.12849390719e-11
23667.1885036 3.18562533293e-23 3.72248762015e-11
23690.4144001 1.35940103004e-23 5.09087324132e-11
23713.6402966 6.57563367793e-24 3.54276334231e-11
23736.8661931 1.66663466507e-23 3.79860457465e-11
23760.0920895 3.13404429082e-23 6.78188285509e-11
23783.317986 3.22832312888e-23 4.39280249859e-11
23806.5438825 1.1774468313e-23 4.2228454007e-11
23829.7697789 3.48934420373e-24 2.83857695789e-11
23852.9956754 1.43854777194e-23 4.80827275551e-11
23876.2215719 9.45204164908e-24 2.82961489223e-11
23899.4474684 3.52864624967e-24 2.69631968895e-11
23922.6733648 2.98309047729e-24 6.62339481775e-11
23945.8992613 9.31777678834e-24 6.02160976618e-11
23969.1251578 1.22189839502e-23 4.53276409194e-11
23992.3510542 1.58834744705e-23 2.87581943928e-11
24015.5769507 1.1862740912e-23 2.63242254912e-11
24038.8028472 1.23079607976e-23 3.2491392628e-11
24062.0287436 7.36747176392e-24 3.7550463028e-11
24085.2546401 8.05298571542e-24 3.75273520714e-11
24108.4805366 9.84554055928e-24 5.45683528289e-11
24131.7064331 7.73072580826e-24 3.6360720156e-11
24154.9323295 3.39444033863e-23 4.11121727208e-11
24178.158226 1.82857802144e-23 4.43243476214e-11
24201.3841225 2.19364945406e-23 3.9178011735e-11
24224.6100189 2.81119027608e-24 2.86261264933e-11
24247.8359154 1.44804503463e-23 3.38034524874e-11
24271.0618119 1.06767834817e-23 4.28761069754e-11
24294.2877084 1.80394931905e-23 4.31816750097e-11
24317.5136048 1.81822785013e-23 3.78821971039e-11
24340.7395013 1.35826902642e-23 3.00123513188e-11
24363.9653978 2.20221801237e-23 3.31105972516e-11
24387.1912942 9.06844100806e-24 3.83661894664e-11
24410.4171907 9.83962186504e-24 3.58008378792e-11
24433.6430872 2.29432575927e-23 3.52922076066e-11
24456.8689837 8.5621271597e-24 2.52211356857e-11
24480.0948801 7.38772759079e-24 2.22467456992e-11
24503.3207766 3.60351313037e-24 2.64321816866e-11
24526.5466731 7.53504610393e-24 2.74345120118e-11
24549.7725695 2.24892958701e-23 2.3205374912e-11
24572.998466 1.15629125176e-23 2.22286831447e-11
24596.2243625 3.63153820221e-23 1.57868490283e-11
24619.4502589 1.87065088413e-23 1.59329666003e-11
24642.6761554 8.74416640297e-24 2.61586149456e-11
24665.9020519 5.39292228215e-24 2.16952235793e-11
24689.1279484 2.42088118861e-23 1.34996972402e-11
24712.3538448 2.71345434273e-23 6.61966507418e-12
24735.5797413 1.73400100638e-23 1.01073019368e-11
24758.8056378 2.61059941981e-23 1.25290289908e-11
24782.0315342 1.34656349066e-23 9.40480442059e-12
24805.2574307 8.2798637134e-24 1.188743975e-11
24828.4833272 1.78180464983e-23 1.35785370389e-11
24851.7092237 2.26023510044e-24 1.17265586351e-11
24874.9351201 7.95555195388e-24 9.73956272489e-12
24898.1610166 1.02308935461e-23 1.01180010837e-11
24921.3869131 2.72230307094e-24 1.25270164023e-11
24944.6128095 5.75769310654e-24 9.32816500741e-12
24967.838706 5.43631240795e-24 6.2187801057e-12
24991.0646025 1.16478104402e-23 8.44103494987e-12
25014.2904989 1.69837163444e-23 6.46322333631e-12
25037.5163954 5.00771396279e-24 2.3420950319e-12
25060.7422919 2.76078042055e-23 2.45955214561e-12
25083.9681884 3.45180217768e-23 9.86550520629e-12
25107.1940848 2.20969221003e-23 1.03715508661e-11
25130.4199813 3.3355092195e-23 1.00522772024e-11
25153.6458778 1.44843015551e-23 9.04378045788e-12
25176.8717742 6.47688237863e-24 7.5279972303e-12
25200.0976707 2.12020990775e-23 6.8644575259e-12
25223.3235672 1.45117685508e-23 6.25719193696e-12
25246.5494637 2.58986746855e-23 4.32272540694e-12
25269.7753601 1.34589735986e-23 4.87356066467e-12
25293.0012566 2.44294856697e-23 9.55849725622e-12
25316.2271531 1.52715203503e-23 6.03951273943e-12
25339.4530495 1.12441375368e-24 6.12909388184e-12
25362.678946 1.30413473876e-23 1.13035013077e-11
25385.9048425 2.21552754966e-23 1.47889128213e-11
25409.130739 3.04393773302e-23 1.57411210099e-11
25432.3566354 1.01007375168e-23 1.64941185237e-11
25455.5825319 1.03195734942e-23 1.65146335459e-11
25478.8084284 1.03821861987e-23 1.35606807555e-11
25502.0343248 5.84967836943e-24 1.3134703972e-11
25525.2602213 1.02148681672e-23 1.49955264736e-11
25548.4861178 5.87403224188e-23 1.74208121995e-11
25571.7120142 2.88182898276e-23 1.7602673425e-11
25594.9379107 1.60167705701e-23 1.62001345024e-11
25618.1638072 2.38400436e-23 1.60384728863e-11
25641.3897037 1.04109059067e-22 1.50842178921e-11
25664.6156001 1.25136292141e-22 1.74839390409e-11
25687.8414966 1.28525995921e-22 1.70975650058e-11
25711.0673931 7.87911830692e-23 1.86951394105e-11
25734.2932895 1.53624055152e-22 2.2974496111e-11
25757.519186 8.98587399702e-23 2.20765491162e-11
25780.7450825 1.18152944216e-22 1.96845456954e-11
25803.970979 4.31264330817e-23 2.10294665302e-11
25827.1968754 2.86302431134e-23 2.31704514649e-11
25850.4227719 9.06746501518e-23 2.15931662802e-11
25873.6486684 2.45834044131e-24 2.25454378083e-11
25896.8745648 1.93581374748e-23 2.76103406215e-11
25920.1004613 1.92296730792e-23 2.77556383307e-11
25943.3263578 3.34315286141e-23 2.5658208598e-11
25966.5522542 9.11935552465e-24 2.78368720216e-11
25989.7781507 1.32993247967e-23 2.52867128796e-11
26013.0040472 2.53585168463e-23 2.59932603169e-11
26036.2299437 2.21808980376e-23 2.79791753193e-11
26059.4558401 4.49575297513e-23 3.00517346864e-11
26082.6817366 6.25493260501e-23 3.34515869976e-11
26105.9076331 7.47325880196e-24 3.15675292393e-11
26129.1335295 4.26525195878e-23 3.29800787627e-11
26152.359426 1.10093756848e-23 3.24280965007e-11
26175.5853225 2.87523215984e-23 3.57010431708e-11
26198.811219 2.2529965131e-23 3.77783682185e-11
26222.0371154 5.04458655347e-23 3.80395650549e-11
26245.2630119 3.65167063447e-23 3.53683499622e-11
26268.4889084 3.45482801866e-23 3.43962601313e-11
26291.7148048 1.72025145272e-23 3.52102139794e-11
26314.9407013 1.57089873142e-23 3.76015432284e-11
26338.1665978 4.12161183205e-23 3.65715614729e-11
26361.3924942 4.90498093921e-23 3.34701250544e-11
26384.6183907 2.99276224983e-23 3.35674944601e-11
26407.8442872 2.63323645826e-23 3.49846824994e-11
26431.0701837 3.30383733274e-23 3.50050713366e-11
26454.2960801 5.48680897133e-23 3.42238558386e-11
26477.5219766 2.006930101e-23 3.37076769869e-11
26500.7478731 7.39816686424e-23 3.3508163423e-11
26523.9737695 6.01970327271e-24 3.40374726197e-11
26547.199666 1.96263922396e-23 3.5390292019e-11
26570.4255625 5.54452793687e-23 3.72085887418e-11
26593.651459 7.25051167386e-23 3.63573292769e-11
26616.8773554 6.92470060191e-23 4.02869605367e-11
26640.1032519 3.66573291536e-23 4.02692269426e-11
26663.3291484 3.77603538757e-23 3.56124577481e-11
26686.5550448 3.10585232418e-24 3.70864417235e-11
26709.7809413 6.76272112615e-23 3.89038322054e-11
26733.0068378 4.77883375364e-23 4.23336446654e-11
26756.2327343 2.95056513672e-23 4.30280158491e-11
26779.4586307 5.34851509899e-23 4.21929701792e-11
26802.6845272 1.79275876983e-23 4.28045148031e-11
26825.9104237 5.11735234057e-23 4.30035153975e-11
26849.1363201 4.93933165381e-23 4.59570576881e-11
26872.3622166 8.60464105489e-23 4.6787646145e-11
26895.5881131 1.52648756973e-23 4.67591976546e-11
26918.8140095 4.09560104197e-23 4.79520472338e-11
26942.039906 8.02078184851e-23 4.6700330939e-11
26965.2658025 9.34506159325e-23 5.00805262965e-11
26988.491699 1.30444552358e-22 4.87449229421e-11
27011.7175954 5.35061634539e-23 4.70299596319e-11
27034.9434919 4.47155753119e-23 4.53149957844e-11
27058.1693884 6.72493116644e-23 4.29389031147e-11
27081.3952848 5.39115457324e-23 4.03862194082e-11
27104.6211813 1.60106926344e-22 4.08734563954e-11
27127.8470778 4.94367727221e-23 4.40444477141e-11
27151.0729743 7.43037131794e-23 4.49623916737e-11
27174.2988707 9.65646371117e-23 4.71229614132e-11
27197.5247672 4.84898243347e-23 4.49385057168e-11
27220.7506637 8.89813642994e-23 4.47315951807e-11
27243.9765601 8.08399610693e-23 4.35214403979e-11
27267.2024566 3.74619457187e-23 4.52824181456e-11
27290.4283531 9.46136672902e-23 4.83078920086e-11
27313.6542495 7.93936514835e-23 4.53131326116e-11
27336.880146 1.63628762653e-22 4.6827754316e-11
27360.1060425 3.09886513229e-23 4.91774235143e-11
27383.331939 9.9730581315e-23 4.64557281957e-11
27406.5578354 1.82666132833e-22 4.72402278609e-11
27429.7837319 5.72660387242e-23 4.57536933336e-11
27453.0096284 8.62165369631e-23 4.55465781837e-11
27476.2355248 4.16765675154e-23 4.77675870024e-11
27499.4614213 1.36766400237e-22 4.57219442576e-11
27522.6873178 5.27728984972e-23 4.61067289352e-11
27545.9132143 2.32969530736e-23 4.73072629858e-11
27569.1391107 4.03677347629e-23 4.55835376499e-11
27592.3650072 2.81129804742e-23 4.66529268523e-11
27615.5909037 4.49682544412e-23 4.5441952795e-11
27638.8168001 1.21434417424e-23 4.63564300054e-11
27662.0426966 2.75055462931e-24 4.29835014417e-11
27685.2685931 9.28632425411e-24 4.51087554964e-11
27708.4944895 2.26730463133e-23 4.56570240148e-11
27731.720386 1.86007692993e-23 4.24063823749e-11
27754.9462825 5.99842750209e-24 4.3732994059e-11
27778.172179 2.02182299211e-24 4.29063798053e-11
27801.3980754 9.85222655143e-24 4.34465680273e-11
27824.6239719 8.42914233287e-24 4.33165891037e-11
27847.8498684 4.8978460671e-24 4.25910403127e-11
27871.0757648 5.89112032665e-24 4.3358967729e-11
27894.3016613 6.42422710822e-24 4.19495507679e-11
27917.5275578 1.9860144384e-24 4.35883595195e-11
27940.7534543 2.97727504223e-24 4.24457290952e-11
27963.9793507 1.36246847135e-24 4.473674619e-11
27987.2052472 2.19727700465e-24 4.21659712921e-11
28010.4311437 2.24384624394e-24 4.32421208607e-11
28033.6570401 3.87044645412e-24 4.27048939906e-11
28056.8829366 2.82790718091e-25 4.21467207716e-11
28080.1088331 4.72258111772e-24 4.28984941179e-11
28103.3347296 4.41000449294e-24 4.31227616459e-11
28126.560626 5.35063018179e-24 4.24184660888e-11
28149.7865225 8.29512713487e-24 4.24711639796e-11
28173.012419 9.01355317943e-24 4.2913949889e-11
28196.2383154 3.06897467854e-24 4.27378664497e-11
28219.4642119 5.72564275857e-24 4.35229898466e-11
28242.6901084 3.29293826208e-24 4.26795965795e-11
28265.9160048 3.2374341472e-24 4.33318373405e-11
28289.1419013 6.04061546808e-24 4.18266117839e-11
28312.3677978 2.50667154254e-24 4.11457507839e-11
28335.5936943 1.06963674723e-23 4.23727293989e-11
28358.8195907 1.0345022412e-23 3.86349007699e-11
28382.0454872 2.36372055146e-24 4.03564956094e-11
28405.2713837 4.35663039524e-24 3.93774142028e-11
28428.4972801 5.97583917143e-24 4.03354361232e-11
28451.7231766 1.27313527026e-23 3.88316256995e-11
28474.9490731 1.09353992654e-23 3.8112544679e-11
28498.1749696 1.05115331325e-23 3.83092536767e-11
28521.400866 7.42109059044e-24 3.96343354031e-11
28544.6267625 1.55691026308e-23 3.82648325705e-11
28567.852659 2.08655740069e-23 3.76412984742e-11
28591.0785554 2.02694399113e-23 3.76264399545e-11
28614.3044519 1.58083820656e-23 3.74779849832e-11
28637.5303484 5.84505557265e-24 3.68385775491e-11
28660.7562448 2.3458343858e-23 3.69621189396e-11
28683.9821413 2.35679095369e-23 3.6114876158e-11
28707.2080378 2.48527854841e-23 3.56968457283e-11
28730.4339343 1.41768014276e-23 3.61950875567e-11
28753.6598307 1.91096402605e-23 3.67023967068e-11
28776.8857272 3.57407400502e-23 3.59718712602e-11
28800.1116237 3.05148477041e-23 3.50380258871e-11
28823.3375201 3.56757444339e-23 3.47701822271e-11
28846.5634166 3.8530926482e-23 3.35718303884e-11
28869.7893131 8.06401494907e-23 3.38958640084e-11
28893.0152096 7.01223560708e-23 3.47627713055e-11
28916.241106 1.32054740603e-22 3.52654878298e-11
28939.4670025 1.21876241908e-22 3.43868349304e-11
28962.692899 1.39472944391e-22 3.39180220334e-11
28985.9187954 9.03043552454e-23 3.42172112881e-11
29009.1446919 1.071365643e-22 3.33833210325e-11
29032.3705884 1.61219214796e-22 3.30537999228e-11
29055.5964849 2.12759716272e-22 3.29433760537e-11
29078.8223813 7.53868814898e-23 3.25193868002e-11
29102.0482778 6.24012433065e-23 3.15481839476e-11
29125.2741743 6.77955695661e-23 3.13937411811e-11
29148.5000707 1.49428564353e-22 3.0774021413e-11
29171.7259672 2.25201102023e-22 3.01625934724e-11
29194.9518637 3.07469598091e-23 3.05279283516e-11
29218.1777601 1.07018616376e-22 2.97898852711e-11
29241.4036566 8.76255349656e-23 2.93016516266e-11
29264.6295531 7.38424359308e-23 2.89349163085e-11
29287.8554496 1.33758044177e-22 2.85024957972e-11
29311.081346 5.15345932066e-23 2.79698317783e-11
29334.3072425 1.49229467785e-23 2.83090379884e-11
29357.533139 6.5468287488e-23 2.8137947055e-11
29380.7590354 8.23021542233e-23 2.80388878558e-11
29403.9849319 1.49596151113e-22 2.80341536373e-11
29427.2108284 1.06206735037e-22 2.81637214709e-11
29450.4367249 1.23495890673e-22 2.79619491049e-11
29473.6626213 4.02638921214e-23 2.75486822229e-11
29496.8885178 4.8229042819e-23 2.68583570421e-11
29520.1144143 6.0301471031e-23 2.68763972841e-11
29543.3403107 3.51809628068e-23 2.69967874569e-11
29566.5662072 5.33568170457e-23 2.62308955586e-11
29589.7921037 5.95294936752e-23 2.57503830766e-11
29613.0180001 3.70895933471e-23 2.5439976246e-11
29636.2438966 5.48672481517e-23 2.54483814589e-11
29659.4697931 2.30923443704e-23 2.52367255364e-11
29682.6956896 1.80236505268e-23 2.53054096779e-11
29705.921586 3.59758392723e-23 2.47865535596e-11
29729.1474825 2.34471843135e-23 2.44813009611e-11
29752.373379 5.28568989973e-23 2.39398037528e-11
29775.5992754 4.51420066244e-23 2.34870028341e-11
29798.8251719 6.90735979672e-23 2.28863148887e-11
29822.0510684 6.01316840792e-23 2.22803051528e-11
29845.2769649 3.02697566183e-23 2.19645770006e-11
29868.5028613 7.84054886301e-23 2.1762634526e-11
29891.7287578 4.71467918908e-23 2.12695650906e-11
29914.9546543 4.59509180593e-23 2.11316281696e-11
29938.1805507 5.60909431636e-23 2.06878939767e-11
29961.4064472 9.84246960782e-24 2.02359668524e-11
29984.6323437 5.96234591042e-23 1.9676256939e-11
30007.8582401 3.63874327639e-23 1.97045280714e-11
30031.0841366 2.78920241493e-23 1.98398155112e-11
30054.3100331 4.45757618439e-23 1.96173080897e-11
30077.5359296 2.66955802487e-23 1.93969531879e-11
30100.761826 1.21623971389e-23 1.94075105222e-11
30123.9877225 5.19961234552e-23 1.94126131717e-11
30147.213619 8.29780119927e-23 1.90710797373e-11
30170.4395154 5.38868825495e-23 1.88152619061e-11
30193.6654119 2.72178903419e-23 1.86209820677e-11
30216.8913084 1.6869341709e-23 1.85348490424e-11
30240.1172049 1.63400977169e-23 1.8106587907e-11
30263.3431013 1.53796396152e-23 1.78631711657e-11
30286.5689978 2.60622828406e-23 1.73645205163e-11
30309.7948943 4.54753564914e-23 1.68843982935e-11
30333.0207907 1.92499594128e-23 1.65455973338e-11
30356.2466872 3.17073884161e-23 1.6433551606e-11
30379.4725837 2.74676837894e-23 1.65266194755e-11
30402.6984802 4.15927046668e-23 1.64474930504e-11
30425.9243766 4.98366388056e-23 1.62909239268e-11
30449.1502731 1.06014933529e-23 1.60190055532e-11
30472.3761696 8.47407372786e-24 1.55350174449e-11
30495.602066 2.43648941603e-23 1.52971428879e-11
30518.8279625 1.12625930676e-22 1.48896282595e-11
30542.053859 1.59777024041e-22 1.46027930072e-11
30565.2797554 1.19180077746e-22 1.41006066419e-11
30588.5056519 9.70592246126e-23 1.36160335552e-11
30611.7315484 8.90427984404e-23 1.33018728726e-11
30634.9574449 2.29933136556e-23 1.32576362363e-11
30658.1833413 1.29320200904e-22 1.32029919269e-11
30681.4092378 5.78242030007e-23 1.306655933e-11
30704.6351343 6.52803270965e-23 1.27971249647e-11
30727.8610307 7.8442209205e-23 1.25759969213e-11
30751.0869272 8.52289633265e-23 1.2348792432e-11
30774.3128237 5.20304388891e-23 1.2251311978e-11
30797.5387202 1.05784979538e-23 1.19206233059e-11
30820.7646166 2.65169015912e-23 1.19234386157e-11
30843.9905131 2.62073535965e-23 1.19469033039e-11
30867.2164096 1.54778161522e-23 1.16338693174e-11
30890.442306 1.0515461878e-23 1.12849619324e-11
30913.6682025 3.73961430981e-24 1.10949640201e-11
30936.894099 2.77695363357e-24 1.11872800961e-11
30960.1199954 2.72244288721e-23 1.10831018658e-11
30983.3458919 3.17194908683e-23 1.08155558168e-11
31006.5717884 2.9143244426e-23 1.0580185905e-11
31029.7976849 1.10187021594e-23 1.01836573763e-11
31053.0235813 6.45644495003e-24 9.87944983324e-12
31076.2494778 2.85280823501e-23 9.77673451262e-12
31099.4753743 1.41137779245e-23 9.66265045191e-12
31122.7012707 1.49136520266e-23 9.55762072208e-12
31145.9271672 3.94510031942e-23 9.54922973094e-12
31169.1530637 1.09185770975e-23 9.44029887195e-12
31192.3789602 2.43726971471e-23 9.1880672951e-12
31215.6048566 7.99885697677e-24 8.88215898986e-12
31238.8307531 1.34592208415e-23 8.49587217683e-12
31262.0566496 1.68234468077e-23 8.18594408406e-12
31285.282546 2.57398899885e-23 8.00709721528e-12
31308.5084425 3.80268061572e-23 7.7754134715e-12
31331.734339 9.07502494081e-24 7.45740196031e-12
31354.9602355 9.10860861475e-24 7.38311124374e-12
31378.1861319 1.17693378166e-23 7.13348355974e-12
31401.4120284 7.04409165193e-24 7.16768499006e-12
31424.6379249 1.44852103798e-23 7.09519423951e-12
31447.8638213 7.15846780464e-24 7.07658143611e-12
31471.0897178 2.81778076599e-24 7.15675810714e-12
31494.3156143 3.02344245221e-23 7.04208105714e-12
31517.5415107 1.56868044608e-23 6.88180500842e-12
31540.7674072 5.70556679417e-24 6.85009775992e-12
31563.9933037 1.89749103552e-23 6.65390280909e-12
31587.2192002 9.91129443e-24 6.51837467046e-12
31610.4450966 7.4491391272e-24 6.3847041981e-12
31633.6709931 2.94328880934e-23 6.29066528247e-12
31656.8968896 2.60114025214e-23 6.19692338687e-12
31680.122786 2.64409136439e-23 6.02218507138e-12
31703.3486825 2.30596128894e-23 5.84417343185e-12
31726.574579 6.5981153005e-24 5.74408801293e-12
31749.8004755 6.84337013825e-24 5.47850616414e-12
31773.0263719 2.43877606084e-23 5.28121009181e-12
31796.2522684 2.39871084016e-23 5.0983855495e-12
31819.4781649 2.25522464933e-23 5.01281181707e-12
31842.7040613 3.27857477846e-23 4.9911738778e-12
31865.9299578 1.91633755347e-23 4.99151460129e-12
31889.1558543 5.02593373597e-24 4.80041789112e-12
31912.3817507 2.59589057844e-23 4.85952835292e-12
31935.6076472 2.82624852434e-23 4.78069379313e-12
31958.8335437 2.54386046939e-23 4.3829641446e-12
31982.0594402 2.14421196811e-23 4.32748700116e-12
32005.2853366 1.08300187761e-23 4.11185475576e-12
32028.5112331 5.97811042129e-24 3.98796741772e-12
32051.7371296 1.08757773579e-23 3.92537991957e-12
32074.963026 3.51367561195e-23 3.8475318645e-12
32098.1889225 1.99143018588e-23 3.89243404254e-12
32121.414819 1.89866021207e-23 3.77677177437e-12
32144.6407155 1.52745278808e-23 3.7085975425e-12
32167.8666119 9.46640511972e-24 3.66809498006e-12
32191.0925084 1.64190472218e-23 3.65363807789e-12
32214.3184049 3.31869494743e-23 3.63772648426e-12
32237.5443013 7.32487650463e-24 3.47936150571e-12
32260.7701978 1.66875990555e-23 3.52998328814e-12
32283.9960943 1.19622524577e-23 3.47681764848e-12
32307.2219907 1.65741317579e-24 3.2942984057e-12
32330.4478872 1.37308227916e-23 3.18002193002e-12
32353.6737837 9.66783534715e-24 2.96699609918e-12
32376.8996802 1.77505865611e-23 2.88176977116e-12
32400.1255766 1.17259564943e-23 2.79885154655e-12
32423.3514731 7.39579133946e-24 2.80416087417e-12
32446.5773696 1.90624057975e-23 2.6943691054e-12
32469.803266 2.97709058227e-24 2.73500119813e-12
32493.0291625 9.85963415457e-24 2.54157938678e-12
32516.255059 1.06756028611e-23 2.52556041026e-12
32539.4809555 5.52436543011e-24 2.54038264703e-12
32562.7068519 1.46634364599e-23 2.42169511812e-12
32585.9327484 1.42745547821e-23 2.47273230971e-12
32609.1586449 2.09179557774e-23 2.40468780091e-12
32632.3845413 2.10568878887e-23 2.299907466e-12
32655.6104378 9.89658581324e-24 2.28676349699e-12
32678.8363343 1.1826363505e-23 2.11147247375e-12
32702.0622308 1.95463101189e-23 2.08916627928e-12
32725.2881272 3.1648413291e-23 1.99804738654e-12
32748.5140237 1.78683154114e-23 2.02734595546e-12
32771.7399202 1.03271090469e-23 1.8689773448e-12
32794.9658166 2.7443451392e-23 1.96414975591e-12
32818.1917131 2.39802512214e-23 1.84798469163e-12
32841.4176096 5.65445325531e-24 1.86504434452e-12
32864.643506 4.00038184962e-23 1.84029068615e-12
32887.8694025 1.88214570952e-23 1.83255138619e-12
32911.095299 3.01600667298e-23 1.80055645024e-12
32934.3211955 5.59862740611e-24 1.64322486869e-12
32957.5470919 1.95636752967e-23 1.60418599152e-12
32980.7729884 1.45959864686e-23 1.58698662938e-12
33003.9988849 2.38493932049e-23 1.51587182372e-12
33027.2247813 2.35881387841e-23 1.42799393569e-12
33050.4506778 2.02212552826e-23 1.5017749809e-12
33073.6765743 1.35117768182e-24 1.37713688694e-12
33096.9024708 8.98708074506e-24 1.40000835538e-12
33120.1283672 3.14608596225e-23 1.2720454605e-12
33143.3542637 2.62197077819e-23 1.29990963581e-12
33166.5801602 1.92500595827e-23 1.26919171815e-12
33189.8060566 1.78710396597e-24 1.26068675781e-12
33213.0319531 2.53428920411e-23 1.21828740297e-12
33236.2578496 2.94394515215e-23 1.2646581618e-12
33259.483746 9.74121210836e-24 1.21179770151e-12
33282.7096425 2.03998575013e-24 1.14564716168e-12
33305.935539 2.36990523102e-24 1.12125212022e-12
33329.1614355 1.25252043667e-23 1.01587629344e-12
33352.3873319 2.59243570487e-23 1.03395417809e-12
33375.6132284 2.25136538105e-23 9.7896264664e-13
33398.8391249 2.29860146896e-23 9.50063311547e-13
33422.0650213 6.79229034575e-24 9.5187579457e-13
33445.2909178 7.0677949007e-24 9.26527099551e-13
33468.5168143 1.22241090684e-23 8.8383666269e-13
33491.7427108 3.65464463099e-24 8.93077232323e-13
33514.9686072 1.07569401304e-23 8.33286964725e-13
33538.1945037 1.74140254766e-23 8.12635678014e-13
33561.4204002 1.0725009368e-23 7.98141718226e-13
33584.6462966 6.25156771132e-24 7.68622425044e-13
33607.8721931 7.81092374286e-24 7.51488744564e-13
33631.0980896 9.39992021937e-24 7.39529412638e-13
33654.3239861 2.25931572812e-23 7.38720709743e-13
33677.5498825 5.29592332359e-24 7.16162435317e-13
33700.775779 1.09908041004e-23 6.89122483136e-13
33724.0016755 5.23640047358e-24 6.67179474114e-13
33747.2275719 2.44677669165e-23 6.3798168503e-13
33770.4534684 2.36643749374e-23 5.92657818226e-13
33793.6793649 1.61521811019e-23 5.90606468615e-13
33816.9052613 1.34948059616e-23 6.11735097725e-13
33840.1311578 7.49498479135e-24 6.0232811026e-13
33863.3570543 2.02593036691e-23 5.9888278945e-13
33886.5829508 1.02594539908e-23 5.58775313093e-13
33909.8088472 1.74408409141e-23 5.35224379503e-13
33933.0347437 1.85175566953e-23 4.95540834684e-13
33956.2606402 4.9203369807e-24 4.9685294419e-13
33979.4865366 1.18998731232e-23 4.64237913826e-13
34002.7124331 1.3062509333e-23 4.38404066057e-13
34025.9383296 1.05786835167e-23 4.45331455297e-13
34049.1642261 1.67494512763e-23 4.31036572484e-13
34072.3901225 9.84445330327e-24 4.20390564189e-13
34095.616019 1.79788744526e-24 4.08533521656e-13
34118.8419155 7.89805489501e-24 4.01720647447e-13
34142.0678119 1.67401152786e-24 3.71589011162e-13
34165.2937084 1.01358358948e-24 3.65632368781e-13
34188.5196049 1.57314811593e-23 3.67274711749e-13
34211.7455013 1.30823001808e-23 3.53536400544e-13
34234.9713978 1.34276557214e-23 3.57107961145e-13
34258.1972943 1.17319656942e-23 3.27623863283e-13
34281.4231908 2.2612459624e-24 3.25986873548e-13
34304.6490872 2.12137359675e-23 3.13748216099e-13
34327.8749837 1.24986735881e-23 3.14549726535e-13
34351.1008802 1.21179426002e-23 3.08353813649e-13
34374.3267766 9.57450306084e-24 2.99640434585e-13
34397.5526731 1.07552000266e-23 2.92315690162e-13
34420.7785696 1.13560360251e-23 2.92975426597e-13
34444.0044661 1.13523540345e-23 2.86122915487e-13
34467.2303625 5.20216347599e-24 2.80081265313e-13
34490.456259 6.24455957444e-24 2.58816985302e-13
34513.6821555 1.08595402241e-23 2.55359641933e-13
34536.9080519 9.69514829538e-24 2.43197419471e-13
34560.1339484 7.70841928221e-24 2.2883788302e-13
34583.3598449 6.30588993258e-24 2.12657388582e-13
34606.5857413 5.83695478384e-24 2.11329304834e-13
34629.8116378 1.7799978422e-24 2.06398107195e-13
34653.0375343 1.77319936668e-24 2.04798807971e-13
34676.2634308 9.48865754243e-24 2.05156637293e-13
34699.4893272 1.46662681984e-23 2.0257425728e-13
34722.7152237 9.28070463325e-24 1.95874470645e-13
34745.9411202 3.72880769356e-24 1.87528875955e-13
34769.1670166 2.69033275958e-24 1.76271561583e-13
34792.3929131 1.09713193739e-23 1.60140314763e-13
34815.6188096 4.46156605552e-24 1.55433170232e-13
34838.8447061 6.17894249664e-24 1.57187929221e-13
34862.0706025 8.04138185082e-24 1.52612604701e-13
34885.296499 1.16706666202e-23 1.46010423985e-13
34908.5223955 7.91712590033e-24 1.32275850997e-13
34931.7482919 9.97776316496e-24 1.25941495676e-13
34954.9741884 1.28790767736e-23 1.19795491852e-13
34978.2000849 1.15441724199e-23 1.2025073185e-13
35001.4259814 2.8975608921e-24 1.18695128635e-13
35024.6518778 1.75240531721e-23 1.20905281377e-13
35047.8777743 5.93762817941e-24 1.16677600775e-13
35071.1036708 1.37538223742e-23 1.13013718366e-13
35094.3295672 7.75489526375e-24 1.07111289793e-13
35117.5554637 5.3536316568e-24 1.03772312561e-13
35140.7813602 1.94997406238e-23 1.02772460525e-13
35164.0072566 6.77317870443e-24 9.52851371435e-14
35187.2331531 1.55621468467e-23 9.03115495757e-14
35210.4590496 1.31129009665e-24 8.5865827371e-14
35233.6849461 1.23151199924e-23 8.25038697885e-14
35256.9108425 1.81998280798e-23 7.73997835332e-14
35280.136739 1.0931367781e-23 7.49396723878e-14
35303.3626355 5.72551911696e-24 7.02937708753e-14
35326.5885319 8.63444627257e-24 7.22265009498e-14
35349.8144284 1.45995415246e-23 6.78179624595e-14
35373.0403249 3.77153115729e-24 6.50237234895e-14
35396.2662214 7.71856702056e-24 7.07246041653e-14
35419.4921178 1.81541439365e-23 6.98188913724e-14
35442.7180143 7.48483959223e-24 6.60395064066e-14
35465.9439108 1.09180241108e-23 6.6016228489e-14
35489.1698072 7.02241257534e-24 6.59206049521e-14
35512.3957037 1.64065090913e-23 6.12772009027e-14
35535.6216002 5.2482188562e-24 5.91635671821e-14
35558.8474966 6.94101680034e-24 5.73983419435e-14
35582.0733931 1.72542877776e-23 5.29855853488e-14
35605.2992896 2.27564903937e-24 4.96886128522e-14
35628.5251861 9.80604511772e-24 4.51197109462e-14
35651.7510825 1.05435979541e-23 4.06581764434e-14
35674.976979 8.89729109206e-24 4.19194617401e-14
35698.2028755 8.59104310269e-24 3.9934514081e-14
35721.4287719 2.43706435107e-24 3.76789219367e-14
35744.6546684 2.82135723591e-24 3.87148671322e-14
35767.8805649 1.04416746886e-23 4.17403075888e-14
35791.1064614 1.66064518337e-23 4.11637068997e-14
35814.3323578 1.59150145153e-23 3.7139229824e-14
35837.5582543 2.80831066771e-24 3.83951782478e-14
35860.7841508 2.60894621214e-24 3.62342644764e-14
35884.0100472 1.27304780161e-23 3.46935167937e-14
35907.2359437 6.73406332186e-24 3.33457754192e-14
35930.4618402 1.39609116606e-23 3.28192888478e-14
35953.6877366 2.94022996859e-24 3.36294722928e-14
35976.9136331 1.07862868246e-23 3.06809905414e-14
36000.1395296 2.49521585263e-23 2.9368307025e-14
36023.3654261 7.19667017684e-24 2.62783561149e-14
36046.5913225 2.31943015677e-23 2.92542737925e-14
36069.817219 6.28480554541e-24 2.75314331136e-14
36093.0431155 2.36047345468e-23 2.77677785446e-14
36116.2690119 1.65894799101e-23 2.63515554807e-14
36139.4949084 1.68479505603e-23 2.71231243585e-14
36162.7208049 3.35124378771e-23 2.45148263048e-14
36185.9467014 8.31354478855e-24 2.29813030507e-14
36209.1725978 2.07928252427e-23 2.32495202096e-14
36232.3984943 6.45210574437e-23 2.30300784436e-14
36255.6243908 2.30244752543e-23 2.27292052122e-14
36278.8502872 2.77946632151e-23 2.25675408255e-14
36302.0761837 1.83152082296e-23 2.06059380268e-14
36325.3020802 2.367561319e-23 1.95349827951e-14
36348.5279767 1.23470534436e-23 1.7536075594e-14
36371.7538731 8.4041747798e-24 1.75583090571e-14
36394.9797696 1.38429769382e-23 1.65900393731e-14
36418.2056661 6.35578696179e-24 1.53994886741e-14
36441.4315625 3.07866025669e-23 1.47232566338e-14
36464.657459 5.1274557434e-23 1.4277711335e-14
36487.8833555 4.16866498419e-23 1.39080141808e-14
36511.1092519 3.67132653648e-23 1.4225530209e-14
36534.3351484 2.73667781143e-23 1.50070816588e-14
36557.5610449 4.83553255091e-23 1.65773211527e-14
36580.7869414 4.48134097575e-23 1.56031191782e-14
36604.0128378 2.31509793329e-23 1.65917505107e-14
36627.2387343 3.43920579589e-23 1.67587047323e-14
36650.4646308 1.16781165129e-23 1.53320882111e-14
36673.6905272 3.06501181861e-23 1.6245916829e-14
36696.9164237 6.12012856804e-23 1.43295652043e-14
36720.1423202 2.90676971689e-23 1.2877704423e-14
36743.3682167 3.22878017939e-23 1.18311246624e-14
36766.5941131 2.29909806753e-23 1.0431699079e-14
36789.8200096 1.47165237005e-23 8.40539504002e-15
36813.0459061 3.49023691889e-23 8.29334979015e-15
36836.2718025 2.45537744434e-23 7.62114713767e-15
36859.497699 2.75904834758e-23 7.05965425163e-15
36882.7235955 9.87587828944e-24 6.27531852901e-15
36905.9494919 2.25766736475e-23 7.35792940443e-15
36929.1753884 2.03716386364e-23 6.89936445891e-15
36952.4012849 2.18098706649e-23 8.21813638667e-15
36975.6271814 4.10175973069e-23 7.98872720307e-15
36998.8530778 2.3382240326e-23 9.09117345497e-15
37022.0789743 4.02092676022e-23 8.76496395914e-15
37045.3048708 1.39592631927e-23 8.37029881793e-15
37068.5307672 2.52601461437e-23 7.843446637e-15
37091.7566637 5.59684631758e-23 7.63463426733e-15
37114.9825602 2.92690876209e-23 6.53252270398e-15
37138.2084567 3.37759703341e-23 5.58681351077e-15
37161.4343531 1.02620035167e-23 4.44573099847e-15
37184.6602496 2.61048799323e-23 3.38107223051e-15
37207.8861461 5.68475199215e-23 2.07680530648e-15
37231.1120425 1.33606544855e-23 1.51460239821e-15
37254.337939 2.21985150104e-23 1.17962489419e-15
37277.5638355 2.25782169978e-23 1.21824646361e-15
37300.789732 3.61636222959e-23 2.3380678239e-15
37324.0156284 4.24082448255e-23 3.70736715435e-15
37347.2415249 4.79785738603e-23 4.74863055879e-15
37370.4674214 7.85999308551e-23 4.83575025572e-15
37393.6933178 1.78149140428e-24 5.78295185498e-15
37416.9192143 1.12140538e-23 5.69442220713e-15
37440.1451108 2.08788032482e-23 5.95943802913e-15
37463.3710072 9.54679356902e-24 5.81567299811e-15
37486.5969037 5.10123292364e-23 5.4617641873e-15
37509.8228002 2.32877796067e-23 4.8070240625e-15
37533.0486967 4.69326186007e-23 3.58549280629e-15
37556.2745931 5.67527373944e-23 3.00558587516e-15
37579.5004896 2.80768360809e-23 2.11175486984e-15
37602.7263861 7.48831262065e-23 1.43900066506e-15
37625.9522825 2.22458329012e-23 1.06072786563e-15
37649.178179 1.42663373707e-23 1.97470587832e-15
37672.4040755 6.34633752187e-23 2.6645267264e-15
37695.629972 3.88784532514e-23 3.22301875622e-15
37718.8558684 2.37793767599e-23 4.15709511817e-15
37742.0817649 2.05979101505e-23 4.63401669628e-15
37765.3076614 5.56770837241e-23 4.74392401754e-15
37788.5335578 4.19554389807e-23 5.00342661434e-15
37811.7594543 1.12555499852e-23 5.17277099575e-15
37834.9853508 4.99016965227e-23 5.47694916865e-15
37858.2112472 3.82922410971e-23 5.13737575619e-15
37881.4371437 5.36328628867e-23 4.9861631475e-15
37904.6630402 4.19756026155e-23 4.22853439523e-15
37927.8889367 2.20315234896e-23 3.93398566764e-15
37951.1148331 2.67355094357e-23 3.11312740885e-15
37974.3407296 1.4043135031e-23 2.44350522331e-15
37997.5666261 2.05291423534e-23 2.16533399232e-15
38020.7925225 1.1454957821e-23 2.45988678241e-15
38044.018419 1.71427361673e-23 2.90059125629e-15
38067.2443155 2.74193391295e-23 3.38882538488e-15
38090.470212 1.90279476435e-23 3.97751630706e-15
38113.6961084 1.56414209567e-23 4.47574919379e-15
38136.9220049 4.46245779622e-23 4.7211434795e-15
38160.1479014 1.09000342337e-23 5.24067412201e-15
38183.3737978 2.8578862878e-23 5.52240863715e-15
38206.5996943 3.79705241406e-23 5.44607231822e-15
38229.8255908 2.10887824969e-23 5.43302126508e-15
38253.0514872 7.34739643244e-23 5.31184564141e-15
38276.2773837 9.43991277775e-24 5.021493601e-15
38299.5032802 5.18320350479e-23 4.60239023027e-15
38322.7291767 1.86132915841e-23 4.14728283475e-15
38345.9550731 3.53666034283e-23 3.60503640205e-15
38369.1809696 3.75673771432e-23 2.71545813438e-15
38392.4068661 2.67971386166e-23 1.98351305733e-15
38415.6327625 3.90366192746e-23 1.3059333699e-15
38438.858659 1.11961735867e-23 5.82382516638e-16
38462.0845555 4.3914638388e-23 4.24551885666e-16
38485.310452 4.47762238067e-23 1.09710581134e-15
38508.5363484 2.39626722104e-23 1.65904282932e-15
38531.7622449 5.04917805319e-23 2.14683938556e-15
38554.9881414 1.06309383493e-23 2.60318425685e-15
38578.2140378 5.43446296706e-23 3.03072234239e-15
38601.4399343 6.79811755466e-24 3.24162267313e-15
38624.6658308 2.92130120269e-23 3.32690351494e-15
38647.8917273 7.37099632256e-23 3.29890116182e-15
38671.1176237 4.57233016936e-24 3.35104119716e-15
38694.3435202 3.97904537941e-23 3.25147570965e-15
38717.5694167 1.46971710061e-23 3.12352283028e-15
38740.7953131 2.21900294099e-23 2.88906719711e-15
38764.0212096 4.13060579557e-23 2.62054792246e-15
38787.2471061 2.09578669964e-23 2.35426857663e-15
38810.4730025 4.05445350121e-23 2.09926061667e-15
38833.698899 5.43006967037e-24 1.78445444675e-15
38856.9247955 6.80804541529e-23 1.49524084542e-15
38880.150692 4.45683008968e-23 1.24163062303e-15
38903.3765884 1.12750265185e-23 1.02998590224e-15
38926.6024849 3.23845325407e-23 8.29610816329e-16
38949.8283814 3.94334708557e-24 7.42486899381e-16
38973.0542778 3.58063523034e-23 6.99649969932e-16
38996.2801743 6.88028372315e-23 6.69215605937e-16
39019.5060708 7.95803315633e-24 7.21553480421e-16
39042.7319673 2.77788578194e-23 9.141012707e-16
39065.9578637 1.27306736123e-23 1.21102835686e-15
39089.1837602 3.52431440294e-23 1.52937338361e-15
39112.4096567 2.23825099895e-23 1.85055332068e-15
39135.6355531 1.00255789075e-23 2.15535320483e-15
39158.8614496 5.26008207365e-23 2.41797540808e-15
39182.0873461 2.64580462916e-23 2.64576379795e-15
39205.3132425 6.93485646573e-23 2.88861235697e-15
39228.539139 5.43948678867e-23 3.01870598852e-15
39251.7650355 1.8228429375e-23 3.1167908006e-15
39274.990932 3.02474334601e-23 3.1846869209e-15
39298.2168284 1.44832770938e-23 3.18416990831e-15
39321.4427249 4.22818725011e-23 3.13064302736e-15
39344.6686214 3.20015705699e-23 3.0116297208e-15
39367.8945178 4.13107947547e-23 2.81041787734e-15
39391.1204143 5.51013447739e-23 2.53884345158e-15
39414.3463108 2.21757123144e-23 2.2181298571e-15
39437.5722073 1.67599743359e-23 1.81057573271e-15
39460.7981037 2.34128601632e-23 1.38214677413e-15
39484.0240002 4.35227224492e-23 9.4117970748e-16
39507.2498967 9.03792110302e-23 5.18582933427e-16
39530.4757931 2.09269086554e-23 3.93452122702e-16
39553.7016896 1.32750979005e-23 7.45305274219e-16
39576.9275861 4.09436786929e-23 1.17189953043e-15
39600.1534826 2.70344238929e-23 1.57609653271e-15
39623.379379 5.66398815297e-23 1.97937346822e-15
39646.6052755 4.41204030775e-23 2.32670153619e-15
39669.831172 6.62695394461e-23 2.62502412825e-15
39693.0570684 8.2700695311e-23 2.86538851668e-15
39716.2829649 1.14391722255e-22 3.02958779448e-15
39739.5088614 2.38919753882e-22 3.12947830276e-15
39762.7347578 1.01087232454e-22 3.15334080369e-15
39785.9606543 2.13583713686e-22 3.10229526134e-15
39809.1865508 3.54117920358e-22 2.96840902776e-15
39832.4124473 1.67866834393e-22 2.77159602428e-15
39855.6383437 3.70193911284e-22 2.50265782073e-15
39878.8642402 1.37243374494e-22 2.16973700849e-15
39902.0901367 1.94428369845e-22 1.80388270376e-15
39925.3160331 4.40549661105e-22 1.40022613543e-15
39948.5419296 1.48662841406e-22 9.77647173846e-16
39971.7678261 1.2774107719e-22 5.69800834177e-16
39994.9937226 4.62613138223e-23 3.11634406276e-16
40018.219619 4.32328723173e-23 5.17415518142e-16
40041.4455155 1.1993931013e-22 9.05534742171e-16
40064.671412 7.72403162205e-23 1.29900325727e-15
40087.8973084 9.25612293694e-23 1.67741065868e-15
40111.1232049 3.49357908229e-23 2.02308670697e-15
40134.3491014 7.19209649944e-23 2.32581861039e-15
40157.5749978 1.81187674616e-22 2.573186362e-15
40180.8008943 8.96894195568e-23 2.7629582314e-15
40204.0267908 5.6015281575e-23 2.90439377383e-15
40227.2526873 2.70739566195e-23 2.98749220556e-15
40250.4785837 2.38493139864e-23 3.00949460645e-15
40273.7044802 2.48487762842e-23 2.97409182347e-15
40296.9303767 5.79221805694e-23 2.8823270133e-15
40320.1562731 1.02330719613e-22 2.73894267254e-15
40343.3821696 6.39623821096e-23 2.54339356343e-15
40366.6080661 9.90139737925e-23 2.30683813292e-15
40389.8339626 3.00476024442e-23 2.03051361605e-15
40413.059859 1.03480816429e-22 1.73032923141e-15
40436.2857555 1.14826398789e-22 1.39954086732e-15
40459.511652 8.37799412e-23 1.04599735402e-15
40482.7375484 9.99575784671e-23 6.88385536664e-16
40505.9634449 5.40513082562e-23 3.94987683527e-16
40529.1893414 9.50810729617e-23 3.91405879835e-16
40552.4152378 1.29674026906e-22 6.78353175021e-16
40575.6411343 7.0687333599e-23 1.03089943779e-15
40598.8670308 1.07073854629e-22 1.38291138163e-15
40622.0929273 7.3101844148e-23 1.71274877839e-15
40645.3188237 9.74944950297e-23 2.00679490915e-15
40668.5447202 1.4284397069e-22 2.26315824307e-15
40691.7706167 9.01805435819e-23 2.47207180901e-15
40714.9965131 1.36229352818e-22 2.62848799216e-15
40738.2224096 5.20017022926e-23 2.73001797105e-15
40761.4483061 8.32875982363e-23 2.77304400174e-15
40784.6742026 1.0782846846e-22 2.75940158714e-15
40807.900099 7.98759632058e-23 2.68760518826e-15
40831.1259955 2.22732937477e-22 2.55860877e-15
40854.351892 1.25629347053e-22 2.37293874075e-15
40877.5777884 1.61060335293e-22 2.13811939677e-15
40900.8036849 2.18033671789e-22 1.85656936873e-15
40924.0295814 8.35496399869e-23 1.53636544091e-15
40947.2554779 1.72178388864e-22 1.18464151228e-15
40970.4813743 6.85725973671e-23 8.11287926011e-16
40993.7072708 1.34316801326e-22 4.35042000501e-16
41016.9331673 1.84548394004e-22 2.00086257771e-16
41040.1590637 1.4274923188e-22 4.65658514998e-16
41063.3849602 1.5582404433e-22 8.32137028895e-16
41086.6108567 8.4279745358e-23 1.192927774e-15
41109.8367531 1.70590345933e-22 1.5319422516e-15
41133.0626496 1.64418248593e-22 1.84127475739e-15
41156.2885461 7.74263153091e-23 2.10856542465e-15
41179.5144426 2.07079630066e-22 2.32936130051e-15
41202.740339 1.26349470915e-22 2.49950022021e-15
41225.9662355 2.28380802356e-22 2.61892829506e-15
41249.192132 3.2102222805e-22 2.68673863419e-15
41272.4180284 9.31296464185e-23 2.70110253913e-15
41295.6439249 2.58300930426e-22 2.65912740059e-15
41318.8698214 1.04399219628e-22 2.56813179763e-15
41342.0957179 1.93364436329e-22 2.42781851101e-15
41365.3216143 3.72502963784e-22 2.24306470871e-15
41388.5475108 2.00342193447e-22 2.01739670271e-15
41411.7734073 3.22704377695e-22 1.75725596828e-15
41434.9993037 1.16946053388e-22 1.46598791291e-15
41458.2252002 3.57865796763e-22 1.15528707501e-15
41481.4510967 5.43041174377e-22 8.28727961074e-16
41504.6769931 3.39699125069e-22 4.99059736505e-16
41527.9028896 5.12182992138e-22 2.28584641949e-16
41551.1287861 2.47353207506e-22 3.29486579658e-16
41574.3546826 3.07219695891e-22 6.43150804313e-16
41597.580579 3.37332678914e-22 9.68328375447e-16
41620.8064755 1.39206481131e-22 1.28131910808e-15
41644.032372 1.62226921018e-22 1.57765844905e-15
41667.2582684 6.52540453004e-23 1.84770471602e-15
41690.4841649 7.72120155747e-23 2.08510906724e-15
41713.7100614 8.07284501129e-23 2.28584856816e-15
41736.9359579 1.2047820579e-23 2.44352311797e-15
41760.1618543 1.75662572506e-23 2.5525346212e-15
41783.3877508 1.39057095819e-23 2.61422274861e-15
41806.6136473 4.64209059168e-23 2.62417001234e-15
41829.8395437 4.02123000015e-23 2.58282468096e-15
41853.0654402 1.99115865992e-23 2.49008704879e-15
41876.2913367 1.46985891494e-23 2.34526999056e-15
41899.5172332 4.59452979815e-24 2.1471230685e-15
41922.7431296 1.50203412782e-23 1.90192984237e-15
41945.9690261 1.20150330548e-23 1.61418398292e-15
41969.1949226 1.78674882155e-23 1.2889468926e-15
41992.420819 1.54656060758e-23 9.36643104931e-16
42015.6467155 8.45115339723e-24 5.70464241401e-16
42038.872612 1.4943413735e-23 2.46022721591e-16
42062.0985084 1.01795115895e-23 3.41547464258e-16
42085.3244049 5.82225788914e-24 7.08707868418e-16
42108.5503014 3.81827341155e-24 1.09296267728e-15
42131.7761979 4.89820874531e-24 1.460846881e-15
42155.0020943 1.50742480339e-23 1.80254928606e-15
42178.2279908 8.99784832292e-24 2.10931453246e-15
42201.4538873 1.46059323084e-24 2.37154331724e-15
42224.6797837 4.26527819274e-24 2.58282886352e-15
42247.9056802 6.64768618357e-24 2.73930515458e-15
42271.1315767 1.7593861128e-23 2.83298162562e-15
