# 1:freq 2:Re 3:Im
23.2258964707 1.28394940497e-08 1.27092001424e-08
46.4517929414 1.72381690193e-08 1.477573692e-08
69.6776894121 1.10516893478e-08 2.17647925991e-08
92.9035858828 1.34704126978e-08 1.79586691972e-08
116.129482354 1.90580937301e-08 3.97753561465e-08
139.355378824 2.11782501636e-08 5.81017489433e-08
162.581275295 2.5570787642e-08 4.90438425596e-08
185.807171766 3.2448103115e-08 4.70534868199e-08
209.033068236 3.40605551034e-08 8.50689371077e-08
232.258964707 4.12786554749e-08 6.47465030497e-08
255.484861178 5.69783414767e-08 3.54608768525e-08
278.710757648 7.6942007776e-08 1.19943565613e-07
301.936654119 8.08762875355e-08 2.12414956665e-07
325.16255059 7.26271716181e-08 1.37277051849e-07
348.388447061 9.71714678342e-08 2.70022059375e-07
371.614343531 1.41999239203e-07 6.98480555959e-07
394.840240002 2.03333387204e-07 7.97974528595e-07
418.066136473 1.84864413567e-07 4.70489958905e-07
441.292032943 2.67376684389e-07 4.98747328891e-07
464.517929414 3.76520536702e-07 1.14811864786e-06
487.743825885 4.33650301008e-07 1.55021589193e-06
510.969722355 4.15785424542e-07 1.04089801367e-06
534.195618826 4.4807142848e-07 5.48042817644e-07
557.421515297 5.8341154762e-07 1.11267052693e-06
580.647411768 7.77926817501e-07 1.97335140821e-06
603.873308238 1.0507805103e-06 1.71534659734e-06
627.099204709 1.5340578106e-06 1.12766193888e-06
650.32510118 2.30946184518e-06 4.28375553083e-06
673.55099765 3.19163327527e-06 6.7269026675e-06
696.776894121 4.1779480761e-06 7.39094101402e-06
720.002790592 5.14029272553e-06 5.79520997834e-06
743.228687063 6.17228297473e-06 1.01992903789e-05
766.454583533 7.07418399458e-06 1.53980056143e-05
789.680480004 7.41909462596e-06 1.38645874747e-05
812.906376475 7.09998730696e-06 8.2343604608e-06
836.132272945 6.30833888703e-06 8.52657699818e-06
859.358169416 5.08159425632e-06 1.07609870369e-05
882.584065887 3.98544335965e-06 7.09468801595e-06
905.809962357 4.23860463699e-06 4.4522004276e-06
929.035858828 5.300211631e-06 5.18731771797e-06
952.261755299 6.05875586018e-06 8.74454139182e-06
975.48765177 5.63901079169e-06 8.4141569374e-06
998.71354824 4.47606678675e-06 5.32196670363e-06
1021.93944471 3.9187117911e-06 4.25218707805e-06
1045.16534118 4.69042594038e-06 7.22231594619e-06
1068.39123765 5.9112955885e-06 8.26658288263e-06
1091.61713412 5.82166510225e-06 5.91824167772e-06
1114.84303059 4.91789110535e-06 4.42406427466e-06
1138.06892706 3.49803396903e-06 5.37897428796e-06
1161.29482354 3.45188377816e-06 4.99347412786e-06
1184.52072001 4.42503959304e-06 4.60056360322e-06
1207.74661648 6.06052437438e-06 3.80158733597e-06
1230.97251295 4.84169085255e-06 5.22037499812e-06
1254.19840942 3.41324073278e-06 5.78610697295e-06
1277.42430589 2.77010779157e-06 3.47897898193e-06
1300.65020236 3.85904767862e-06 3.19051438773e-06
1323.87609883 4.79099750488e-06 5.32759172928e-06
1347.1019953 4.55501397668e-06 6.51596094245e-06
1370.32789177 3.16936625386e-06 4.72322498536e-06
1393.55378824 1.98547787131e-06 2.98619723273e-06
1416.77968471 3.40175269635e-06 4.14214404523e-06
1440.00558118 4.68819699312e-06 5.51090224465e-06
1463.23147765 5.27375613327e-06 5.90543958804e-06
1486.45737413 3.95133669904e-06 4.00723237638e-06
1509.6832706 2.54289185705e-06 3.85587959383e-06
1532.90916707 3.8036245674e-06 5.54145880277e-06
1556.13506354 5.94894969781e-06 6.25593988143e-06
1579.36096001 6.67500020495e-06 5.84230009229e-06
1602.58685648 5.63033098092e-06 6.25008803627e-06
1625.81275295 4.245424132e-06 6.79633437147e-06
1649.03864942 5.67371986835e-06 7.15471791255e-06
1672.26454589 7.35919869404e-06 6.70390584293e-06
1695.49044236 7.57412587387e-06 6.98909562123e-06
1718.71633883 5.99743958277e-06 8.03915390593e-06
1741.9422353 5.16910274566e-06 7.94281307077e-06
1765.16813177 7.54508311167e-06 7.52783497071e-06
1788.39402824 9.56519009428e-06 7.60395639266e-06
1811.61992471 9.36866059714e-06 1.02589535205e-05
1834.84582119 7.88058228881e-06 9.94105003934e-06
1858.07171766 8.15060182531e-06 8.79619733506e-06
1881.29761413 1.05303646796e-05 8.71797742156e-06
1904.5235106 1.0875572911e-05 1.05578191279e-05
1927.74940707 6.54035945548e-06 8.28443620353e-06
1950.97530354 5.57824305469e-06 6.99232918622e-06
1974.20120001 6.97224900142e-06 6.11760142308e-06
1997.42709648 7.32700647403e-06 6.38639365849e-06
2020.65299295 7.01108858983e-06 7.69163876892e-06
2043.87888942 3.0646359759e-06 4.37433971893e-06
2067.10478589 7.27778385653e-06 6.39923561715e-06
2090.33068236 6.74935516858e-06 5.81051354214e-06
2113.55657883 2.60960577898e-06 4.50765565981e-06
2136.7824753 5.5822148837e-06 5.15647322841e-06
2160.00837178 4.69878711308e-06 3.28014943495e-06
2183.23426825 3.99556439953e-06 3.43110008143e-06
2206.46016472 2.91733473738e-06 3.74285098984e-06
2229.68606119 5.00514904412e-06 3.68547527696e-06
2252.91195766 4.94135483626e-06 3.93114164057e-06
2276.13785413 3.58461920034e-06 2.4442416451e-06
2299.3637506 7.0624487384e-06 4.62919881043e-06
2322.58964707 9.53386976612e-06 1.04275292856e-05
2345.81554354 1.46302385017e-05 1.00984221957e-05
2369.04144001 7.967015464e-06 2.48709574901e-06
2392.26733648 9.32778036897e-06 7.66010767836e-06
2415.49323295 2.86405679765e-06 6.24313546784e-06
2438.71912942 6.66011813035e-06 4.44863951551e-06
2461.94502589 8.1164334058e-06 6.44051040659e-06
2485.17092237 9.15938999921e-06 1.12612241106e-05
2508.39681884 5.28630822774e-06 7.85945027645e-06
2531.62271531 3.84425524175e-06 5.33266798244e-06
2554.84861178 6.88292634152e-06 6.32068670778e-06
2578.07450825 7.02235309021e-06 7.73912182307e-06
2601.30040472 4.59831457383e-06 6.15278483391e-06
2624.52630119 1.87657048572e-06 4.23606732506e-06
2647.75219766 4.03539563238e-06 2.95276464684e-06
2670.97809413 3.74407354055e-06 2.24017283733e-06
2694.2039906 3.38293006693e-06 1.19144677087e-06
2717.42988707 3.5665388871e-06 1.96069860085e-06
2740.65578354 1.49371046066e-06 1.86861245608e-06
2763.88168001 2.19479320698e-06 2.32243843724e-06
2787.10757648 4.8687719278e-06 3.18440536095e-06
2810.33347296 4.88066099001e-06 3.04048845516e-06
2833.55936943 2.49980319568e-06 2.1750283027e-06
2856.7852659 7.44662133905e-07 1.96140825716e-06
2880.01116237 3.52733018303e-06 2.37782396353e-06
2903.23705884 4.68990551722e-06 2.36308886212e-06
2926.46295531 3.97265806567e-06 2.16495683966e-06
2949.68885178 1.48581398966e-06 1.80576948895e-06
2972.91474825 1.9631555556e-06 1.65923445632e-06
2996.14064472 3.66900618022e-06 1.66400407522e-06
3019.36654119 4.01271107633e-06 1.76472571088e-06
3042.59243766 3.01799327213e-06 1.63501960883e-06
3065.81833413 1.61303900389e-06 1.22096983037e-06
3089.0442306 2.58410430673e-06 1.12320317912e-06
3112.27012707 3.59422194946e-06 1.33022434565e-06
3135.49602355 3.47732292089e-06 1.3308996446e-06
3158.72192002 2.60007447491e-06 1.0132183967e-06
3181.94781649 2.02618856665e-06 5.05627355023e-07
3205.17371296 2.79480245205e-06 7.72045685984e-07
3228.39960943 3.54333715631e-06 1.04883611223e-06
3251.6255059 3.00597966728e-06 6.62145838974e-07
3274.85140237 2.52966738066e-06 2.3828211244e-07
3298.07729884 2.56498591077e-06 1.65274731464e-07
3321.30319531 2.60455923144e-06 3.55480648079e-07
3344.52909178 2.83506162649e-06 3.7640410946e-07
3367.75498825 3.16819726657e-06 7.12580853877e-07
3390.98088472 2.75510308582e-06 6.91612180432e-07
3414.20678119 2.5489056916e-06 3.32631258081e-07
3437.43267766 2.88156784575e-06 4.46864551728e-07
3460.65857413 2.8723987462e-06 5.84232522629e-07
3483.88447061 3.50412292359e-06 6.62566034515e-07
3507.11036708 2.79537066827e-06 8.3483702615e-07
3530.33626355 2.4092537743e-06 5.1989514206e-07
3553.56216002 2.72733314209e-06 6.22811928727e-07
3576.78805649 3.70994089307e-06 9.85489574938e-07
3600.01395296 3.55886161429e-06 9.67415420283e-07
3623.23984943 2.81959140991e-06 6.38768372822e-07
3646.4657459 2.50349132053e-06 5.65185841596e-07
3669.69164237 3.22823445281e-06 8.14739460674e-07
3692.91753884 3.58495291402e-06 8.93282847896e-07
3716.14343531 2.9026431183e-06 6.53500301269e-07
3739.36933178 2.33149462651e-06 4.23988737161e-07
3762.59522825 3.02069855654e-06 6.3326066313e-07
3785.82112472 3.58556523355e-06 7.0937023726e-07
3809.0470212 3.442130678e-06 4.8639289853e-07
3832.27291767 3.07169103543e-06 8.58750086246e-08
3855.49881414 2.95070933285e-06 2.07308089157e-07
3878.72471061 3.07378203151e-06 4.34538541189e-07
3901.95060708 3.26761992059e-06 5.52692509928e-07
3925.17650355 3.08390118764e-06 3.39410198862e-07
3948.40240002 2.85279422721e-06 6.97757812507e-08
3971.62829649 2.93626099464e-06 2.64688725186e-07
3994.85419296 3.09675302838e-06 3.54601472714e-07
4018.08008943 3.30941112765e-06 4.92611720189e-07
4041.3059859 3.19719707376e-06 3.84654859918e-07
4064.53188237 2.85488141637e-06 9.38044870249e-08
4087.75777884 2.83847520391e-06 3.3107392703e-07
4110.98367531 3.12193899686e-06 4.83694852673e-07
4134.20957179 3.11238975162e-06 3.19082529854e-07
4157.43546826 2.92513584547e-06 1.01909065744e-07
4180.66136473 2.94879860503e-06 2.92400137621e-07
4203.8872612 3.17451387754e-06 4.43579820688e-07
4227.11315767 3.16793756414e-06 3.87226040504e-07
4250.33905414 3.06885879911e-06 2.94641710852e-07
4273.56495061 2.91136560207e-06 1.79229190821e-07
4296.79084708 2.87742889319e-06 3.28667091825e-07
4320.01674355 2.98140206973e-06 3.56862064756e-07
4343.24264002 3.08291639498e-06 2.37711852128e-07
4366.46853649 3.09724985252e-06 2.08157517894e-07
4389.69443296 3.05260227896e-06 3.30604900109e-07
4412.92032943 3.06691555885e-06 4.09954316897e-07
4436.1462259 3.0970401246e-06 3.71302583492e-07
4459.37212238 3.05053961793e-06 2.26789883775e-07
4482.59801885 2.86341151806e-06 2.10075011837e-07
4505.82391532 2.82791871386e-06 3.58771063756e-07
4529.04981179 3.13424963975e-06 3.85817197427e-07
4552.27570826 3.28158012328e-06 3.03093711801e-07
4575.50160473 3.13248193982e-06 2.91468533643e-07
4598.7275012 3.13500749694e-06 3.9074223219e-07
4621.95339767 3.06563103716e-06 4.04686351055e-07
4645.17929414 3.08530261709e-06 3.35453425376e-07
4668.40519061 3.05184583964e-06 3.56686603276e-07
4691.63108708 3.13643248147e-06 3.58432040034e-07
4714.85698355 3.10954051287e-06 3.16955470722e-07
4738.08288002 3.13963010988e-06 3.47700184493e-07
4761.30877649 3.12578543686e-06 5.22265093374e-07
4784.53467297 3.13139092573e-06 5.13574891663e-07
4807.76056944 2.94204341786e-06 2.77427126522e-07
4830.98646591 2.74388646136e-06 2.94291769947e-07
4854.21236238 2.82449232687e-06 5.27260664831e-07
4877.43825885 2.94535879375e-06 4.75612395546e-07
4900.66415532 2.88220773313e-06 1.85695989332e-07
4923.89005179 2.82352087752e-06 2.57058168051e-07
4947.11594826 2.7419021043e-06 4.89736944512e-07
4970.34184473 2.78018881853e-06 5.64450328368e-07
4993.5677412 2.86754204862e-06 4.29088343384e-07
5016.79363767 2.72966026731e-06 2.60789415806e-07
5040.01953414 2.41240155751e-06 2.18874347934e-07
5063.24543061 2.39205343602e-06 3.59466398536e-07
5086.47132708 2.59060817112e-06 3.46488107225e-07
5109.69722355 2.68351758811e-06 2.65039490835e-07
5132.92312003 2.69054858511e-06 3.38538605275e-07
5156.1490165 2.75243196055e-06 4.40381376165e-07
5179.37491297 2.79086987981e-06 4.60485349936e-07
5202.60080944 2.74303512746e-06 5.04987354246e-07
5225.82670591 2.73094222305e-06 5.703473309e-07
5249.05260238 2.72945397434e-06 5.23892676785e-07
5272.27849885 2.62401017147e-06 4.14829062954e-07
5295.50439532 2.50552447482e-06 4.43967965035e-07
5318.73029179 2.49520690999e-06 5.25365105388e-07
5341.95618826 2.52731789055e-06 4.64424366215e-07
5365.18208473 2.42693508836e-06 2.6949044925e-07
5388.4079812 2.27355533559e-06 3.15619975912e-07
5411.63387767 2.32502250541e-06 4.70223611081e-07
5434.85977414 2.44729010171e-06 4.57692183154e-07
5458.08567062 2.44966535466e-06 3.38044002169e-07
5481.31156709 2.3477811361e-06 3.94348672268e-07
5504.53746356 2.33855602989e-06 4.99088264593e-07
5527.76336003 2.41294097217e-06 5.49820382096e-07
5550.9892565 2.45740727596e-06 4.83727201116e-07
5574.21515297 2.30469567598e-06 3.46016713003e-07
5597.44104944 2.14384478854e-06 3.56452091142e-07
5620.66694591 2.15493432531e-06 4.8427619833e-07
5643.89284238 2.26675999186e-06 4.96295988273e-07
5667.11873885 2.26944555183e-06 4.36462695767e-07
5690.34463532 2.2083201548e-06 4.2264397367e-07
5713.57053179 2.12129764136e-06 4.44689418891e-07
5736.79642826 2.09039811227e-06 4.9239409443e-07
5760.02232473 2.11389593668e-06 4.55139568541e-07
5783.24822121 2.08554202616e-06 3.95218348509e-07
5806.47411768 2.02284963978e-06 3.55107007258e-07
5829.70001415 1.99613142119e-06 3.87377823843e-07
5852.92591062 1.99428530676e-06 4.75203147303e-07
5876.15180709 1.9982875696e-06 4.86366933174e-07
5899.37770356 2.00661557127e-06 4.41035528877e-07
5922.60360003 1.97408251619e-06 3.74503431752e-07
5945.8294965 1.8659581785e-06 3.74041551221e-07
5969.05539297 1.75205628937e-06 4.11664265157e-07
5992.28128944 1.77590954031e-06 4.56619224046e-07
6015.50718591 1.86421029341e-06 3.46060665299e-07
6038.73308238 1.89676819896e-06 3.19699695494e-07
6061.95897885 1.81575706675e-06 4.51863788277e-07
6085.18487532 1.72340626238e-06 5.24591619489e-07
6108.4107718 1.72633701765e-06 4.4924531514e-07
6131.63666827 1.77832763425e-06 3.05297127128e-07
6154.86256474 1.77986859569e-06 3.2319630768e-07
6178.08846121 1.66336414496e-06 4.49157552594e-07
6201.31435768 1.60363178771e-06 4.81548743229e-07
6224.54025415 1.65046808321e-06 3.96941132588e-07
6247.76615062 1.66087958514e-06 3.18937776239e-07
6270.99204709 1.5619390593e-06 3.74547077762e-07
6294.21794356 1.47855767823e-06 4.79393446876e-07
6317.44384003 1.50220012744e-06 4.21662845978e-07
6340.6697365 1.49531347358e-06 2.78498202783e-07
6363.89563297 1.48641664051e-06 2.99265299732e-07
6387.12152944 1.48262229748e-06 3.88028890185e-07
6410.34742591 1.43346564856e-06 4.00909538757e-07
6433.57332239 1.37682537978e-06 4.08334687397e-07
6456.79921886 1.32378351322e-06 3.05990917602e-07
6480.02511533 1.32249667882e-06 3.0194979209e-07
6503.2510118 1.36483552424e-06 3.30268004388e-07
6526.47690827 1.30490516823e-06 3.77258617094e-07
6549.70280474 1.30301117087e-06 3.32384387967e-07
6572.92870121 1.21479897887e-06 2.36922979197e-07
6596.15459768 1.15197591339e-06 2.83661603396e-07
6619.38049415 1.24157230397e-06 3.31597059975e-07
6642.60639062 1.21184494181e-06 3.49220187762e-07
6665.83228709 1.16494843401e-06 4.44773566988e-07
6689.05818356 1.13930186736e-06 3.36285034006e-07
6712.28408003 1.06278229041e-06 4.19079809666e-07
6735.5099765 1.13976673627e-06 4.75136125826e-07
6758.73587297 1.06508998442e-06 2.272107767e-07
6781.96176945 1.01161152547e-06 3.73464504393e-07
6805.18766592 1.0858252857e-06 3.94573628914e-07
6828.41356239 9.92854097856e-07 1.89682698556e-07
6851.63945886 9.98221601877e-07 2.82076081567e-07
6874.86535533 9.52562823733e-07 3.29876835068e-07
6898.0912518 8.62355335411e-07 3.58741264575e-07
6921.31714827 9.73958371416e-07 2.6563187952e-07
6944.54304474 9.0271676427e-07 2.77840517557e-07
6967.76894121 8.87050913814e-07 4.17946089908e-07
6990.99483768 9.68177658396e-07 2.65807892263e-07
7014.22073415 8.25924851588e-07 3.15879473784e-07
7037.44663062 7.34983654954e-07 2.24880038471e-07
7060.67252709 8.38463027631e-07 3.16190561817e-07
7083.89842356 8.54832679061e-07 2.44043018494e-07
7107.12432004 7.58646691262e-07 2.8729979415e-07
7130.35021651 7.31928127566e-07 3.52925082286e-07
7153.57611298 7.06429230603e-07 2.36645333631e-07
7176.80200945 6.42809250181e-07 2.14432080028e-07
7200.02790592 6.8093303303e-07 2.59799805657e-07
7223.25380239 7.17088665554e-07 2.78709613683e-07
7246.47969886 6.6656800455e-07 2.36303211338e-07
7269.70559533 6.05204258752e-07 2.186152174e-07
7292.9314918 6.05041849984e-07 2.36729980697e-07
7316.15738827 6.20112549821e-07 2.13840499862e-07
7339.38328474 6.02384654383e-07 2.53462153556e-07
7362.60918121 5.36569689406e-07 2.96292310165e-07
7385.83507768 5.00453177705e-07 2.38827464929e-07
7409.06097415 4.7786480024e-07 1.43286911823e-07
7432.28687063 4.56682413691e-07 1.74905558996e-07
7455.5127671 5.12018273889e-07 2.09939838534e-07
7478.73866357 5.28357603767e-07 2.36537983393e-07
7501.96456004 4.6007891877e-07 2.17588844774e-07
7525.19045651 4.01729438497e-07 1.94713332716e-07
7548.41635298 4.28829904518e-07 1.41731481948e-07
7571.64224945 4.37345333001e-07 1.34360731582e-07
7594.86814592 4.12823345642e-07 1.70939142643e-07
7618.09404239 4.00895000629e-07 1.66386271943e-07
7641.31993886 4.05110537226e-07 1.5159528149e-07
7664.54583533 4.15205260052e-07 1.27486924401e-07
7687.7717318 3.65549388835e-07 1.34029721079e-07
7710.99762827 3.24729952854e-07 1.76147462101e-07
7734.22352474 3.36980046936e-07 1.83608706598e-07
7757.44942122 3.08670514687e-07 8.78852502454e-08
7780.67531769 2.54153249559e-07 8.98106362184e-08
7803.90121416 2.86694832322e-07 1.56007534761e-07
7827.12711063 3.06721115999e-07 1.68672478758e-07
7850.3530071 3.14651370806e-07 1.44726748771e-07
7873.57890357 2.49217982553e-07 9.51945476323e-08
7896.80480004 2.2793552673e-07 1.49190148295e-07
7920.03069651 2.39789403785e-07 1.58775690448e-07
7943.25659298 2.28728289354e-07 1.30143306143e-07
7966.48248945 2.05397551774e-07 8.95014187974e-08
7989.70838592 2.23622041529e-07 1.02637112331e-07
8012.93428239 2.31468566198e-07 1.48233195732e-07
8036.16017886 1.95401320373e-07 1.61586338626e-07
8059.38607533 1.73183507598e-07 1.87031716671e-07
8082.6119718 1.79443644108e-07 1.51249146978e-07
8105.83786828 2.10999388232e-07 1.17077138059e-07
8129.06376475 2.00764090834e-07 1.18006298573e-07
8152.28966122 1.49025968437e-07 1.37816757511e-07
8175.51555769 1.47484047669e-07 1.58698739615e-07
8198.74145416 1.40609694292e-07 9.80692159109e-08
8221.96735063 1.13560937392e-07 6.23564576675e-08
8245.1932471 9.75550970782e-08 1.41126650195e-07
8268.41914357 1.35126213629e-07 1.56550889433e-07
8291.64504004 1.2685608559e-07 1.07849030378e-07
8314.87093651 1.01271036634e-07 9.5098632544e-08
8338.09683298 1.16051902793e-07 1.5633314075e-07
8361.32272945 1.18714897185e-07 1.70619353862e-07
8384.54862592 9.53443782103e-08 1.54184748643e-07
8407.77452239 5.70992432127e-08 1.19672101978e-07
8431.00041887 9.37108953803e-08 9.99552015402e-08
8454.22631534 1.08519739044e-07 8.95057571713e-08
8477.45221181 8.76930636057e-08 1.12287686378e-07
8500.67810828 5.42466837422e-08 1.24646787849e-07
8523.90400475 6.72982958379e-08 1.21020535522e-07
8547.12990122 7.95423818709e-08 8.18012801123e-08
8570.35579769 6.38279212118e-08 6.63132166582e-08
8593.58169416 6.07677700049e-08 1.01218850416e-07
8616.80759063 5.98401158274e-08 1.063543088e-07
8640.0334871 6.17224375753e-08 8.4650176707e-08
8663.25938357 5.19939264126e-08 5.93428398058e-08
8686.48528004 5.71038589863e-08 7.26511922332e-08
8709.71117651 6.58335985314e-08 8.16592832808e-08
8732.93707298 5.55546914036e-08 5.83998617373e-08
8756.16296946 5.23101743265e-08 4.51214987384e-08
8779.38886593 4.45701323284e-08 4.68400871393e-08
8802.6147624 4.4628639733e-08 5.07435556633e-08
8825.84065887 4.07168266537e-08 4.17136308588e-08
8849.06655534 4.01830809222e-08 2.57156948425e-08
8872.29245181 4.43174283164e-08 2.18241624259e-08
8895.51834828 4.58194404504e-08 3.7504245373e-08
8918.74424475 3.51122275962e-08 4.2906669021e-08
8941.97014122 1.86782498206e-08 4.08703008733e-08
8965.19603769 2.75980199742e-08 2.02365741734e-08
8988.42193416 3.57511912375e-08 2.91370354068e-09
9011.64783063 3.845626485e-08 2.14565149559e-08
9034.8737271 2.90586307943e-08 2.97286160788e-08
9058.09962357 2.46733877259e-08 2.40944663145e-08
9081.32552005 2.84508013542e-08 1.37043856245e-08
9104.55141652 2.81915896797e-08 1.48287089973e-08
9127.77731299 2.27078454803e-08 1.83254566066e-08
9151.00320946 2.13634357272e-08 1.57388060188e-08
9174.22910593 1.73982407744e-08 2.06164172839e-08
9197.4550024 1.21791564702e-08 3.30799864989e-08
9220.68089887 1.42214549052e-08 3.85660096488e-08
9243.90679534 2.19624505712e-08 3.03227775177e-08
9267.13269181 2.12877867288e-08 3.56824028102e-08
9290.35858828 1.69419367353e-08 4.82019838397e-08
9313.58448475 1.34113022183e-08 5.16809830713e-08
9336.81038122 1.52882193024e-08 4.42203723869e-08
9360.03627769 1.63667622988e-08 3.94412501422e-08
9383.26217416 1.45558503948e-08 5.14543430076e-08
9406.48807064 1.26373524675e-08 6.07298487694e-08
9429.71396711 1.66499296717e-08 5.40894338515e-08
9452.93986358 1.14275569518e-08 3.45532818333e-08
9476.16576005 3.68032284922e-09 4.53987774764e-08
9499.39165652 5.94390059669e-09 5.0287175482e-08
9522.61755299 1.20099201006e-08 6.1834086638e-08
9545.84344946 1.35567733831e-08 6.00249233183e-08
9569.06934593 1.42959548545e-08 5.50804020734e-08
9592.2952424 7.41877382005e-09 4.6213876391e-08
9615.52113887 2.14765978894e-09 5.95164304413e-08
9638.74703534 1.97886943509e-09 5.63206809602e-08
9661.97293181 2.64315367187e-09 4.94273171286e-08
9685.19882828 4.02911335004e-09 4.57958780794e-08
9708.42472475 9.46118837714e-09 5.66445838281e-08
9731.65062122 8.31791946759e-09 6.71279329633e-08
9754.8765177 5.42617917598e-09 6.56044915871e-08
9778.10241417 7.00935444639e-09 4.64627362742e-08
9801.32831064 7.08968099618e-09 6.04439657237e-09
9824.55420711 3.27504495263e-09 3.42357746902e-08
9847.78010358 7.26332960338e-09 6.10270085589e-08
9871.00600005 1.09586227733e-08 5.84903873035e-08
9894.23189652 9.24218472513e-09 4.27779122775e-08
9917.45779299 6.1955395666e-09 2.64433539669e-08
9940.68368946 2.90820025508e-09 2.14210719815e-08
9963.90958593 4.79591598754e-09 1.69660589934e-08
9987.1354824 4.54061932937e-09 9.769242048e-09
10010.3613789 4.42395445537e-09 2.68250267394e-08
10033.5872753 6.08382660634e-09 3.95451635438e-08
10056.8131718 8.42534172802e-09 3.11268822906e-08
10080.0390683 6.94062488173e-09 1.45800662563e-08
10103.2649648 4.31453487871e-09 1.17201412704e-08
10126.4908612 8.71545946569e-09 1.97890159434e-08
10149.7167577 8.98986819857e-09 2.860137539e-08
10172.9426542 5.31388463559e-09 3.77760485113e-09
10196.1685506 8.06053894458e-09 1.8198553989e-08
10219.3944471 1.01410995364e-08 2.49871931345e-08
10242.6203436 1.34741883932e-08 2.54217229206e-08
10265.8462401 8.834314118e-09 1.05728835701e-08
10289.0721365 6.52068152819e-09 1.72537467879e-08
10312.298033 8.51881294877e-09 1.47999444424e-08
10335.5239295 1.14668055956e-08 9.57637350803e-09
10358.7498259 1.02105798208e-08 9.99912707458e-09
10381.9757224 9.4124594993e-09 2.18974912579e-08
10405.2016189 8.76910196539e-09 2.85776210136e-08
10428.4275153 7.59403705988e-09 1.83405001221e-08
10451.6534118 9.96556275149e-09 3.97809186372e-09
10474.8793083 1.22059132261e-08 2.14359683409e-08
10498.1052048 1.05124788826e-08 3.98896099268e-08
10521.3311012 5.4289103771e-09 3.97314810542e-08
10544.5569977 5.6434635306e-09 3.74928220757e-08
10567.7828942 8.4009873984e-09 1.69622159852e-08
10591.0087906 1.37475792591e-08 2.33186831684e-08
10614.2346871 1.16040996177e-08 2.51769929399e-08
10637.4605836 9.11983940255e-09 2.92770331132e-08
10660.6864801 6.7441435923e-09 3.05112455358e-08
10683.9123765 8.74585466106e-09 3.83593914425e-08
10707.138273 1.35985373315e-08 4.43301753195e-08
10730.3641695 1.25827452622e-08 1.46235607222e-08
10753.5900659 1.00168699225e-08 1.62007040785e-08
10776.8159624 7.61225739251e-09 3.31017021124e-08
10800.0418589 1.03266370928e-08 4.15723834149e-08
10823.2677553 1.1237673887e-08 2.92725950488e-08
10846.4936518 9.77007576511e-09 2.9087302605e-08
10869.7195483 9.48686081129e-09 3.9198586744e-08
10892.9454448 6.12976967786e-09 3.72272089499e-08
10916.1713412 9.19093030339e-09 2.73591973058e-08
10939.3972377 1.02648308109e-08 3.09788183039e-08
10962.6231342 7.18178411817e-09 2.91569568923e-08
10985.8490306 7.62287679908e-09 3.10185755332e-08
11009.0749271 7.14463185341e-09 4.32121412329e-08
11032.3008236 5.98402164878e-09 4.47428758756e-08
11055.5267201 1.14407522228e-08 4.07901857618e-08
11078.7526165 1.25120444109e-08 2.68731818913e-08
11101.978513 9.90662021962e-09 4.92908328684e-09
11125.2044095 8.85674556339e-09 1.20759086737e-08
11148.4303059 6.58648715909e-09 2.09136797143e-08
11171.6562024 6.93691852017e-09 1.48164510783e-08
11194.8820989 6.51982408356e-09 1.14922556851e-08
11218.1079954 6.23053892372e-09 2.10605493431e-08
11241.3338918 7.2592475679e-09 2.1669306363e-08
11264.5597883 1.03323621028e-08 1.53414578432e-08
11287.7856848 1.09078595793e-08 2.90861026629e-08
11311.0115812 4.4950509821e-09 2.21552757647e-08
11334.2374777 1.05250044621e-08 3.79262861383e-09
11357.4633742 1.22216305503e-08 1.71273422976e-08
11380.6892706 8.18094899705e-09 1.47563972967e-08
11403.9151671 8.26554174874e-09 2.72099055395e-08
11427.1410636 7.12817784023e-09 2.78255722738e-08
11450.3669601 2.11436135015e-09 1.22894032236e-08
11473.5928565 8.04646399755e-09 1.97170938254e-08
11496.818753 4.74963961603e-09 7.18783045435e-09
11520.0446495 5.67110863414e-09 1.68238315481e-08
11543.2705459 6.35375079958e-09 8.83525813453e-09
11566.4964424 1.09468823103e-08 2.34889583502e-08
11589.7223389 3.4824773929e-09 1.39512032233e-08
11612.9482354 2.73372218557e-09 3.35247160952e-08
11636.1741318 7.68714112602e-09 4.90985397682e-08
11659.4000283 1.78278360381e-09 1.92967187065e-08
11682.6259248 1.22454835677e-08 2.60859865119e-08
11705.8518212 1.53272941515e-08 2.28006532152e-08
11729.0777177 1.02850217788e-09 2.60156472886e-08
11752.3036142 3.87581188038e-09 1.24450482835e-08
11775.5295106 1.18400501837e-08 2.7216485199e-08
11798.7554071 3.01651155769e-09 3.60372160896e-08
11821.9813036 6.69018019252e-09 8.5452815447e-09
11845.2072001 7.53520618733e-09 3.14050758492e-08
11868.4330965 5.33649038943e-09 2.95045264228e-08
11891.658993 6.03641550458e-09 2.3495767484e-08
11914.8848895 4.08414447491e-09 2.07824958103e-08
11938.1107859 4.70637123096e-09 2.60071863842e-08
11961.3366824 5.00435782361e-09 3.84419325454e-08
11984.5625789 1.09838938617e-09 1.10103018609e-08
12007.7884754 2.95996720159e-09 1.6482274757e-08
12031.0143718 1.79323453894e-09 1.02109228027e-08
12054.2402683 4.4996896423e-09 2.50525337452e-08
12077.4661648 4.79605694673e-09 2.19797551088e-08
12100.6920612 4.29191808003e-09 3.06783851663e-08
12123.9179577 1.89008260544e-09 2.68821540205e-08
12147.1438542 5.48429606013e-10 1.35408307879e-08
12170.3697506 2.8004212028e-09 8.75045602877e-09
12193.5956471 1.17504686098e-09 1.60599353965e-08
12216.8215436 4.30978610385e-09 1.75951889671e-08
12240.0474401 3.45989232846e-09 1.71161381454e-08
12263.2733365 4.13505277604e-09 2.97939391282e-08
12286.499233 2.97516516196e-09 2.73643204976e-08
12309.7251295 2.06860975715e-09 1.42986954553e-08
12332.9510259 1.7765361361e-09 6.26022842841e-09
12356.1769224 1.13620267306e-09 8.69367278586e-09
12379.4028189 3.57641702078e-09 1.49502786998e-08
12402.6287154 1.57226058023e-09 2.20064162493e-08
12425.8546118 1.8500123663e-09 1.85667963378e-08
12449.0805083 3.32429223582e-09 6.82025843217e-09
12472.3064048 6.90549358656e-09 6.69667061287e-09
12495.5323012 4.21624263232e-09 1.42314115652e-08
12518.7581977 2.02562090838e-09 2.18993021055e-08
12541.9840942 9.89551405113e-10 2.1051958702e-08
12565.2099907 3.03157886757e-09 2.27262683807e-08
12588.4358871 3.8167455838e-09 1.55727539274e-08
12611.6617836 1.70576944901e-09 1.21153145812e-08
12634.8876801 2.5521207875e-09 1.38487542965e-08
12658.1135765 2.21231952642e-09 1.47770008446e-08
12681.339473 4.80560032919e-09 7.45888394988e-09
12704.5653695 2.18632620517e-09 4.5940337778e-09
12727.7912659 1.5193805014e-09 7.86976506876e-09
12751.0171624 3.52700601132e-09 1.31850655647e-08
12774.2430589 4.28691521241e-09 1.63086807671e-08
12797.4689554 2.99717447809e-09 1.58295078078e-08
12820.6948518 2.36577899331e-09 7.02128084044e-09
12843.9207483 2.48885626839e-09 5.77777065139e-09
12867.1466448 2.13913943127e-09 1.12874358426e-08
12890.3725412 2.20078578041e-09 1.43309723753e-08
12913.5984377 8.84653862924e-10 1.11260972394e-08
12936.8243342 1.22695878389e-09 8.49485536694e-09
12960.0502307 1.69142805548e-09 9.21408153836e-09
12983.2761271 1.17141655628e-09 1.13443449577e-08
13006.5020236 8.28958931036e-10 1.08917626297e-08
13029.7279201 2.56871335764e-09 6.94801067848e-09
13052.9538165 2.81946823384e-09 5.02545296775e-09
13076.179713 1.99651224546e-09 5.77198202379e-09
13099.4056095 5.92409983692e-10 1.04892151936e-08
13122.6315059 3.20733513125e-09 1.2915667452e-08
13145.8574024 3.28177104856e-09 1.20513008768e-08
13169.0832989 1.67367956298e-09 1.2685945438e-08
13192.3091954 1.43073962117e-09 1.01477259646e-08
13215.5350918 2.46622583009e-09 5.12351736422e-09
13238.7609883 3.78774160227e-09 4.18345723419e-09
13261.9868848 1.73826741519e-09 7.32519630373e-09
13285.2127812 1.16360867248e-09 8.6016115378e-09
13308.4386777 1.70874540527e-09 6.64670638956e-09
13331.6645742 1.94965131607e-09 5.34911324047e-09
13354.8904707 2.24536750268e-09 9.16583652183e-09
13378.1163671 3.4280057044e-09 6.4376598764e-09
13401.3422636 2.85315280356e-09 2.62473094776e-09
13424.5681601 2.31526634179e-09 4.51548283936e-09
13447.7940565 3.33323871515e-09 1.06402186785e-08
13471.019953 3.28553283636e-09 9.49339308255e-09
13494.2458495 2.04053495503e-09 8.90389876613e-09
13517.4717459 2.44355403958e-09 7.14242719746e-09
13540.6976424 3.66514055635e-09 7.42836889731e-09
13563.9235389 4.32430715687e-09 5.65929058144e-09
13587.1494354 4.17655216139e-09 3.6598749611e-09
13610.3753318 3.16910433679e-09 7.57107206845e-09
13633.6012283 4.10384727196e-09 1.03822968363e-08
13656.8271248 5.03650299405e-09 7.59201484142e-09
13680.0530212 3.70432056328e-09 3.52228429076e-09
13703.2789177 3.58162487454e-09 4.02768388072e-09
13726.5048142 4.05200223933e-09 4.63711314031e-09
13749.7307107 4.35810951975e-09 5.76469607055e-09
13772.9566071 4.29659512734e-09 5.60022607475e-09
13796.1825036 4.92413182626e-09 5.11036863441e-09
13819.4084001 5.08473550888e-09 3.20335331705e-09
13842.6342965 4.23172944946e-09 6.82346315301e-09
13865.860193 3.0143946343e-09 1.0813493539e-08
13889.0860895 5.20120542297e-09 8.95487803679e-09
13912.311986 6.05643912565e-09 6.8071903061e-09
13935.5378824 4.6141701406e-09 2.39933232411e-09
13958.7637789 3.79560876539e-09 9.05532185999e-09
13981.9896754 5.12931695958e-09 1.41422477545e-08
14005.2155718 5.93091610222e-09 1.51106876496e-08
14028.4414683 4.66763931221e-09 1.2347408379e-08
14051.6673648 4.14552931347e-09 9.35332656526e-09
14074.8932612 4.32555219971e-09 3.73705685662e-09
14098.1191577 3.47715647244e-09 1.56536124374e-09
14121.3450542 3.33248379105e-09 4.45675982575e-09
14144.5709507 4.67139269351e-09 2.60222127696e-09
14167.7968471 6.3186670038e-09 1.54367799795e-09
14191.0227436 5.27478099252e-09 3.67017611994e-09
14214.2486401 3.38884098298e-09 5.16452621899e-09
14237.4745365 4.00463966175e-09 5.43051491182e-09
14260.700433 4.42756518165e-09 3.66174318158e-09
14283.9263295 4.64956643357e-09 2.77636193643e-09
14307.152226 3.26875101359e-09 4.72094610085e-09
14330.3781224 3.05712542357e-09 5.95885627293e-09
14353.6040189 3.95655950083e-09 3.5017619592e-09
14376.8299154 3.23253344907e-09 2.8741304342e-09
14400.0558118 3.01858089951e-09 4.65178769099e-09
14423.2817083 3.73411884237e-09 3.8601055766e-09
14446.5076048 4.27903335241e-09 1.88756736769e-09
14469.7335012 3.96652052546e-09 1.09820594272e-09
14492.9593977 3.65604057918e-09 3.29470069681e-09
14516.1852942 3.76924535951e-09 4.04866374764e-09
14539.4111907 4.01499661559e-09 2.90151995947e-09
14562.6370871 3.33580494631e-09 1.72347441634e-09
14585.8629836 4.18822857641e-09 4.58019978159e-09
14609.0888801 4.17336030109e-09 4.05575054989e-09
14632.3147765 3.47154676788e-09 2.52290446547e-09
14655.540673 2.64902006625e-09 1.10688306909e-09
14678.7665695 3.36402792803e-09 2.06486867863e-09
14701.992466 3.55268567702e-09 4.10902515356e-09
14725.2183624 3.30963538049e-09 4.04044356092e-09
14748.4442589 2.17729602327e-09 4.66477207349e-09
14771.6701554 3.29960230419e-09 5.62009980114e-09
14794.8960518 4.36770608603e-09 6.2117340268e-09
14818.1219483 4.59885900761e-09 5.84910705395e-09
14841.3478448 4.24086004403e-09 4.09493572024e-09
14864.5737413 2.94882852924e-09 2.15951269049e-09
14887.7996377 3.02803589466e-09 3.54018469407e-09
14911.0255342 3.84842526272e-09 4.58598926064e-09
14934.2514307 4.65398791176e-09 6.2915307631e-09
14957.4773271 3.71100582838e-09 3.78622943522e-09
14980.7032236 3.86053508295e-09 3.73627552406e-09
15003.9291201 3.93003293993e-09 9.0728629203e-10
15027.1550165 4.04546849544e-09 2.30080417003e-09
15050.380913 4.48588410296e-09 1.56659202365e-09
15073.6068095 3.34370625064e-09 3.23736593339e-09
15096.832706 2.99881183882e-09 3.24557852762e-09
15120.0586024 3.54850164069e-09 3.82779225162e-09
15143.2844989 3.58560765491e-09 3.21668678904e-09
15166.5103954 3.12559280958e-09 1.39026366085e-09
15189.7362918 2.4001076108e-09 2.33614274088e-09
15212.9621883 3.04193157178e-09 3.96272312771e-09
15236.1880848 3.34124383432e-09 4.58995270905e-09
15259.4139813 3.88218698595e-09 1.79431333158e-09
15282.6398777 3.58867742028e-09 1.95186430192e-09
15305.8657742 3.39337889754e-09 1.5039892556e-09
15329.0916707 2.92036963038e-09 2.76004877639e-09
15352.3175671 3.59469158954e-09 4.1449087379e-09
15375.5434636 3.90022267772e-09 2.49973313937e-09
15398.7693601 3.84335202137e-09 1.04637250087e-09
15421.9952565 3.22699941768e-09 2.55589531241e-09
15445.221153 3.67176577622e-09 3.82004686476e-09
15468.4470495 3.793984854e-09 4.42217833889e-09
15491.672946 3.75561718158e-09 3.52519593064e-09
15514.8988424 3.28533000259e-09 3.39866656316e-09
15538.1247389 3.22882630659e-09 3.71853448378e-09
15561.3506354 3.47245982962e-09 4.76261528193e-09
15584.5765318 3.34242042236e-09 1.84199921024e-09
15607.8024283 3.00390438087e-09 3.31269132163e-09
15631.0283248 3.97428594137e-09 6.20564710583e-09
15654.2542213 3.59859512431e-09 4.73187965265e-09
15677.4801177 2.11119737939e-09 2.26521059684e-09
15700.7060142 3.08173658308e-09 1.37206876862e-09
15723.9319107 2.23451581189e-09 1.55631566254e-09
15747.1578071 2.98239897754e-09 2.56971338642e-09
15770.3837036 3.08420533371e-09 1.80714876839e-09
15793.6096001 3.49251332389e-09 1.05716039449e-09
15816.8354965 2.85283933241e-09 1.47010426925e-09
15840.061393 2.52530288954e-09 3.00873466553e-09
15863.2872895 2.29972074906e-09 4.48562111593e-09
15886.513186 2.60986057966e-09 2.87304421063e-09
15909.7390824 2.4992126585e-09 8.58432456811e-10
15932.9649789 3.2578279845e-09 3.00604981983e-09
15956.1908754 1.33186749692e-09 3.60150984228e-09
15979.4167718 2.28745617561e-09 5.2523727188e-09
16002.6426683 2.0082142201e-09 1.63525744281e-09
16025.8685648 1.8819397083e-09 6.26910697944e-09
16049.0944613 2.84381203895e-09 7.28581731879e-09
16072.3203577 2.35966372618e-09 3.38221734759e-09
16095.5462542 1.76120384455e-09 6.29496469977e-09
16118.7721507 1.56637738431e-09 4.05326011497e-09
16141.9980471 1.65501319788e-09 3.30041503977e-09
16165.2239436 1.79877798852e-09 2.86419869089e-09
16188.4498401 1.47129069781e-09 3.43364013851e-09
16211.6757366 2.45019364072e-09 4.00672169589e-09
16234.901633 1.67161380943e-09 3.3661840758e-09
16258.1275295 1.30097637764e-09 6.79085380077e-09
16281.353426 2.01978873622e-09 4.92291158641e-09
16304.5793224 1.19613994992e-09 5.97936995036e-09
16327.8052189 1.49023653135e-09 2.63374725116e-09
16351.0311154 1.4372699587e-09 5.68063857599e-09
16374.2570118 1.94605431322e-09 9.42403731891e-10
16397.4829083 1.53500777561e-09 5.05260665509e-09
16420.7088048 1.74608264639e-09 4.02165459282e-09
16443.9347013 8.33580091326e-10 5.82130452489e-09
16467.1605977 2.1709229708e-09 5.32723567345e-09
16490.3864942 1.30514770134e-09 4.70014001218e-09
16513.6123907 1.85940139081e-09 2.56441838698e-09
16536.8382871 1.86399294723e-09 3.32918673745e-09
16560.0641836 1.22515807919e-09 3.74079502251e-09
16583.2900801 1.29780300486e-09 4.55295527161e-09
16606.5159766 1.49356837813e-09 4.34286598851e-09
16629.741873 2.34514226502e-09 4.54189236216e-10
16652.9677695 1.2955182172e-09 5.68160705312e-09
16676.193666 1.3618699383e-09 2.51194239488e-09
16699.4195624 1.26720633273e-09 3.07958669252e-09
16722.6454589 1.72009058886e-09 1.06643457448e-09
16745.8713554 1.36619808784e-09 3.69181887341e-09
16769.0972518 1.27340917393e-09 3.17393707464e-09
16792.3231483 1.42824462273e-09 2.42559883299e-09
16815.5490448 8.21222025136e-10 1.55736297318e-09
16838.7749413 1.02906112089e-09 9.76087792739e-10
16862.0008377 1.28439057815e-09 6.99209238849e-10
16885.2267342 1.24156751078e-09 2.24948544198e-09
16908.4526307 1.17139450135e-09 1.49791123782e-09
16931.6785271 8.31188461827e-10 2.14279664483e-10
16954.9044236 8.71528954244e-10 1.18426575421e-09
16978.1303201 1.02044299292e-09 8.49115191572e-10
17001.3562166 8.58233798783e-10 1.9785042925e-09
17024.582113 7.10612203159e-10 1.50211631316e-09
17047.8080095 5.89133659516e-10 1.47296034301e-09
17071.033906 8.48919821237e-10 8.49608042268e-10
17094.2598024 9.78667093986e-10 7.12192625253e-10
17117.4856989 1.05539837018e-09 4.37344881246e-10
17140.7115954 1.00573161716e-09 1.07476611334e-09
17163.9374919 7.97182683891e-10 2.12571235444e-09
17187.1633883 7.72124159873e-10 1.89862201174e-09
17210.3892848 7.5952066846e-10 1.77256002558e-09
17233.6151813 5.65169563601e-10 2.06608682455e-09
17256.8410777 3.48410014732e-10 2.51133013701e-09
17280.0669742 3.95560433251e-10 1.85410576576e-09
17303.2928707 4.88468000707e-10 1.92980623649e-09
17326.5187671 4.97049122364e-10 2.03054496381e-09
17349.7446636 5.06766641487e-10 1.63557949237e-09
17372.9705601 5.15555029096e-10 1.76541873916e-09
17396.1964566 6.94789496076e-10 1.98530954431e-09
17419.422353 2.93411753265e-10 2.26730119082e-09
17442.6482495 4.41828502614e-10 2.75674468064e-09
17465.874146 4.98787842865e-10 2.60329736631e-09
17489.1000424 5.34140269445e-10 2.63107111992e-09
17512.3259389 4.35678051873e-10 2.1455633165e-09
17535.5518354 3.77958898363e-10 2.64299089125e-09
17558.7777319 2.26748346048e-10 2.73951852294e-09
17582.0036283 2.88222775081e-10 3.36650536607e-09
17605.2295248 3.15049932104e-10 2.76312735753e-09
17628.4554213 3.92805554196e-10 2.80591093087e-09
17651.6813177 3.53005292196e-10 2.92843525429e-09
17674.9072142 4.05788924889e-10 2.69665287029e-09
17698.1331107 2.97368578797e-10 2.71794729581e-09
17721.3590071 2.11403614261e-10 2.21847430594e-09
17744.5849036 5.35834152676e-10 1.78737411128e-09
17767.8108001 4.77585556581e-10 1.2199607229e-09
17791.0366966 4.24056083277e-10 1.90778590552e-09
17814.262593 5.66798786936e-10 2.48269242864e-09
17837.4884895 3.12804466413e-10 2.75662644906e-09
17860.714386 2.77110832179e-10 2.33970229993e-09
17883.9402824 2.23766046526e-10 1.70030627781e-09
17907.1661789 3.96365566918e-10 1.87387679321e-09
17930.3920754 3.81169800993e-10 2.12210045865e-09
17953.6179719 4.01083075978e-10 1.78550301104e-09
17976.8438683 3.75180439721e-10 2.19916281124e-09
18000.0697648 3.15812504991e-10 2.444411918e-09
18023.2956613 1.39641332772e-10 2.02209052893e-09
18046.5215577 1.39606653229e-10 1.08834330535e-09
18069.7474542 2.89725325505e-10 7.47324409772e-10
18092.9733507 2.53078150147e-10 1.20981373125e-09
18116.1992471 3.36806460532e-10 1.2928687991e-09
18139.4251436 3.42528120835e-10 1.38651431216e-09
18162.6510401 3.78234843218e-10 1.28605946394e-09
18185.8769366 3.63810919496e-10 9.47796511332e-10
18209.102833 3.08083925049e-10 7.37505188189e-10
18232.3287295 1.3471318822e-10 3.03839608828e-10
18255.554626 3.96448409795e-10 4.07431624261e-10
18278.7805224 4.89255663221e-10 1.14240355112e-09
18302.0064189 3.93675658211e-10 1.46103338256e-09
18325.2323154 1.5679493697e-10 1.41718527278e-09
18348.4582119 1.35273405057e-10 1.29147630396e-09
18371.6841083 2.25534724729e-10 9.62218886813e-10
18394.9100048 2.44206816586e-10 1.41341670519e-09
18418.1359013 2.95625748306e-10 1.98981464323e-09
18441.3617977 2.96795328434e-10 1.89033509077e-09
18464.5876942 2.53890271366e-10 1.56156020341e-09
18487.8135907 2.23225255414e-10 1.18049242728e-09
18511.0394872 2.71195317234e-10 8.7277120983e-10
18534.2653836 3.28471788948e-10 8.10721610163e-10
18557.4912801 2.67971605269e-10 1.17755038957e-09
18580.7171766 2.37832486117e-10 1.78554926179e-09
18603.943073 2.68285089982e-10 2.26090398945e-09
18627.1689695 2.57696349944e-10 2.33479181973e-09
18650.394866 1.65095352463e-10 1.98103472082e-09
18673.6207624 1.42855432838e-10 1.44185642488e-09
18696.8466589 3.60228305605e-10 1.50497396034e-09
18720.0725554 3.91545599789e-10 1.62535524506e-09
18743.2984519 2.40571904633e-10 1.55018056534e-09
18766.5243483 3.89311527149e-11 1.2367115018e-09
18789.7502448 1.87463714361e-10 1.12560693314e-09
18812.9761413 2.92231210487e-10 1.50050359139e-09
18836.2020377 2.05122771839e-10 2.31342677053e-09
18859.4279342 1.83587224357e-10 2.34653819282e-09
18882.6538307 1.69977934144e-10 1.86944859181e-09
18905.8797272 2.20933127936e-10 1.20967036626e-09
18929.1056236 1.92246588253e-10 1.59329592016e-09
18952.3315201 1.3455207506e-10 1.83530908843e-09
18975.5574166 9.17489340878e-11 1.58035331071e-09
18998.783313 1.63348108907e-10 1.01294950418e-09
19022.0092095 1.13589600955e-10 1.2303656976e-09
19045.235106 8.78436690208e-11 1.18239565757e-09
19068.4610024 9.61741228474e-11 1.12502493962e-09
19091.6868989 1.59534029121e-10 1.03625243483e-09
19114.9127954 1.91403152028e-10 1.09329678245e-09
19138.1386919 1.52225708892e-10 1.2173006464e-09
19161.3645883 1.06871466339e-10 9.64865155886e-10
19184.5904848 5.98407555974e-11 9.63832582855e-10
19207.8163813 5.6280656586e-11 1.00912898421e-09
19231.0422777 2.00120512484e-11 1.03374733355e-09
19254.2681742 7.415998879e-11 9.10750499039e-10
19277.4940707 1.20662885127e-10 8.07420821491e-10
19300.7199672 7.29845615175e-11 7.22837700948e-10
19323.9458636 4.0704708889e-11 6.29744871398e-10
19347.1717601 4.28068031684e-11 6.06791523455e-10
19370.3976566 3.86484340135e-11 6.48020804198e-10
19393.623553 3.57392414377e-11 6.47862094639e-10
19416.8494495 8.19115525718e-11 7.79921882665e-10
19440.075346 1.00260550891e-10 8.29772061602e-10
19463.3012424 9.13060377122e-11 4.23290803802e-10
19486.5271389 7.91062108666e-11 1.71047463188e-10
19509.7530354 1.0355053147e-10 5.75328083084e-10
19532.9789319 1.08055997258e-10 8.45423504027e-10
19556.2048283 9.85141078035e-11 6.82904446269e-10
19579.4307248 5.48692819974e-11 5.90550228649e-10
19602.6566213 3.43652533509e-11 4.79284576668e-10
19625.8825177 4.74524294087e-11 6.48740700365e-10
19649.1084142 9.63511480426e-11 7.30481525856e-10
19672.3343107 9.11614745677e-11 8.12384683829e-10
19695.5602072 7.27429447338e-11 8.13070781662e-10
19718.7861036 5.37723727977e-11 7.47224509679e-10
19742.0120001 3.68882330204e-11 6.47404936869e-10
19765.2378966 1.53260690368e-11 7.3090544131e-10
19788.463793 4.90406970264e-11 8.11978485717e-10
19811.6896895 6.99385048593e-11 6.98470145778e-10
19834.915586 5.86777453065e-11 9.56696734957e-10
19858.1414825 1.47104789132e-11 1.01463890565e-09
19881.3673789 2.94445474725e-11 8.84601426301e-10
19904.5932754 4.16752304327e-11 8.37537839379e-10
19927.8191719 1.68421689533e-11 1.00015442767e-09
19951.0450683 5.75831426121e-11 9.20619200917e-10
19974.2709648 9.13547391328e-11 9.48850184374e-10
19997.4968613 6.57786231127e-11 1.01810211932e-09
20020.7227577 4.51055244231e-11 1.05457510873e-09
20043.9486542 2.71064883785e-11 1.01339680655e-09
20067.1745507 2.88084704391e-11 9.27678479651e-10
20090.4004472 5.59889891324e-12 9.00382456585e-10
20113.6263436 1.44028115515e-11 8.30348843531e-10
20136.8522401 2.72051202864e-11 8.06220217304e-10
20160.0781366 4.51478049115e-11 7.52471067362e-10
20183.304033 3.864964964e-11 8.8381798142e-10
20206.5299295 3.07578131288e-11 9.68448297434e-10
20229.755826 1.75746781165e-11 9.31817973193e-10
20252.9817225 2.11948218667e-11 7.93285228471e-10
20276.2076189 2.02461974196e-11 8.2630095819e-10
20299.4335154 2.07142798849e-11 8.4622643857e-10
20322.6594119 1.46451334851e-11 7.94358613554e-10
20345.8853083 1.455084398e-11 7.64054014772e-10
20369.1112048 3.22717121773e-12 6.76536951438e-10
20392.3371013 4.63791290229e-12 6.3627195543e-10
20415.5629977 1.10031928291e-11 6.70007281045e-10
20438.7888942 2.25676581684e-11 6.20919409094e-10
20462.0147907 1.90130677716e-11 6.99811785649e-10
20485.2406872 8.0858124154e-12 6.99842563625e-10
20508.4665836 1.48618141322e-11 5.84478322362e-10
20531.6924801 1.16644874181e-11 6.61091206403e-10
20554.9183766 1.96714639163e-11 6.09265494318e-10
20578.144273 1.2678842484e-11 5.79314667386e-10
20601.3701695 2.1166420216e-11 4.86409845487e-10
20624.596066 1.89022495971e-11 5.05494871343e-10
20647.8219625 2.55678567507e-11 4.22659215751e-10
20671.0478589 1.78474732369e-11 3.78016841984e-10
20694.2737554 4.19166592754e-12 4.67056100995e-10
20717.4996519 1.51120654961e-11 3.63344789825e-10
20740.7255483 2.69002999847e-11 3.38680526214e-10
20763.9514448 1.87733968462e-11 3.34038262885e-10
20787.1773413 1.287409426e-11 2.86329584572e-10
20810.4032378 9.67937156705e-12 2.92223160385e-10
20833.6291342 1.98243324011e-13 3.14354397847e-10
20856.8550307 1.24813047515e-11 2.86628956632e-10
20880.0809272 8.28681683835e-12 2.63070196954e-10
20903.3068236 1.58216506183e-11 1.8449660174e-10
20926.5327201 4.92484524664e-12 1.90938687313e-10
20949.7586166 1.2158189698e-11 3.19446211566e-10
20972.984513 1.58440487291e-12 2.93637130531e-10
20996.2104095 1.68469416134e-11 3.98033300016e-10
21019.436306 4.64493735835e-12 7.01993621615e-11
21042.6622025 1.15812158098e-11 2.95120794916e-10
21065.8880989 1.10802835518e-11 1.76926261369e-10
21089.1139954 1.64517240185e-11 1.66951927668e-10
21112.3398919 7.81689264824e-12 1.38207160751e-10
21135.5657883 2.22626064856e-11 2.53804527167e-10
21158.7916848 1.06602399302e-11 1.41138488724e-10
21182.0175813 1.04122199311e-11 1.46811491775e-10
21205.2434778 6.49087957272e-12 1.45200755965e-10
21228.4693742 1.60269405818e-11 9.07218684305e-11
21251.6952707 2.10429342074e-11 2.18337709464e-10
21274.9211672 6.48355790784e-12 2.00266384184e-10
21298.1470636 1.17534311116e-11 2.06241224964e-10
21321.3729601 6.03878648398e-12 1.53649051968e-10
21344.5988566 3.20170212845e-11 1.98353856788e-10
21367.824753 1.75380119059e-11 2.9274552316e-10
21391.0506495 2.456390282e-11 2.21458419961e-10
21414.276546 6.73679667126e-12 1.79370385639e-10
21437.5024425 1.77564169332e-11 2.11521021181e-10
21460.7283389 6.08035798818e-12 1.9576199393e-10
21483.9542354 9.30733889037e-12 8.70465889743e-11
21507.1801319 9.14001389448e-12 1.79963632073e-10
21530.4060283 7.74268532915e-12 1.96606276542e-10
21553.6319248 1.16930248331e-11 1.15204656524e-10
21576.8578213 3.96528984754e-12 1.62773518235e-10
21600.0837178 2.4442276004e-12 2.02791392438e-10
21623.3096142 1.06602061955e-11 1.70253899767e-10
21646.5355107 4.73261215164e-12 1.45595628916e-10
21669.7614072 9.15210013407e-12 8.06073315271e-11
21692.9873036 7.88470718382e-12 1.14278582244e-10
21716.2132001 5.15238230465e-12 1.22465090234e-10
21739.4390966 7.87668316213e-12 1.19450038877e-10
21762.664993 1.04241989323e-11 1.20794375563e-10
21785.8908895 7.02573089603e-12 9.22294360119e-11
21809.116786 7.33339057078e-12 1.01032321286e-10
21832.3426825 6.09390639719e-12 1.11874757689e-10
21855.5685789 4.95431757023e-12 1.11828321548e-10
21878.7944754 6.93398217609e-12 1.05502493089e-10
21902.0203719 4.16339633084e-12 1.1092791519e-10
21925.2462683 3.5685556071e-12 9.30179277013e-11
21948.4721648 4.91976837315e-12 7.77679294029e-11
21971.6980613 7.06330624798e-12 3.91972512759e-11
21994.9239578 4.04069324377e-12 5.62956810763e-11
22018.1498542 6.01967499128e-12 8.07622437776e-11
22041.3757507 3.4079073011e-12 9.55342827672e-11
22064.6016472 2.85942862746e-12 5.54243703809e-11
22087.8275436 4.38004211363e-13 6.22788144994e-11
22111.0534401 3.05121995473e-12 5.98265695565e-11
22134.2793366 2.2415999115e-12 7.64756261693e-11
22157.5052331 3.47208684544e-12 8.85835832124e-11
22180.7311295 3.98652876181e-12 6.93290984704e-11
22203.957026 5.40689409693e-13 5.47905430053e-11
22227.1829225 2.531251462e-12 5.79559706382e-11
22250.4088189 5.86888254949e-12 6.65197733724e-11
22273.6347154 4.22212489696e-12 8.63759869801e-11
22296.8606119 4.16083149098e-12 1.07761059387e-10
22320.0865083 4.09844847815e-12 1.03282062877e-10
22343.3124048 7.10379183083e-12 9.70686967685e-11
22366.5383013 3.52932912607e-12 9.01783021231e-11
22389.7641978 6.69302968923e-12 7.8755406775e-11
22412.9900942 6.95253943566e-12 9.95804498577e-11
22436.2159907 3.07228143021e-12 1.12550292126e-10
22459.4418872 2.19884004631e-12 1.23443001487e-10
22482.6677836 3.64616630373e-12 1.12926649143e-10
22505.8936801 3.01154132593e-12 1.23556644353e-10
22529.1195766 5.26444519474e-12 1.46031582316e-10
22552.3454731 6.97778441659e-12 1.3620461982e-10
22575.5713695 4.45484948441e-12 1.0253795103e-10
22598.797266 4.10726044666e-12 1.17412089944e-10
22622.0231625 2.77476445783e-12 1.26650191346e-10
22645.2490589 4.66606487198e-12 1.29655858957e-10
22668.4749554 7.76359989787e-12 1.26190887858e-10
22691.7008519 8.45654224105e-12 1.17125648346e-10
22714.9267483 6.25908944071e-12 1.15063725689e-10
22738.1526448 6.17341535367e-12 1.25829099373e-10
22761.3785413 6.92666680879e-12 1.3905386588e-10
22784.6044378 9.40625081556e-12 1.39085687802e-10
22807.8303342 8.3298894661e-12 1.38236132205e-10
22831.0562307 8.82578925742e-12 1.25739102183e-10
22854.2821272 7.75857736684e-12 1.27547241363e-10
22877.5080236 6.0751859189e-12 1.39480903101e-10
22900.7339201 4.20431238119e-12 1.43695785694e-10
22923.9598166 5.85384033907e-12 1.35534310366e-10
22947.1857131 6.54531262492e-12 1.45855943837e-10
22970.4116095 5.82209768482e-12 1.32898565771e-10
22993.637506 4.94104305216e-12 1.34499901358e-10
23016.8634025 5.73025040303e-12 1.22090320511e-10
23040.0892989 5.6219930857e-12 1.36569925174e-10
23063.3151954 5.48949944994e-12 1.57773559992e-10
23086.5410919 6.17210662414e-12 1.7126026242e-10
23109.7669884 6.41650828213e-12 1.59701818215e-10
23132.9928848 5.94637372538e-12 1.5392419822e-10
23156.2187813 5.96459665009e-12 1.51314587658e-10
23179.4446778 3.76767177611e-12 1.51055103215e-10
23202.6705742 1.8170031752e-12 1.52258317625e-10
23225.8964707 3.75050756139e-12 1.62091138971e-10
23249.1223672 7.1697576395e-12 1.75671072073e-10
23272.3482636 8.69382039548e-12 1.7142369737e-10
23295.5741601 7.07312547612e-12 1.57304556256e-10
23318.8000566 5.38484924432e-12 1.54528836338e-10
23342.0259531 1.7797269868e-12 1.54085316692e-10
23365.2518495 3.72293750764e-12 1.52687428495e-10
23388.477746 5.62479079575e-12 1.59276560287e-10
23411.7036425 5.3700002884e-12 1.53310487759e-10
23434.9295389 4.08964995594e-12 1.46757661141e-10
23458.1554354 3.36032699394e-12 1.46441148133e-10
23481.3813319 5.33972949834e-12 1.48148483202e-10
23504.6072284 6.10733662724e-12 1.41827407438e-10
23527.8331248 6.59784302464e-12 1.49526195483e-10
23551.0590213 5.30473684432e-12 1.49409436872e-10
23574.2849178 4.49284153502e-12 1.51079633633e-10
23597.5108142 4.53689231258e-12 1.55553568934e-10
23620.7367107 6.69866809689e-12 1.59985729022e-10
23643.9626072 6.36391473317e-12 1.53931970168e-10
23667.1885036 5.21326500547e-12 1.61601998182e-10
23690.4144001 4.33547286283e-12 1.549153059e-10
23713.6402966 3.93458816686e-12 1.58251248805e-10
23736.8661931 4.47416470629e-12 1.62925828229e-10
23760.0920895 5.08686726668e-12 1.69595625642e-10
23783.317986 4.77267005667e-12 1.65313630276e-10
23806.5438825 4.02275744861e-12 1.61395081393e-10
23829.7697789 3.46563208426e-12 1.67371127369e-10
23852.9956754 4.13043117102e-12 1.76892029578e-10
23876.2215719 5.3385886848e-12 1.74786131946e-10
23899.4474684 6.43194882246e-12 1.74781671614e-10
23922.6733648 6.78918397825e-12 1.73568798904e-10
23945.8992613 6.52355737143e-12 1.65514802494e-10
23969.1251578 7.05252986265e-12 1.66763828704e-10
23992.3510542 7.18696770095e-12 1.72633985292e-10
24015.5769507 5.5784263564e-12 1.65327391072e-10
24038.8028472 5.2202041793e-12 1.63347984485e-10
24062.0287436 5.42891370837e-12 1.62090302023e-10
24085.2546401 6.06238344118e-12 1.63332057501e-10
24108.4805366 6.20065076895e-12 1.58687556269e-10
24131.7064331 5.65732679582e-12 1.62489691065e-10
24154.9323295 5.00539464115e-12 1.63095225167e-10
24178.158226 4.68391344661e-12 1.67475312971e-10
24201.3841225 4.44530757373e-12 1.59251483555e-10
24224.6100189 5.03673969169e-12 1.65454933723e-10
24247.8359154 5.46770839608e-12 1.75206147457e-10
24271.0618119 5.46294087088e-12 1.77384146789e-10
24294.2877084 5.22575167227e-12 1.68836632115e-10
24317.5136048 5.13143677769e-12 1.64999847763e-10
24340.7395013 6.1509497477e-12 1.69055644534e-10
24363.9653978 6.71618778988e-12 1.73896108104e-10
24387.1912942 5.55565945351e-12 1.67322284867e-10
24410.4171907 5.32070928667e-12 1.66081776561e-10
24433.6430872 3.94226334323e-12 1.66423314813e-10
24456.8689837 3.82541533601e-12 1.63818204967e-10
24480.0948801 3.55105805767e-12 1.60751466908e-10
24503.3207766 2.85379763777e-12 1.58104793759e-10
24526.5466731 3.18550756125e-12 1.67743283247e-10
24549.7725695 2.53525967436e-12 1.64054039857e-10
24572.998466 2.4444951849e-12 1.66492540863e-10
24596.2243625 1.87829848248e-12 1.6347287014e-10
24619.4502589 3.44325145176e-12 1.606865849e-10
24642.6761554 3.16429611166e-12 1.57194588954e-10
24665.9020519 4.49460732137e-12 1.59675686689e-10
24689.1279484 4.89604392014e-12 1.52343559054e-10
24712.3538448 5.20049074805e-12 1.48433631999e-10
24735.5797413 4.53986499309e-12 1.42037183148e-10
24758.8056378 3.96699574436e-12 1.38595355176e-10
24782.0315342 3.3475585254e-12 1.34658631783e-10
24805.2574307 3.5762259922e-12 1.34880184689e-10
24828.4833272 3.43757369351e-12 1.35325189546e-10
24851.7092237 3.42845825133e-12 1.34193340541e-10
24874.9351201 3.41104945714e-12 1.31729263708e-10
24898.1610166 3.1208967498e-12 1.30353878798e-10
24921.3869131 3.12506433573e-12 1.29436925879e-10
24944.6128095 2.73728634271e-12 1.27152269741e-10
24967.838706 2.27803992116e-12 1.27199821621e-10
24991.0646025 2.062618085e-12 1.28033800454e-10
25014.2904989 2.33719901386e-12 1.28572046423e-10
25037.5163954 3.26645670519e-12 1.25463393424e-10
25060.7422919 3.0524763906e-12 1.21956200048e-10
25083.9681884 2.87866039687e-12 1.20872900028e-10
25107.1940848 2.88624201748e-12 1.18438342751e-10
25130.4199813 2.84033001224e-12 1.22787147541e-10
25153.6458778 2.81417695846e-12 1.17180577591e-10
25176.8717742 2.51655518468e-12 1.14853496094e-10
25200.0976707 2.2469277217e-12 1.17765490193e-10
25223.3235672 2.14071580491e-12 1.13653705594e-10
25246.5494637 2.23259842059e-12 1.22113924763e-10
25269.7753601 1.71722854237e-12 1.1663322451e-10
25293.0012566 1.5437079013e-12 1.16002494538e-10
25316.2271531 2.32137882684e-12 1.26321744915e-10
25339.4530495 1.50027587426e-12 1.06324671163e-10
25362.678946 2.14906474452e-12 1.16619463777e-10
25385.9048425 2.51473650213e-12 1.12461020861e-10
25409.130739 2.09290770248e-12 1.01468361334e-10
25432.3566354 2.54155063257e-12 9.77653932707e-11
25455.5825319 3.57119670976e-12 9.97303103766e-11
25478.8084284 3.35947105233e-12 8.92812894422e-11
25502.0343248 3.49168051498e-12 9.27627877398e-11
25525.2602213 3.42154831068e-12 9.29767511168e-11
25548.4861178 3.47744535035e-12 8.6709608797e-11
25571.7120142 2.97639272755e-12 8.13005202159e-11
25594.9379107 3.40048661604e-12 7.92217237393e-11
25618.1638072 3.7589319107e-12 8.03137538404e-11
25641.3897037 3.39142665704e-12 8.65558206047e-11
25664.6156001 2.64259094713e-12 7.97112315546e-11
25687.8414966 2.27487983021e-12 8.47581166282e-11
25711.0673931 2.66195082706e-12 7.34223818649e-11
25734.2932895 2.5631842602e-12 8.23370219199e-11
25757.519186 3.01046936208e-12 7.41319110335e-11
25780.7450825 2.7075807899e-12 7.95116870831e-11
25803.970979 2.13684173636e-12 7.48190734276e-11
25827.1968754 1.58861059287e-12 7.41265206059e-11
25850.4227719 2.64308833346e-12 6.63654732237e-11
25873.6486684 2.90933303341e-12 7.12092676343e-11
25896.8745648 2.91698600356e-12 6.64003284529e-11
25920.1004613 1.7957467361e-12 7.22874255851e-11
25943.3263578 2.14228012721e-12 6.7931236002e-11
25966.5522542 1.91439177964e-12 7.12640631095e-11
25989.7781507 2.05262522373e-12 6.71352080058e-11
26013.0040472 2.54834263761e-12 6.52446495887e-11
26036.2299437 1.87488735717e-12 6.20077460878e-11
26059.4558401 1.95801689773e-12 6.13397392849e-11
26082.6817366 1.91770689144e-12 6.84107110254e-11
26105.9076331 1.70287646172e-12 5.57825547533e-11
26129.1335295 1.82322405876e-12 5.42522805174e-11
26152.359426 1.84028997152e-12 5.27647956776e-11
26175.5853225 1.52308023941e-12 5.21975481124e-11
26198.811219 1.96794745937e-12 4.73756558991e-11
26222.0371154 2.55632442877e-12 4.59697632763e-11
26245.2630119 2.19748559454e-12 4.79647071109e-11
26268.4889084 2.6939294521e-12 3.71744741935e-11
26291.7148048 2.88832124546e-12 4.59218684023e-11
26314.9407013 2.73300766366e-12 4.52411762404e-11
26338.1665978 2.78086877669e-12 4.83449687328e-11
26361.3924942 2.94914696888e-12 4.29624485226e-11
26384.6183907 2.78120829879e-12 4.80838459255e-11
26407.8442872 2.56818877686e-12 5.00445059346e-11
26431.0701837 2.45466869526e-12 4.21144962926e-11
26454.2960801 2.47638736636e-12 4.7984595973e-11
26477.5219766 2.54095470445e-12 4.65496012872e-11
26500.7478731 2.76756472955e-12 3.91850444274e-11
26523.9737695 2.65042313731e-12 3.99039545539e-11
26547.199666 2.3489890033e-12 3.99874095355e-11
26570.4255625 2.2919470094e-12 3.69317490248e-11
26593.651459 2.17582451473e-12 3.59865686659e-11
26616.8773554 1.99412842917e-12 3.72462497865e-11
26640.1032519 1.92572116592e-12 3.73742429355e-11
26663.3291484 1.89071115917e-12 3.65604949357e-11
26686.5550448 2.02594311407e-12 3.59623950549e-11
26709.7809413 1.73968418672e-12 3.98628593642e-11
26733.0068378 1.9180482525e-12 3.62421774333e-11
26756.2327343 1.70416405283e-12 3.44519969396e-11
26779.4586307 1.38916125e-12 3.37119083714e-11
26802.6845272 1.46993547168e-12 3.13783195885e-11
26825.9104237 1.70084720148e-12 3.02007447252e-11
26849.1363201 1.85241816054e-12 2.61977765299e-11
26872.3622166 1.92628645576e-12 2.45954623963e-11
26895.5881131 1.93857601663e-12 2.36827686181e-11
26918.8140095 2.0625259699e-12 2.40313544337e-11
26942.039906 2.08054267431e-12 2.44824827033e-11
26965.2658025 2.29216988481e-12 1.9779131978e-11
26988.491699 2.12694487107e-12 2.28854549302e-11
27011.7175954 2.30803009322e-12 2.30187446714e-11
27034.9434919 2.39332595784e-12 2.22405746296e-11
27058.1693884 2.45205031844e-12 2.20207804145e-11
27081.3952848 2.38065938567e-12 2.18566536162e-11
27104.6211813 2.2771928444e-12 2.27856718137e-11
27127.8470778 2.38657607993e-12 2.25367050143e-11
27151.0729743 2.45996580601e-12 2.08983820556e-11
27174.2988707 2.29359717471e-12 2.14906278241e-11
27197.5247672 2.17117000125e-12 2.2924779326e-11
27220.7506637 2.03304905446e-12 2.26572045818e-11
27243.9765601 1.9974333692e-12 2.06738965048e-11
27267.2024566 1.89464640873e-12 2.08689802022e-11
27290.4283531 1.78504362849e-12 2.0240349257e-11
27313.6542495 1.62470911859e-12 2.035100059e-11
27336.880146 1.43141713285e-12 2.14935609415e-11
27360.1060425 1.39930859452e-12 2.09808754248e-11
27383.331939 1.31400414262e-12 2.0820213946e-11
27406.5578354 1.39786787913e-12 1.93424610528e-11
27429.7837319 1.35048374148e-12 1.87312494705e-11
27453.0096284 1.4578769604e-12 1.43762639867e-11
27476.2355248 1.35874476492e-12 1.25972158542e-11
27499.4614213 1.38324512771e-12 1.31185984837e-11
27522.6873178 1.48422929854e-12 1.37495412298e-11
27545.9132143 1.5774226343e-12 1.40495327522e-11
27569.1391107 1.73363874565e-12 1.22797669025e-11
27592.3650072 1.7462486218e-12 1.19213231484e-11
27615.5909037 1.81128717469e-12 1.19780529726e-11
27638.8168001 1.83755033325e-12 1.31732980906e-11
27662.0426966 1.87847474723e-12 1.54995878085e-11
27685.2685931 1.81304651144e-12 1.64080950722e-11
27708.4944895 1.71832699444e-12 1.6982474859e-11
27731.720386 1.65600100039e-12 1.64696613631e-11
27754.9462825 1.59927286828e-12 1.8381553945e-11
27778.172179 1.59862580506e-12 1.97733971375e-11
27801.3980754 1.58365056081e-12 2.04832118035e-11
27824.6239719 1.59680638265e-12 1.94373845105e-11
27847.8498684 1.57597376482e-12 1.80111832332e-11
27871.0757648 1.51926392739e-12 1.71088253809e-11
27894.3016613 1.43506108526e-12 1.63317908882e-11
27917.5275578 1.39846020896e-12 1.716081639e-11
27940.7534543 1.33235830928e-12 1.71236988195e-11
27963.9793507 1.30796235011e-12 1.66874161978e-11
27987.2052472 1.24187048409e-12 1.65216846555e-11
28010.4311437 1.20023361871e-12 1.53764044369e-11
28033.6570401 1.11225445878e-12 1.49119299625e-11
28056.8829366 1.12631326771e-12 1.57468873322e-11
28080.1088331 1.04793628228e-12 1.51636892369e-11
28103.3347296 1.01227402692e-12 1.61534781592e-11
28126.560626 9.64980796384e-13 1.6111641824e-11
28149.7865225 9.62863180623e-13 1.41211744061e-11
28173.012419 9.61423020454e-13 1.36202451236e-11
28196.2383154 9.76615238746e-13 1.48625922326e-11
28219.4642119 9.41796927905e-13 1.50592456316e-11
28242.6901084 9.39040907128e-13 1.37360980311e-11
28265.9160048 9.45849265232e-13 1.34965363041e-11
28289.1419013 9.85610466161e-13 1.41872429712e-11
28312.3677978 1.04388961483e-12 1.49654303118e-11
28335.5936943 9.98930393435e-13 1.54220476028e-11
28358.8195907 9.48257699864e-13 1.52279418706e-11
28382.0454872 8.88380162006e-13 1.51091194064e-11
28405.2713837 8.62465761909e-13 1.54566064032e-11
28428.4972801 8.33742537028e-13 1.57539325746e-11
28451.7231766 8.08620694753e-13 1.60757366248e-11
28474.9490731 7.91129495535e-13 1.49113854332e-11
28498.1749696 7.613190889e-13 1.41431824284e-11
28521.400866 8.01707842636e-13 1.46198624759e-11
28544.6267625 8.17540359414e-13 1.45013815376e-11
28567.852659 7.98783083535e-13 1.46839558172e-11
28591.0785554 7.70780638973e-13 1.42563349742e-11
28614.3044519 7.29501540431e-13 1.33333317939e-11
28637.5303484 7.09227157843e-13 1.34859586642e-11
28660.7562448 6.65490851536e-13 1.32238181711e-11
28683.9821413 6.16726415459e-13 1.31176522087e-11
28707.2080378 5.72857157015e-13 1.28801737851e-11
28730.4339343 5.30262610577e-13 1.27391181976e-11
28753.6598307 5.20353773884e-13 1.20766029512e-11
28776.8857272 5.18487830438e-13 1.23531893983e-11
28800.1116237 4.99819552284e-13 1.23080225727e-11
28823.3375201 4.93882255586e-13 1.15822864923e-11
28846.5634166 5.04855793618e-13 1.14553230429e-11
28869.7893131 4.96460413793e-13 1.04865402976e-11
28893.0152096 4.87386911502e-13 1.0375635538e-11
28916.241106 4.70542766979e-13 1.03347303744e-11
28939.4670025 4.54423740124e-13 1.01224873735e-11
28962.692899 4.47079978446e-13 9.22754954678e-12
28985.9187954 4.53213246959e-13 9.28622856785e-12
29009.1446919 4.64076710905e-13 1.01894224237e-11
29032.3705884 4.79241197599e-13 9.90370466681e-12
29055.5964849 5.18922694498e-13 9.51599741614e-12
29078.8223813 5.18765695009e-13 9.44271210219e-12
29102.0482778 5.01644518474e-13 9.38699956656e-12
29125.2741743 4.96751381667e-13 9.54902097532e-12
29148.5000707 4.79263727272e-13 9.37198721752e-12
29171.7259672 4.46309336722e-13 9.49311391335e-12
29194.9518637 4.35117274925e-13 9.50505356832e-12
29218.1777601 4.39265349681e-13 9.32497990228e-12
29241.4036566 4.30792644287e-13 9.06012504596e-12
29264.6295531 4.36517846002e-13 8.64625451069e-12
29287.8554496 4.29355754837e-13 9.00029923699e-12
29311.081346 4.25937100713e-13 8.81655620576e-12
29334.3072425 4.11327302136e-13 8.29650577534e-12
29357.533139 3.97277868612e-13 8.41466429123e-12
29380.7590354 3.82751437944e-13 7.94457814449e-12
29403.9849319 3.53227077882e-13 7.21707874603e-12
29427.2108284 3.39620818643e-13 7.20643816923e-12
29450.4367249 3.08412176618e-13 6.78197369724e-12
29473.6626213 2.89731817974e-13 6.50091576439e-12
29496.8885178 2.69256714642e-13 6.1744389986e-12
29520.1144143 2.34090910962e-13 6.18367784624e-12
29543.3403107 2.32423741643e-13 5.90866503466e-12
29566.5662072 2.07148027478e-13 6.07346464881e-12
29589.7921037 2.15976347099e-13 5.97675514276e-12
29613.0180001 2.10839083949e-13 5.2411733458e-12
29636.2438966 1.84274864263e-13 5.47755918021e-12
29659.4697931 1.77102054847e-13 5.19899652978e-12
29682.6956896 1.53301724067e-13 5.07360290776e-12
29705.921586 1.6618566422e-13 5.00003804523e-12
29729.1474825 1.75145258021e-13 4.99809747887e-12
29752.373379 1.88328059507e-13 4.66225625232e-12
29775.5992754 2.15507905152e-13 4.71161122564e-12
29798.8251719 2.32559669359e-13 4.50404708644e-12
29822.0510684 2.43776676641e-13 4.35106076295e-12
29845.2769649 2.51097452469e-13 4.26365793176e-12
29868.5028613 2.59212161977e-13 4.20757415412e-12
29891.7287578 2.40148911806e-13 4.08436615841e-12
29914.9546543 2.15931931245e-13 4.08332143515e-12
29938.1805507 1.89901463077e-13 3.68716268516e-12
29961.4064472 1.53293710256e-13 3.67333676861e-12
29984.6323437 1.18284029175e-13 3.61195027245e-12
30007.8582401 1.01741331809e-13 3.38667019972e-12
30031.0841366 7.53651560989e-14 3.07047138078e-12
30054.3100331 6.68368470873e-14 3.07802157541e-12
30077.5359296 5.7095870481e-14 2.80236088992e-12
30100.761826 5.22130739621e-14 2.65856287688e-12
30123.9877225 5.10301247237e-14 2.58568159376e-12
30147.213619 5.02531244004e-14 2.19637162832e-12
30170.4395154 4.89032442344e-14 2.25360941921e-12
30193.6654119 7.42000575717e-14 2.03800473909e-12
30216.8913084 8.58451328843e-14 1.91243921787e-12
30240.1172049 9.95122127606e-14 1.87922505597e-12
30263.3431013 1.12069663405e-13 1.84661669301e-12
30286.5689978 1.20088987704e-13 1.94487134622e-12
30309.7948943 1.27446905791e-13 1.81293923637e-12
30333.0207907 1.25433049882e-13 1.79971897238e-12
30356.2466872 1.12450522652e-13 1.9033232651e-12
30379.4725837 1.08817323093e-13 1.68232787919e-12
30402.6984802 9.66071721107e-14 1.5362654615e-12
30425.9243766 1.02203475426e-13 1.1837034102e-12
30449.1502731 8.48321811685e-14 1.38138691011e-12
30472.3761696 9.91205367316e-14 9.3500732269e-13
30495.602066 1.00464801105e-13 1.02281371993e-12
30518.8279625 1.16862119689e-13 6.69787988792e-13
30542.053859 1.1740795022e-13 8.03829837279e-13
30565.2797554 1.29138477194e-13 6.03139420931e-13
30588.5056519 1.2878575192e-13 6.73823700778e-13
30611.7315484 1.28787377061e-13 6.49861857598e-13
30634.9574449 1.24129678038e-13 7.79486626702e-13
30658.1833413 1.19944743563e-13 5.36193770269e-13
30681.4092378 1.03035027651e-13 7.09745845286e-13
30704.6351343 8.80890139564e-14 6.00913223196e-13
30727.8610307 7.77042184146e-14 4.87167039227e-13
30751.0869272 6.4878285951e-14 4.46038236339e-13
30774.3128237 5.86921316708e-14 3.61126809455e-13
30797.5387202 5.2036428046e-14 4.13095631476e-13
30820.7646166 5.40270092038e-14 2.90404328109e-13
30843.9905131 5.39000706352e-14 2.44947065107e-13
30867.2164096 5.44807336158e-14 4.0819545688e-13
30890.442306 5.38345743766e-14 3.69832702788e-13
30913.6682025 5.6001150089e-14 3.08927084682e-13
30936.894099 5.41566583462e-14 3.89208319514e-13
30960.1199954 5.87324909776e-14 2.92417666856e-13
30983.3458919 6.18413955665e-14 3.9817764018e-13
31006.5717884 6.52800908971e-14 3.39146918588e-13
31029.7976849 6.96000595252e-14 4.51218929176e-13
31053.0235813 6.93852920219e-14 4.92240878054e-13
31076.2494778 6.95421062441e-14 6.20300694039e-13
31099.4753743 6.70830235876e-14 6.94001999243e-13
31122.7012707 6.26650267983e-14 5.53582920388e-13
31145.9271672 6.33105256983e-14 8.49735683537e-13
31169.1530637 6.28761262451e-14 9.18437815962e-13
31192.3789602 6.23393857079e-14 9.01443716378e-13
31215.6048566 6.1403018964e-14 9.28133989383e-13
31238.8307531 5.9831979716e-14 9.20216956339e-13
31262.0566496 5.89768193973e-14 7.88435943155e-13
31285.282546 6.00681999479e-14 7.11988507592e-13
31308.5084425 6.3055002454e-14 6.86553279057e-13
31331.734339 6.72928188523e-14 5.94476637708e-13
31354.9602355 6.97269420666e-14 5.08905114019e-13
31378.1861319 7.33410090571e-14 4.76338362312e-13
31401.4120284 7.52830813897e-14 5.10833364134e-13
31424.6379249 7.74597796264e-14 5.70817282372e-13
31447.8638213 7.55412682092e-14 7.08900889472e-13
31471.0897178 7.10531869959e-14 8.41795906238e-13
31494.3156143 6.51031661001e-14 8.03145055633e-13
31517.5415107 5.76294731439e-14 9.29516181328e-13
31540.7674072 5.13210291735e-14 1.0398405407e-12
31563.9933037 4.53949152495e-14 1.03200133665e-12
31587.2192002 3.89644525649e-14 1.03632317831e-12
31610.4450966 3.25514562998e-14 1.08295079882e-12
31633.6709931 2.68654133677e-14 1.06116332783e-12
31656.8968896 2.38516404279e-14 1.04707573177e-12
31680.122786 2.40100683752e-14 1.02456625537e-12
31703.3486825 2.58681772638e-14 1.03489630236e-12
31726.574579 3.03023560167e-14 9.55475865531e-13
31749.8004755 3.46353590273e-14 9.49850669434e-13
31773.0263719 3.93530317342e-14 9.20353495574e-13
31796.2522684 4.3508738285e-14 8.69054409208e-13
31819.4781649 4.4964152482e-14 8.69497822909e-13
31842.7040613 4.49787656619e-14 8.5296405226e-13
31865.9299578 4.37996935519e-14 9.18804786853e-13
31889.1558543 4.22531670816e-14 9.02962454271e-13
31912.3817507 3.99211884617e-14 9.42755954582e-13
31935.6076472 3.62799163906e-14 9.00424616711e-13
31958.8335437 3.00403577881e-14 9.16157462095e-13
31982.0594402 2.25185813477e-14 8.97954711986e-13
32005.2853366 1.42872812884e-14 9.30070823413e-13
32028.5112331 7.06166515041e-15 9.01111112994e-13
32051.7371296 6.56656606258e-15 8.98501996162e-13
32074.963026 1.25399601901e-14 8.79831638256e-13
32098.1889225 1.84371932603e-14 8.6383439381e-13
32121.414819 2.30821888904e-14 8.83937173861e-13
32144.6407155 2.63771689769e-14 8.71978959178e-13
32167.8666119 2.85978992779e-14 8.45469149486e-13
32191.0925084 2.93169190364e-14 8.56789465652e-13
32214.3184049 2.91716438307e-14 8.60826284729e-13
32237.5443013 2.78726851508e-14 8.60707981773e-13
32260.7701978 2.54783106327e-14 8.24734432634e-13
32283.9960943 2.15459568062e-14 7.91103737198e-13
32307.2219907 1.67706155823e-14 8.042503024e-13
32330.4478872 1.12715809913e-14 8.41514720765e-13
32353.6737837 5.58565680757e-15 8.29681758532e-13
32376.8996802 2.75839674171e-15 8.00070407155e-13
32400.1255766 7.86667876959e-15 7.09372641496e-13
32423.3514731 1.29320724107e-14 7.0427773919e-13
32446.5773696 1.76607645165e-14 6.78746392043e-13
32469.803266 2.15411136858e-14 6.70739766132e-13
32493.0291625 2.47381457741e-14 6.69919426928e-13
32516.255059 2.71482260004e-14 6.46729592026e-13
32539.4809555 2.89147822672e-14 6.44658084869e-13
32562.7068519 2.98278063693e-14 6.34003872168e-13
32585.9327484 2.96155216603e-14 6.05354460967e-13
32609.1586449 2.88322400093e-14 5.95955621344e-13
32632.3845413 2.76697826526e-14 6.00084702541e-13
32655.6104378 2.5457210185e-14 5.99946487785e-13
32678.8363343 2.27351280007e-14 6.13593876435e-13
32702.0622308 1.93030442292e-14 6.28282415973e-13
32725.2881272 1.54346695581e-14 6.42438634379e-13
32748.5140237 1.12927691288e-14 6.49722023679e-13
32771.7399202 7.19309749989e-15 6.24255918196e-13
32794.9658166 5.53621788032e-15 6.22659173257e-13
32818.1917131 8.16290426675e-15 5.88982624387e-13
32841.4176096 1.28316900654e-14 5.56068362415e-13
32864.643506 1.77759034039e-14 5.43942457573e-13
32887.8694025 2.27796832889e-14 5.17478646699e-13
32911.095299 2.73771552058e-14 4.76344467593e-13
32934.3211955 3.08874520132e-14 4.37578033737e-13
32957.5470919 3.34382180087e-14 4.20725679581e-13
32980.7729884 3.51111289758e-14 4.08878840975e-13
33003.9988849 3.5866903981e-14 4.19885284402e-13
33027.2247813 3.58207508858e-14 4.05436724416e-13
33050.4506778 3.47034047686e-14 3.9928049172e-13
33073.6765743 3.26624388398e-14 4.18136959172e-13
33096.9024708 2.96534151426e-14 4.35650073027e-13
33120.1283672 2.5843661861e-14 4.49280961952e-13
33143.3542637 2.1427766753e-14 4.48880905949e-13
33166.5801602 1.69625658921e-14 4.57084285998e-13
33189.8060566 1.23340023824e-14 4.38190876114e-13
33213.0319531 7.83657765046e-15 4.31517071228e-13
33236.2578496 5.00088023058e-15 4.1243908963e-13
33259.483746 6.33163746795e-15 3.73367362879e-13
33282.7096425 9.93296916526e-15 3.46314282657e-13
33305.935539 1.36644843644e-14 3.20333742546e-13
33329.1614355 1.73303329336e-14 2.90841623701e-13
33352.3873319 2.03871252175e-14 2.70939086185e-13
33375.6132284 2.26894554082e-14 2.5452450713e-13
33398.8391249 2.46899530102e-14 2.62646761189e-13
33422.0650213 2.59772109925e-14 2.6860485384e-13
33445.2909178 2.67800862705e-14 2.57731655017e-13
33468.5168143 2.69293879317e-14 2.61486051591e-13
33491.7427108 2.61017175944e-14 2.78800649143e-13
33514.9686072 2.43535906807e-14 2.83824420322e-13
33538.1945037 2.18783090796e-14 2.78960953298e-13
33561.4204002 1.93109845399e-14 2.77286341298e-13
33584.6462966 1.63165625584e-14 2.64526130537e-13
33607.8721931 1.31637132337e-14 2.65493384886e-13
33631.0980896 9.7059089091e-15 2.58014253329e-13
33654.3239861 6.73520794932e-15 2.31278809498e-13
33677.5498825 4.93440757261e-15 2.34557075724e-13
33700.775779 5.03875580934e-15 1.96649203762e-13
33724.0016755 6.47618068113e-15 1.80472035273e-13
33747.2275719 8.58929274308e-15 1.67169365391e-13
33770.4534684 1.03851605106e-14 1.49896601476e-13
33793.6793649 1.18041020628e-14 1.5345252094e-13
33816.9052613 1.29787579148e-14 1.66125775274e-13
33840.1311578 1.37258408835e-14 1.79464831777e-13
33863.3570543 1.42904758175e-14 1.76157981394e-13
33886.5829508 1.47726586211e-14 1.82954279465e-13
33909.8088472 1.54935765648e-14 1.99954027098e-13
33933.0347437 1.6085898738e-14 2.02916532262e-13
33956.2606402 1.65376869055e-14 2.05175844429e-13
33979.4865366 1.6847327656e-14 1.90263247309e-13
34002.7124331 1.70151306395e-14 1.7823744548e-13
34025.9383296 1.70790650501e-14 1.70867856029e-13
34049.1642261 1.71491667912e-14 1.485748109e-13
34072.3901225 1.75122849785e-14 1.24040027079e-13
34095.616019 1.75032517273e-14 1.22606026302e-13
34118.8419155 1.76855124871e-14 9.64213045569e-14
34142.0678119 1.74594266514e-14 9.3744189863e-14
34165.2937084 1.68663304397e-14 8.95566217177e-14
34188.5196049 1.57859842919e-14 8.72722408718e-14
34211.7455013 1.40841931928e-14 1.03602037352e-13
34234.9713978 1.18243189337e-14 1.17058942769e-13
34258.1972943 9.01752085789e-15 1.31909319598e-13
34281.4231908 5.81069090996e-15 1.54575201809e-13
34304.6490872 2.63949262829e-15 1.54294488173e-13
34327.8749837 2.56081396836e-15 1.57677168655e-13
34351.1008802 5.87301336135e-15 1.57651139511e-13
34374.3267766 9.64249714588e-15 1.5140478914e-13
34397.5526731 1.33275196924e-14 1.43575154927e-13
34420.7785696 1.683146585e-14 1.28755782772e-13
34444.0044661 1.98856954348e-14 1.20406589243e-13
34467.2303625 2.2363520798e-14 9.82800869482e-14
34490.456259 2.43608035534e-14 8.59756342271e-14
34513.6821555 2.56666819333e-14 6.06595512625e-14
34536.9080519 2.61478407754e-14 4.57960149104e-14
34560.1339484 2.58936073107e-14 4.26221183283e-14
34583.3598449 2.48905684088e-14 3.97682880095e-14
34606.5857413 2.31452723015e-14 5.51741945405e-14
34629.8116378 2.08093201044e-14 6.80721824218e-14
34653.0375343 1.78918338516e-14 8.18792616379e-14
34676.2634308 1.45616201338e-14 8.66914719251e-14
34699.4893272 1.08391761796e-14 1.06114582922e-13
34722.7152237 6.93298524913e-15 1.11006572722e-13
34745.9411202 2.93018013907e-15 1.14305666762e-13
34769.1670166 1.4332042801e-15 1.20679622954e-13
34792.3929131 5.11439814515e-15 1.14194488931e-13
34815.6188096 8.7876801732e-15 1.03937563728e-13
34838.8447061 1.20465987619e-14 9.53138089144e-14
34862.0706025 1.50845298327e-14 7.69630949367e-14
34885.296499 1.75390507094e-14 6.65278016764e-14
34908.5223955 1.96471031721e-14 5.02400261585e-14
34931.7482919 2.11729120251e-14 3.25970944976e-14
34954.9741884 2.23812162237e-14 1.80864728069e-14
34978.2000849 2.28597635852e-14 7.69941570321e-15
35001.4259814 2.2839977561e-14 1.80713741174e-14
35024.6518778 2.23723316209e-14 3.48754948048e-14
35047.8777743 2.13572937902e-14 4.83949068035e-14
35071.1036708 1.99932184094e-14 6.135423168e-14
35094.3295672 1.81620516753e-14 7.12319756433e-14
35117.5554637 1.61730785448e-14 8.10487682002e-14
35140.7813602 1.38631097067e-14 8.64578809987e-14
35164.0072566 1.1531681749e-14 9.30063932741e-14
35187.2331531 9.00559980176e-15 8.93599283953e-14
35210.4590496 6.50243055017e-15 8.68823460481e-14
35233.6849461 4.36672062868e-15 7.86437919451e-14
35256.9108425 3.2078903569e-15 6.95725366079e-14
35280.136739 4.28846479624e-15 6.01343113806e-14
35303.3626355 6.51592134722e-15 4.6259461825e-14
35326.5885319 8.86766891241e-15 3.3415866874e-14
35349.8144284 1.11661179063e-14 1.93470969416e-14
35373.0403249 1.3277606343e-14 9.3820233488e-15
35396.2662214 1.51967574631e-14 1.48125865228e-14
35419.4921178 1.68886325766e-14 2.43193297943e-14
35442.7180143 1.81947250061e-14 3.71412666205e-14
35465.9439108 1.91688963278e-14 4.57664763171e-14
35489.1698072 1.97938225085e-14 5.22894411486e-14
35512.3957037 1.99858734777e-14 6.20954300755e-14
35535.6216002 1.97896285558e-14 6.6301065916e-14
35558.8474966 1.92147344943e-14 6.63442820434e-14
35582.0733931 1.82497385864e-14 6.53664290595e-14
35605.2992896 1.69496814009e-14 6.4361055513e-14
35628.5251861 1.53353330504e-14 6.05582900517e-14
35651.7510825 1.34759573738e-14 5.08916763712e-14
35674.976979 1.1419426486e-14 4.9794440383e-14
35698.2028755 9.2225016853e-15 3.94623113268e-14
35721.4287719 7.03864344351e-15 2.90142993347e-14
35744.6546684 5.05821743214e-15 2.43102718679e-14
35767.8805649 3.80753698981e-15 2.12834597798e-14
35791.1064614 4.18836192921e-15 2.0955736662e-14
35814.3323578 5.8278854106e-15 3.27199657218e-14
35837.5582543 7.956406386e-15 4.15527971256e-14
35860.7841508 1.01005806901e-14 4.34542371342e-14
35884.0100472 1.21965749577e-14 5.10711399648e-14
35907.2359437 1.41261105667e-14 5.62957722014e-14
35930.4618402 1.58026007401e-14 5.88130326922e-14
35953.6877366 1.72075713427e-14 5.86882445521e-14
35976.9136331 1.831723229e-14 5.6989448242e-14
36000.1395296 1.90278272397e-14 5.20913624422e-14
36023.3654261 1.94540310753e-14 4.98962120828e-14
36046.5913225 1.94764630497e-14 4.47482864357e-14
36069.817219 1.91463192069e-14 3.66169658241e-14
36093.0431155 1.84060571446e-14 3.19409232496e-14
36116.2690119 1.72748049586e-14 2.90350615993e-14
36139.4949084 1.57727640685e-14 2.77786158559e-14
36162.7208049 1.38868473829e-14 2.80462615134e-14
36185.9467014 1.17150807173e-14 3.21250827939e-14
36209.1725978 9.29339846447e-15 3.86273931996e-14
36232.3984943 6.65842850895e-15 4.18104571435e-14
36255.6243908 4.01942473344e-15 4.68814391709e-14
36278.8502872 2.126710877e-15 4.91755059485e-14
36302.0761837 3.3494449345e-15 5.2865091406e-14
36325.3020802 6.01632752648e-15 5.51066756134e-14
36348.5279767 8.81090366074e-15 5.3814077471e-14
36371.7538731 1.14674868635e-14 5.30049387186e-14
36394.9797696 1.39085458598e-14 5.11496173168e-14
36418.2056661 1.60781902852e-14 4.6515590985e-14
36441.4315625 1.78435590388e-14 4.20409826852e-14
36464.657459 1.92425276678e-14 3.62505076035e-14
36487.8833555 2.01927135873e-14 3.11943275653e-14
36511.1092519 2.0691338771e-14 2.77267550418e-14
36534.3351484 2.07195676877e-14 2.63280237449e-14
36557.5610449 2.02735296239e-14 2.65882047037e-14
36580.7869414 1.93976886497e-14 2.82435312979e-14
36604.0128378 1.80969269644e-14 3.1903031341e-14
36627.2387343 1.64069726121e-14 3.57952498837e-14
36650.4646308 1.44048393786e-14 4.03230174265e-14
36673.6905272 1.2111228616e-14 4.39932659084e-14
36696.9164237 9.6300625478e-15 4.77519981477e-14
36720.1423202 7.00705970872e-15 4.98750425431e-14
36743.3682167 4.41567933165e-15 5.13166580879e-14
36766.5941131 2.40165853083e-15 5.22008892712e-14
36789.8200096 2.89742077503e-15 5.16473207468e-14
36813.0459061 5.18111448441e-15 4.98279319497e-14
36836.2718025 7.67833213925e-15 4.81137710369e-14
36859.497699 1.00832403213e-14 4.49432704698e-14
36882.7235955 1.2304163175e-14 4.14573762226e-14
36905.9494919 1.42619685942e-14 3.8262443636e-14
36929.1753884 1.59271581211e-14 3.48918729435e-14
36952.4012849 1.72577480214e-14 3.27440628077e-14
36975.6271814 1.82439151554e-14 3.15637936955e-14
36998.8530778 1.88420756029e-14 3.20724717406e-14
37022.0789743 1.90558873293e-14 3.35080565002e-14
37045.3048708 1.88875585811e-14 3.51672021228e-14
37068.5307672 1.83317150567e-14 3.73580715957e-14
37091.7566637 1.7397804093e-14 3.95323170823e-14
37114.9825602 1.60954390333e-14 4.20148772271e-14
37138.2084567 1.44738211351e-14 4.41394363105e-14
37161.4343531 1.25629564088e-14 4.5545006075e-14
37184.6602496 1.04228584435e-14 4.65219649884e-14
37207.8861461 8.10554320681e-15 4.69910303281e-14
37231.1120425 5.7232646686e-15 4.66380130338e-14
37254.337939 3.53912586325e-15 4.57859372305e-14
37277.5638355 2.57452874284e-15 4.41915200262e-14
37300.789732 3.94055869657e-15 4.20241159837e-14
37324.0156284 6.20101835012e-15 4.02603391885e-14
37347.2415249 8.56693329907e-15 3.8285434775e-14
37370.4674214 1.08414354672e-14 3.66330093106e-14
37393.6933178 1.29319400664e-14 3.51370683831e-14
37416.9192143 1.47752038577e-14 3.42147665618e-14
37440.1451108 1.632146382e-14 3.3599631081e-14
37463.3710072 1.75435556023e-14 3.32656410237e-14
37486.5969037 1.84161119586e-14 3.35613094387e-14
37509.8228002 1.89109669782e-14 3.38944492751e-14
37533.0486967 1.9015474067e-14 3.4549822253e-14
37556.2745931 1.87378297024e-14 3.55147592672e-14
37579.5004896 1.80917617286e-14 3.66021069282e-14
37602.7263861 1.70837106769e-14 3.75015987523e-14
37625.9522825 1.57333677907e-14 3.84764999892e-14
37649.178179 1.40788845972e-14 3.9228564094e-14
37672.4040755 1.21571406136e-14 3.97387239391e-14
37695.629972 1.00142751298e-14 4.0206212424e-14
37718.8558684 7.72038103049e-15 4.0452458243e-14
37742.0817649 5.37767308878e-15 4.07446678179e-14
37765.3076614 3.27730824148e-15 4.08514705745e-14
37788.5335578 2.54247855951e-15 4.10664475659e-14
37811.7594543 4.04822054518e-15 4.10200220054e-14
37834.9853508 6.29862461591e-15 4.11997220669e-14
37858.2112472 8.6166881946e-15 4.09370286114e-14
37881.4371437 1.08265863652e-14 4.06947938337e-14
37904.6630402 1.28391395236e-14 4.0199164252e-14
37927.8889367 1.46007889632e-14 3.96460253361e-14
37951.1148331 1.60625059132e-14 3.90214876618e-14
37974.3407296 1.7188546723e-14 3.83684727319e-14
37997.5666261 1.79518852915e-14 3.77975302762e-14
38020.7925225 1.83359073571e-14 3.70822946229e-14
38044.018419 1.8321210526e-14 3.65313616022e-14
38067.2443155 1.79243285593e-14 3.61356881628e-14
38090.470212 1.71518487895e-14 3.60948769528e-14
38113.6961084 1.60110275861e-14 3.63420201108e-14
38136.9220049 1.45343173476e-14 3.70878933331e-14
38160.1479014 1.27621325602e-14 3.78794353298e-14
38183.3737978 1.07321270287e-14 3.88678984755e-14
38206.5996943 8.50025583398e-15 3.98478655409e-14
38229.8255908 6.14968466948e-15 4.08792390277e-14
38253.0514872 3.85836066892e-15 4.17482862135e-14
38276.2773837 2.31976314016e-15 4.23923142377e-14
38299.5032802 3.17898425165e-15 4.2670022822e-14
38322.7291767 5.35361610116e-15 4.24826838938e-14
38345.9550731 7.70900571011e-15 4.18232457589e-14
38369.1809696 9.98834987776e-15 4.07833246691e-14
38392.4068661 1.2102435851e-14 3.92804898948e-14
38415.6327625 1.39834430423e-14 3.75112217878e-14
38438.858659 1.55816464517e-14 3.56392821744e-14
38462.0845555 1.68603221736e-14 3.36783035529e-14
38485.310452 1.77981676556e-14 3.20255309687e-14
38508.5363484 1.83683402292e-14 3.07788992572e-14
38531.7622449 1.85609145986e-14 3.01078992445e-14
38554.9881414 1.83694711025e-14 3.02311801518e-14
38578.2140378 1.78100923036e-14 3.09995860444e-14
38601.4399343 1.68880486698e-14 3.23911263531e-14
38624.6658308 1.5621513227e-14 3.41197916327e-14
38647.8917273 1.4044486581e-14 3.60889984809e-14
38671.1176237 1.21943305984e-14 3.7961516261e-14
38694.3435202 1.01184670691e-14 3.96783844164e-14
38717.5694167 7.86889045317e-15 4.11469981131e-14
38740.7953131 5.54636282627e-15 4.21668227016e-14
38764.0212096 3.37756650745e-15 4.27612950757e-14
38787.2471061 2.29249795425e-15 4.29063621604e-14
38810.4730025 3.56810205801e-15 4.26992719715e-14
38833.698899 5.75192049468e-15 4.20077766337e-14
38856.9247955 8.02809083224e-15 4.09720731331e-14
38880.150692 1.02022090538e-14 3.97040578625e-14
38903.3765884 1.21955927905e-14 3.82762519316e-14
38926.6024849 1.39417199046e-14 3.68483712032e-14
38949.8283814 1.5396874607e-14 3.55612277686e-14
38973.0542778 1.65321906796e-14 3.44850540051e-14
38996.2801743 1.73225349726e-14 3.37903538635e-14
39019.5060708 1.77476918049e-14 3.34854288211e-14
39042.7319673 1.77933740318e-14 3.36872129457e-14
39065.9578637 1.74698517268e-14 3.43242077532e-14
39089.1837602 1.67776117537e-14 3.52291945671e-14
39112.4096567 1.57315137215e-14 3.63741715094e-14
39135.6355531 1.43577615578e-14 3.76196736905e-14
39158.8614496 1.26862171592e-14 3.88386985266e-14
39182.0873461 1.07673566284e-14 3.99256181998e-14
39205.3132425 8.64089051826e-15 4.08027786021e-14
39228.539139 6.38692955763e-15 4.13910758713e-14
39251.7650355 4.14621748054e-15 4.16785378751e-14
39274.990932 2.42361987789e-15 4.16264249581e-14
39298.2168284 2.78230197373e-15 4.12174442734e-14
39321.4427249 4.76787138268e-15 4.04803622341e-14
39344.6686214 7.04329935112e-15 3.94417609037e-14
39367.8945178 9.27609620436e-15 3.81641772727e-14
39391.1204143 1.13603123292e-14 3.67442157534e-14
39414.3463108 1.32319325778e-14 3.52511007395e-14
39437.5722073 1.48387305514e-14 3.37811933725e-14
39460.7981037 1.6142902151e-14 3.24849484394e-14
39484.0240002 1.71161232606e-14 3.14628989234e-14
39507.2498967 1.77409259515e-14 3.08394519743e-14
39530.4757931 1.80010850234e-14 3.06688200936e-14
39553.7016896 1.78858079397e-14 3.09883602689e-14
39576.9275861 1.74079861484e-14 3.17199899993e-14
39600.1534826 1.65758039591e-14 3.27886606219e-14
39623.379379 1.54042421554e-14 3.40745477649e-14
39646.6052755 1.39217409102e-14 3.54525555936e-14
39669.831172 1.21700048938e-14 3.68252219789e-14
39693.0570684 1.01928451717e-14 3.80701011158e-14
39716.2829649 8.03786501877e-15 3.91239706059e-14
39739.5088614 5.79269917265e-15 3.99253974934e-14
39762.7347578 3.64009568025e-15 4.04208867282e-14
39785.9606543 2.29590703962e-15 4.06026025666e-14
39809.1865508 3.18574907598e-15 4.04708254653e-14
39832.4124473 5.23807648487e-15 4.00499135105e-14
39855.6383437 7.45229814541e-15 3.936661757e-14
39878.8642402 9.59075259491e-15 3.84799891101e-14
39902.0901367 1.15605206885e-14 3.74363857691e-14
39925.3160331 1.33095298698e-14 3.63563801844e-14
39948.5419296 1.47862032171e-14 3.53109673526e-14
39971.7678261 1.59536417708e-14 3.43943564252e-14
39994.9937226 1.67924615265e-14 3.37115737129e-14
40018.219619 1.72818942203e-14 3.33173095896e-14
40041.4455155 1.74072593699e-14 3.32678514235e-14
40064.671412 1.71677512081e-14 3.35552343451e-14
40087.8973084 1.65705977259e-14 3.41545878e-14
40111.1232049 1.56319492684e-14 3.49935882264e-14
40134.3491014 1.43662154575e-14 3.59815521237e-14
40157.5749978 1.28001209788e-14 3.70382778778e-14
40180.8008943 1.09813948348e-14 3.80574920528e-14
40204.0267908 8.95046429112e-15 3.89561970645e-14
40227.2526873 6.77059296431e-15 3.96721455089e-14
40250.4785837 4.55878579359e-15 4.01471572126e-14
40273.7044802 2.66170862808e-15 4.03451544954e-14
40296.9303767 2.421772793e-15 4.02413833189e-14
40320.1562731 4.15983408789e-15 3.98382592278e-14
40343.3821696 6.36473536246e-15 3.9145429085e-14
40366.6080661 8.57316507216e-15 3.8197430555e-14
40389.8339626 1.06575815431e-14 3.70454787798e-14
40413.059859 1.25448883425e-14 3.57572143588e-14
40436.2857555 1.41890633871e-14 3.44238883962e-14
40459.511652 1.55427684557e-14 3.31460219033e-14
40482.7375484 1.65771405181e-14 3.2033336739e-14
40505.9634449 1.72753823635e-14 3.11975208714e-14
40529.1893414 1.76153578558e-14 3.07207809303e-14
40552.4152378 1.75872651965e-14 3.06602556184e-14
40575.6411343 1.7195891173e-14 3.1030838121e-14
40598.8670308 1.64505307859e-14 3.17884249195e-14
40622.0929273 1.53689297546e-14 3.28463241872e-14
40645.3188237 1.39676497501e-14 3.41058522297e-14
40668.5447202 1.22875943496e-14 3.54518641898e-14
40691.7706167 1.03723805426e-14 3.67684485339e-14
40714.9965131 8.26660738123e-15 3.79603962773e-14
40738.2224096 6.04586774474e-15 3.89477212879e-14
40761.4483061 3.86346895745e-15 3.96693160763e-14
40784.6742026 2.27356789575e-15 4.00812298162e-14
40807.900099 2.83206218168e-15 4.01569691799e-14
40831.1259955 4.81597743713e-15 3.98987249574e-14
40854.351892 7.02423913735e-15 3.93263544346e-14
40877.5777884 9.17502500439e-15 3.84684008943e-14
40900.8036849 1.1165955271e-14 3.73919413692e-14
40924.0295814 1.29416056726e-14 3.61685423563e-14
40947.2554779 1.44539965412e-14 3.49028982975e-14
40970.4813743 1.56607251081e-14 3.37063275518e-14
40993.7072708 1.65431635504e-14 3.27040229523e-14
41016.9331673 1.70826123735e-14 3.200911687e-14
41040.1590637 1.72606732767e-14 3.17091793365e-14
41063.3849602 1.70752313532e-14 3.18445506099e-14
41086.6108567 1.6535136017e-14 3.24075922633e-14
41109.8367531 1.56535951409e-14 3.33309170668e-14
41133.0626496 1.44470649634e-14 3.45084965665e-14
41156.2885461 1.29413873889e-14 3.58196061149e-14
41179.5144426 1.11817593276e-14 3.71411380371e-14
41202.740339 9.20835618264e-15 3.83512675096e-14
41225.9662355 7.07861921502e-15 3.9363014082e-14
41249.192132 4.89336228852e-15 4.00977221776e-14
41272.4180284 2.92340369515e-15 4.05000573683e-14
41295.6439249 2.26505089963e-15 4.05360350868e-14
41318.8698214 3.7406256412e-15 4.02046138693e-14
41342.0957179 5.86820684341e-15 3.95178739225e-14
41365.3216143 8.04360036331e-15 3.85113503607e-14
41388.5475108 1.01117985034e-14 3.72494581394e-14
41411.7734073 1.19984717616e-14 3.58178519801e-14
41434.9993037 1.36554509107e-14 3.43284659091e-14
41458.2252002 1.50344071375e-14 3.29088037835e-14
41481.4510967 1.61057677189e-14 3.16934234172e-14
41504.6769931 1.68499082237e-14 3.08184947318e-14
41527.9028896 1.7247519864e-14 3.03813981833e-14
41551.1287861 1.72890244317e-14 3.0433495886e-14
41574.3546826 1.6969091163e-14 3.09584083272e-14
41597.580579 1.63040501592e-14 3.18872173613e-14
41620.8064755 1.53045178219e-14 3.30963755728e-14
41644.032372 1.3990573126e-14 3.44557162789e-14
41667.2582684 1.2392273199e-14 3.58377818421e-14
41690.4841649 1.0550944265e-14 3.71233369763e-14
41713.7100614 8.51854284339e-15 3.82195434217e-14
41736.9359579 6.35351712066e-15 3.90518517596e-14
41760.1618543 4.1877040642e-15 3.95716671259e-14
41783.3877508 2.45442691353e-15 3.97567692865e-14
41806.6136473 2.58539272315e-15 3.95980958759e-14
41829.8395437 4.41731325076e-15 3.91236153996e-14
41853.0654402 6.59222892444e-15 3.83676190601e-14
41876.2913367 8.74216374482e-15 3.73851366184e-14
41899.5172332 1.07563797579e-14 3.6247320455e-14
41922.7431296 1.25695270719e-14 3.5046144218e-14
41945.9690261 1.4135014275e-14 3.38783493376e-14
41969.1949226 1.5404569142e-14 3.28510856696e-14
41992.420819 1.63588756648e-14 3.20588937414e-14
42015.6467155 1.69762101778e-14 3.15856855023e-14
42038.872612 1.72418930993e-14 3.14751199301e-14
42062.0985084 1.71399664029e-14 3.17297268299e-14
42085.3244049 1.66823088617e-14 3.23227631184e-14
42108.5503014 1.58812692176e-14 3.31833685434e-14
42131.7761979 1.47480266333e-14 3.42226334239e-14
42155.0020943 1.33090097678e-14 3.53454931589e-14
42178.2279908 1.15988468877e-14 3.64596484119e-14
42201.4538873 9.6626048257e-15 3.74848051557e-14
42224.6797837 7.5567945767e-15 3.83514644231e-14
42247.9056802 5.3592169454e-15 3.90077474685e-14
42271.1315767 3.26719211204e-15 3.94173900648e-14
