# 1:freq 2:Re 3:Im
23.2258964707 4.6799886812e-08 4.46574077272e-08
46.4517929414 3.83550632889e-08 3.2494509881e-08
69.6776894121 3.93094403283e-08 3.43473264794e-08
92.9035858828 3.97358774541e-08 3.50634567767e-08
116.129482354 4.1117052408e-08 4.08177897339e-08
139.355378824 3.99439793978e-08 4.39730040487e-08
162.581275295 3.99531653003e-08 4.55998433913e-08
185.807171766 4.19099288357e-08 5.31025553003e-08
209.033068236 4.12933220062e-08 6.26119177281e-08
232.258964707 4.18860158201e-08 6.64291173155e-08
255.484861178 3.96643051754e-08 6.91562699863e-08
278.710757648 4.38277920409e-08 8.14509422447e-08
301.936654119 3.55924732591e-08 7.53952973258e-08
325.16255059 4.94806753607e-08 7.97420514612e-08
348.388447061 4.48279862625e-08 8.16226737119e-08
371.614343531 4.62102770456e-08 7.58707531258e-08
394.840240002 6.18183317171e-08 7.32671823681e-08
418.066136473 6.81218672662e-08 8.52329577618e-08
441.292032943 5.88894044042e-08 1.15116691245e-07
464.517929414 8.38045019088e-08 1.44028494712e-07
487.743825885 8.14198705016e-08 2.02724174395e-07
510.969722355 6.00728720532e-08 3.04200096449e-07
534.195618826 8.32678041231e-08 3.64970829778e-07
557.421515297 6.19758333533e-08 3.89982411132e-07
580.647411768 3.42863827835e-08 5.43605312996e-07
603.873308238 2.86832767436e-08 7.38234126682e-07
627.099204709 2.98856938959e-08 1.01162983259e-06
650.32510118 1.20422398217e-07 1.33314892437e-06
673.55099765 2.36006132182e-07 1.71004832217e-06
696.776894121 3.17543403155e-07 2.11760457761e-06
720.002790592 3.97430283753e-07 2.64100065073e-06
743.228687063 4.72034511777e-07 3.20964284597e-06
766.454583533 4.87666293836e-07 3.68193455881e-06
789.680480004 3.85930334943e-07 4.06639097634e-06
812.906376475 2.80415847264e-07 4.11090027618e-06
836.132272945 5.11701811427e-07 3.3430732552e-06
859.358169416 4.46511253647e-07 2.7400733437e-06
882.584065887 4.50028767445e-07 2.14952167163e-06
905.809962357 2.99393784082e-07 2.1327716818e-06
929.035858828 2.98093222171e-07 2.55315710227e-06
952.261755299 2.79742160918e-07 2.6143962555e-06
975.48765177 3.50732910224e-07 2.28236947301e-06
998.71354824 4.39506659705e-07 2.19603124371e-06
1021.93944471 2.43950828101e-07 2.48652055068e-06
1045.16534118 1.60183268895e-07 2.34568838928e-06
1068.39123765 9.22845461953e-07 1.49986341807e-06
1091.61713412 8.73935041181e-07 1.34585018169e-06
1114.84303059 6.65075446904e-07 2.55820673472e-06
1138.06892706 8.73794694845e-07 2.66364705078e-06
1161.29482354 6.34412612176e-07 9.9758051987e-07
1184.52072001 5.69007194305e-06 6.05557596667e-06
1207.74661648 6.53709299804e-06 6.87595170814e-06
1230.97251295 6.88681224638e-07 2.40762661452e-06
1254.19840942 5.46677090879e-07 1.91316132393e-06
1277.42430589 8.76002765733e-07 2.04886200933e-06
1300.65020236 3.4271557163e-07 1.46422784041e-06
1323.87609883 5.42807306595e-07 1.59990342077e-06
1347.1019953 4.49629338802e-07 1.34669164577e-06
1370.32789177 9.30234141755e-08 1.09020888926e-06
1393.55378824 2.38696758973e-07 8.71488963674e-07
1416.77968471 1.26643798526e-07 9.8673641953e-07
1440.00558118 2.05781395414e-07 1.23876026973e-06
1463.23147765 1.81310568668e-07 1.28978730173e-06
1486.45737413 2.8840762928e-07 9.13892780954e-07
1509.6832706 3.68211644402e-07 7.91569901817e-07
1532.90916707 1.6411368502e-07 1.04959700935e-06
1556.13506354 2.22949924154e-07 1.03155537725e-06
1579.36096001 3.06549964966e-07 9.93438836474e-07
1602.58685648 1.50205289322e-07 1.07628284315e-06
1625.81275295 9.9379530525e-08 1.1941119099e-06
1649.03864942 1.70181642334e-07 1.27070502085e-06
1672.26454589 7.55712151709e-08 1.31052446854e-06
1695.49044236 2.31318465348e-07 1.5139522888e-06
1718.71633883 2.49643838578e-07 1.45594444793e-06
1741.9422353 2.34986731899e-07 1.4260964667e-06
1765.16813177 3.89610551503e-07 1.50996390023e-06
1788.39402824 5.01669711659e-07 1.41221771872e-06
1811.61992471 4.15761199087e-07 1.3453151329e-06
1834.84582119 4.89391876493e-07 1.18622455262e-06
1858.07171766 4.74388429895e-07 1.11069766115e-06
1881.29761413 4.22575231617e-07 1.07315136589e-06
1904.5235106 2.81494883803e-07 1.07358658897e-06
1927.74940707 3.1549155681e-07 7.19745019477e-07
1950.97530354 2.80464715529e-07 7.03985130803e-07
1974.20120001 1.79390722853e-07 6.01834431302e-07
1997.42709648 1.14434090037e-07 5.80646677628e-07
2020.65299295 2.11944210862e-07 5.85081561642e-07
2043.87888942 2.01964326964e-07 3.33666607972e-07
2067.10478589 2.35802957223e-07 6.57198198945e-07
2090.33068236 1.73057866209e-07 7.67977822946e-07
2113.55657883 2.12909553143e-07 6.91273980951e-07
2136.7824753 1.74904234312e-07 8.05438854704e-07
2160.00837178 2.1592569159e-07 4.80913388906e-07
2183.23426825 2.23838599407e-07 4.65509093239e-07
2206.46016472 2.6334833483e-07 2.39736562214e-07
2229.68606119 1.43405900667e-07 5.80098827246e-07
2252.91195766 1.06006670183e-07 5.91972783308e-07
2276.13785413 1.80147951106e-07 3.26482708135e-07
2299.3637506 1.26643854366e-07 6.70794440468e-07
2322.58964707 2.54191171645e-07 1.66932674682e-06
2345.81554354 5.78707920086e-07 3.04870391945e-06
2369.04144001 4.69357423183e-07 2.1131080499e-06
2392.26733648 2.44589702322e-07 1.96558660837e-06
2415.49323295 2.00078836753e-07 1.79544086616e-06
2438.71912942 2.52764923491e-07 2.01196594015e-06
2461.94502589 4.48520182833e-07 1.31969272378e-06
2485.17092237 4.61956247265e-07 1.50767660031e-06
2508.39681884 5.26965268251e-07 1.21536127911e-06
2531.62271531 5.67208006833e-07 7.89091200678e-07
2554.84861178 5.38604462195e-07 8.32155245936e-07
2578.07450825 6.50599164339e-07 5.68092461857e-07
2601.30040472 6.94941098646e-07 4.06363397241e-07
2624.52630119 7.22386688515e-07 2.80629606288e-07
2647.75219766 7.19723084026e-07 3.50477976743e-07
2670.97809413 6.49301067115e-07 4.8556039096e-07
2694.2039906 6.34587881859e-07 5.90188872453e-07
2717.42988707 3.74011571959e-07 3.53610647926e-07
2740.65578354 3.19965509678e-07 5.13316727595e-07
2763.88168001 3.64250476679e-07 5.28338114659e-07
2787.10757648 3.34915108314e-07 5.49382217603e-07
2810.33347296 4.35116454792e-07 5.64411223366e-07
2833.55936943 3.75049081007e-07 3.51925036113e-07
2856.7852659 3.73550384802e-07 2.65889285817e-07
2880.01116237 2.9241316123e-07 1.51497696807e-07
2903.23705884 2.83497229776e-07 5.68531668584e-08
2926.46295531 1.54165324655e-07 1.46137337784e-07
2949.68885178 1.27187854303e-07 2.06484246811e-07
2972.91474825 6.75347138903e-08 2.00217641563e-07
2996.14064472 1.72890080388e-07 1.6348908452e-07
3019.36654119 1.34646867211e-07 8.48669639919e-08
3042.59243766 8.87470046716e-08 1.23070761528e-07
3065.81833413 1.46191865149e-07 3.75297534697e-08
3089.0442306 6.86817292835e-08 1.97209426752e-07
3112.27012707 8.59086857484e-08 1.37751775068e-07
3135.49602355 1.21668713012e-07 1.92486650084e-07
3158.72192002 1.57643768794e-07 1.90254976467e-07
3181.94781649 2.319422473e-07 2.00372459227e-07
3205.17371296 2.78852682152e-07 2.26333755422e-07
3228.39960943 2.14545374686e-07 2.27631093896e-07
3251.6255059 1.56392386583e-07 1.65482469735e-07
3274.85140237 3.77262393544e-07 3.33632060007e-07
3298.07729884 4.54545184306e-07 2.400485474e-07
3321.30319531 3.07135244122e-07 3.3592389286e-07
3344.52909178 2.14962695477e-07 2.32687162767e-07
3367.75498825 2.57089108811e-07 2.21125381653e-07
3390.98088472 1.86986989856e-07 3.34890235281e-07
3414.20678119 1.92342393381e-07 1.87018659012e-07
3437.43267766 4.53245991671e-08 7.74277748422e-08
3460.65857413 1.73121464892e-07 8.30990506084e-08
3483.88447061 5.01864156638e-08 4.78472102348e-07
3507.11036708 4.26479103139e-07 3.29895737537e-07
3530.33626355 1.28473613443e-07 2.41376446493e-07
3553.56216002 2.00336030109e-07 2.55036496946e-07
3576.78805649 1.77477342176e-07 2.71386978493e-07
3600.01395296 2.48785785122e-07 2.55523761501e-07
3623.23984943 2.21465238721e-07 1.98611010118e-07
3646.4657459 2.36465279369e-07 2.1976805411e-07
3669.69164237 1.97614819594e-07 2.5438832018e-07
3692.91753884 1.29238574848e-07 3.18301628187e-07
3716.14343531 2.50281373633e-07 2.63543236739e-07
3739.36933178 2.25227345173e-07 2.20732202808e-07
3762.59522825 2.24131665567e-07 2.40172765021e-07
3785.82112472 1.98189447194e-07 2.48297800222e-07
3809.0470212 2.18589660321e-07 2.40710050897e-07
3832.27291767 2.3785278569e-07 2.49221788046e-07
3855.49881414 1.9229270992e-07 2.06256667408e-07
3878.72471061 1.67562998128e-07 2.13250282533e-07
3901.95060708 1.93672923117e-07 2.20717934221e-07
3925.17650355 2.12410493557e-07 1.99429258347e-07
3948.40240002 1.94116484774e-07 1.97415298888e-07
3971.62829649 1.81669183427e-07 2.33847093461e-07
3994.85419296 1.8013191315e-07 2.36730242344e-07
4018.08008943 2.1292123243e-07 1.99692269396e-07
4041.3059859 1.9459111853e-07 1.86702574593e-07
4064.53188237 1.52260249285e-07 1.75358304984e-07
4087.75777884 1.20867341482e-07 1.26232405941e-07
4110.98367531 1.19648090691e-07 8.62937328317e-08
4134.20957179 1.35057179369e-07 6.133417526e-08
4157.43546826 9.62278288333e-08 4.57820415846e-08
4180.66136473 5.90885320313e-08 6.49025307225e-09
4203.8872612 6.4991415778e-08 1.24103552527e-08
4227.11315767 7.04531543294e-08 2.44749736322e-08
4250.33905414 1.01242552656e-07 4.11957418657e-08
4273.56495061 7.93510707534e-08 6.82979640111e-08
4296.79084708 4.33729350681e-08 6.26400661022e-08
4320.01674355 4.37436675291e-08 4.54303741083e-08
4343.24264002 6.34998274348e-08 4.95106664643e-08
4366.46853649 5.86714505819e-08 6.52541009203e-08
4389.69443296 1.69003702629e-08 6.80384219667e-08
4412.92032943 3.57243899305e-08 7.83060621945e-08
4436.1462259 2.6324072525e-08 8.90079993803e-08
4459.37212238 6.0711505987e-08 8.7320200895e-08
4482.59801885 8.19362960779e-08 9.36789620839e-08
4505.82391532 6.14130390755e-08 1.02137608681e-07
4529.04981179 2.64754128066e-08 1.15193684076e-07
4552.27570826 3.40980318226e-08 1.38521772931e-07
4575.50160473 6.46495898421e-08 1.25694195075e-07
4598.7275012 8.02642633084e-08 5.09274892081e-08
4621.95339767 3.84897539632e-08 2.87824483081e-08
4645.17929414 1.78938646104e-08 6.69846111034e-08
4668.40519061 4.10208082288e-08 6.37000102506e-08
4691.63108708 8.04626290914e-08 2.39403871156e-08
4714.85698355 4.65946390523e-08 1.09346451885e-07
4738.08288002 5.83673519805e-08 1.11455117928e-07
4761.30877649 4.12308461996e-08 5.94501868249e-08
4784.53467297 5.25543543779e-08 9.51048149773e-08
4807.76056944 9.74549682112e-08 1.16332259706e-07
4830.98646591 1.12631975829e-07 1.10423151331e-07
4854.21236238 9.95316054373e-08 1.04359181153e-07
4877.43825885 8.98287659614e-08 8.92685824373e-08
4900.66415532 1.09739300049e-07 9.32971320592e-08
4923.89005179 1.45335290403e-07 1.03608808691e-07
4947.11594826 1.36504668219e-07 9.86625181546e-08
4970.34184473 1.00883585123e-07 9.47751096099e-08
4993.5677412 8.5953303426e-08 9.43907145161e-08
5016.79363767 1.06896912848e-07 9.75124734008e-08
5040.01953414 1.22009119038e-07 1.07693905284e-07
5063.24543061 1.06859209672e-07 1.10252840758e-07
5086.47132708 7.71416783302e-08 9.81483604493e-08
5109.69722355 8.77465991458e-08 9.99769108362e-08
5132.92312003 8.75178388111e-08 1.04606663478e-07
5156.1490165 7.93553995406e-08 9.49075223319e-08
5179.37491297 6.49250603808e-08 8.93860350951e-08
5202.60080944 5.21570972348e-08 9.15062721162e-08
5225.82670591 6.52542838888e-08 7.15075181636e-08
5249.05260238 8.01157306612e-08 6.27772931848e-08
5272.27849885 6.94149875033e-08 5.04917144366e-08
5295.50439532 4.6667559583e-08 4.25906940187e-08
5318.73029179 4.15196131625e-08 4.71955428724e-08
5341.95618826 6.90046791941e-08 4.40398201361e-08
5365.18208473 7.64118406505e-08 4.27547635107e-08
5388.4079812 9.671221369e-08 6.03824938242e-08
5411.63387767 8.03583407468e-08 5.52159856487e-08
5434.85977414 7.90879946891e-08 5.09832230189e-08
5458.08567062 9.26455158124e-08 4.84840804833e-08
5481.31156709 8.64598545421e-08 5.11613779668e-08
5504.53746356 1.1185650374e-07 8.51634266107e-08
5527.76336003 1.01220485991e-07 9.65315699177e-08
5550.9892565 1.10153817898e-07 9.95354067171e-08
5574.21515297 1.10739680299e-07 8.43949242348e-08
5597.44104944 6.19450112773e-08 3.3964597127e-08
5620.66694591 5.09789337495e-08 4.50788346758e-08
5643.89284238 6.66369166238e-08 7.74955306001e-08
5667.11873885 9.24677039273e-08 8.8129518381e-08
5690.34463532 9.07224580443e-08 7.16446533077e-08
5713.57053179 6.00454538135e-08 5.42729846611e-08
5736.79642826 2.41859716075e-08 5.30869920007e-08
5760.02232473 3.92375922365e-08 6.1696122226e-08
5783.24822121 7.25087152605e-08 7.16860755489e-08
5806.47411768 1.08560997852e-07 9.47840895386e-08
5829.70001415 6.14833430047e-08 7.36996747253e-08
5852.92591062 1.04915884189e-08 1.43048120792e-08
5876.15180709 4.89209541814e-08 5.01335121056e-08
5899.37770356 1.57494710732e-08 2.59665997471e-08
5922.60360003 6.6093986523e-08 2.44485796598e-08
5945.8294965 8.2610534663e-08 4.48037828533e-08
5969.05539297 6.87428938218e-08 6.24055548553e-08
5992.28128944 3.54542113248e-08 2.96691794089e-08
6015.50718591 5.02825231359e-08 4.2136696441e-08
6038.73308238 3.92617488878e-08 3.12204444429e-08
6061.95897885 3.53552763627e-09 3.16445372209e-08
6085.18487532 3.24853599914e-08 5.09156371543e-08
6108.4107718 2.06714176747e-08 4.48019421201e-08
6131.63666827 2.48181225398e-08 4.5419567125e-08
6154.86256474 3.22644202397e-08 2.59901737798e-08
6178.08846121 3.31607516686e-08 2.74752970252e-08
6201.31435768 3.57172649804e-08 3.01774407326e-08
6224.54025415 2.67500962571e-08 3.75959000805e-08
6247.76615062 3.69547719524e-08 3.4870692829e-08
6270.99204709 4.01668227576e-08 3.39575237307e-08
6294.21794356 3.31268786174e-08 4.51070875317e-08
6317.44384003 3.25175377074e-08 5.05798965046e-08
6340.6697365 3.60013441237e-08 3.11399102727e-08
6363.89563297 2.39241422192e-08 2.83875846869e-08
6387.12152944 3.62159746599e-08 3.09204159305e-08
6410.34742591 2.47283630099e-08 3.49207702221e-08
6433.57332239 1.91224037169e-08 4.45835004589e-08
6456.79921886 1.15223090991e-08 3.9183708734e-08
6480.02511533 1.5218004359e-08 5.16531897134e-08
6503.2510118 3.5525438691e-08 5.71598966606e-08
6526.47690827 4.24738465499e-08 6.07232721249e-08
6549.70280474 2.94563053991e-08 5.93506135443e-08
6572.92870121 3.33017095359e-08 7.12897912041e-08
6596.15459768 3.91048711983e-08 6.86213825715e-08
6619.38049415 5.22521826996e-08 7.70219925123e-08
6642.60639062 6.4444010322e-08 7.63779787099e-08
6665.83228709 4.63129455798e-08 6.49594283938e-08
6689.05818356 4.90390211646e-08 6.51145408554e-08
6712.28408003 6.15101124635e-08 7.31387493223e-08
6735.5099765 7.00947347297e-08 7.47512516477e-08
6758.73587297 6.92327221035e-08 7.62547062057e-08
6781.96176945 5.95435813128e-08 6.44033663223e-08
6805.18766592 6.20036800607e-08 5.39434031076e-08
6828.41356239 6.54024497835e-08 5.34475479557e-08
6851.63945886 6.22277083357e-08 4.75347123733e-08
6874.86535533 4.84421889646e-08 4.08545545912e-08
6898.0912518 4.29633631942e-08 3.55362886706e-08
6921.31714827 3.5649436377e-08 4.22905270075e-08
6944.54304474 4.45844534975e-08 4.29554858788e-08
6967.76894121 4.42684254033e-08 4.57524097022e-08
6990.99483768 3.0029827486e-08 4.62269346883e-08
7014.22073415 2.63837604701e-08 5.32994973741e-08
7037.44663062 3.1024525937e-08 5.83261157086e-08
7060.67252709 3.91735381032e-08 6.41296845388e-08
7083.89842356 3.1212371662e-08 6.08887369616e-08
7107.12432004 3.66194994612e-08 4.90734910384e-08
7130.35021651 2.53797447867e-08 5.82702429245e-08
7153.57611298 3.52014753065e-08 4.8707544763e-08
7176.80200945 3.8071716196e-08 4.9226977572e-08
7200.02790592 4.31300997829e-08 4.49286070586e-08
7223.25380239 2.82328381683e-08 5.94129497641e-08
7246.47969886 3.36684772805e-08 5.85808952149e-08
7269.70559533 5.09400136203e-08 5.23157564086e-08
7292.9314918 5.49512861483e-08 6.94642883608e-08
7316.15738827 5.7577178117e-08 6.38454447096e-08
7339.38328474 5.57710141702e-08 4.97002175087e-08
7362.60918121 4.76808847262e-08 5.07740881482e-08
7385.83507768 5.40179655014e-08 4.46356996692e-08
7409.06097415 5.16937677517e-08 2.84026595276e-08
7432.28687063 4.4393998982e-08 4.09555474183e-08
7455.5127671 4.75556588088e-08 4.0956321204e-08
7478.73866357 4.84976065818e-08 4.32243547076e-08
7501.96456004 4.55176664461e-08 4.50825304986e-08
7525.19045651 4.31395044172e-08 4.71913813523e-08
7548.41635298 3.43682766661e-08 4.99124504e-08
7571.64224945 3.3324913651e-08 4.35799544222e-08
7594.86814592 3.27193079983e-08 4.18288006804e-08
7618.09404239 3.29648752473e-08 4.54484160362e-08
7641.31993886 3.07405571705e-08 4.4040025692e-08
7664.54583533 2.35823546807e-08 4.78868106174e-08
7687.7717318 2.85748066726e-08 4.95039280151e-08
7710.99762827 2.46770206751e-08 4.92661850471e-08
7734.22352474 3.31452344914e-08 4.56823198167e-08
7757.44942122 3.04332970746e-08 4.89179115109e-08
7780.67531769 3.06929485973e-08 4.22893777352e-08
7803.90121416 3.16357726491e-08 4.37868428307e-08
7827.12711063 3.32336892685e-08 4.16440926181e-08
7850.3530071 3.97024764249e-08 4.5415365325e-08
7873.57890357 2.77068965545e-08 4.38258254363e-08
7896.80480004 2.91219402442e-08 4.33936110063e-08
7920.03069651 2.61670375011e-08 4.22104085257e-08
7943.25659298 3.33293232062e-08 4.10848270716e-08
7966.48248945 3.53396329499e-08 5.56120665793e-08
7989.70838592 2.56685599103e-08 4.83909753946e-08
8012.93428239 1.52332451061e-08 4.91760782853e-08
8036.16017886 2.64484732359e-08 3.95377937358e-08
8059.38607533 2.94734020146e-08 5.51791943587e-08
8082.6119718 2.31058196449e-08 5.62637261794e-08
8105.83786828 1.73279714637e-08 4.88779812193e-08
8129.06376475 1.51806713868e-08 3.50725511466e-08
8152.28966122 3.44222453329e-08 5.05308803041e-08
8175.51555769 2.28846865885e-08 3.74839542964e-08
8198.74145416 3.1196668896e-08 3.94383318106e-08
8221.96735063 3.75306556076e-08 6.15288983632e-08
8245.1932471 1.54260442523e-08 3.46546849375e-08
8268.41914357 3.14716728739e-08 5.55209493876e-08
8291.64504004 1.27173614088e-08 2.23845939127e-08
8314.87093651 2.94413209016e-08 4.97849567956e-08
8338.09683298 1.96299022597e-08 3.21484683925e-08
8361.32272945 1.28634906305e-08 5.00950363337e-08
8384.54862592 2.4109535655e-08 3.35608587486e-08
8407.77452239 2.42143840421e-08 4.79355870588e-08
8431.00041887 1.95034804512e-08 3.53825835446e-08
8454.22631534 1.1271887484e-08 4.15398067254e-08
8477.45221181 1.39578789132e-08 3.47512424512e-08
8500.67810828 2.20077345751e-08 2.7516272655e-08
8523.90400475 1.11226191813e-08 2.98975435657e-08
8547.12990122 2.06398418604e-08 3.19539868577e-08
8570.35579769 1.48409400061e-08 1.69539105923e-08
8593.58169416 1.34864084476e-08 2.39890882239e-08
8616.80759063 1.35265786977e-08 1.93371969683e-08
8640.0334871 1.36063923154e-08 1.37437966329e-08
8663.25938357 9.48127254933e-09 1.75226578533e-08
8686.48528004 1.10048830927e-08 1.95252586851e-08
8709.71117651 7.71457888242e-09 1.50901698816e-08
8732.93707298 7.13901606129e-09 1.92740576778e-08
8756.16296946 1.45521417026e-08 1.76091376218e-08
8779.38886593 1.32966183614e-08 1.44811685801e-08
8802.6147624 1.07373024956e-08 2.28952099657e-08
8825.84065887 1.41447312899e-08 1.37111136035e-08
8849.06655534 1.85394838893e-08 1.25609372174e-08
8872.29245181 2.24587129426e-08 1.41227692597e-08
8895.51834828 2.05376889763e-08 1.55807634139e-08
8918.74424475 2.30392774118e-08 1.94251674223e-08
8941.97014122 2.20096236005e-08 1.917615833e-08
8965.19603769 1.85933500959e-08 1.82012796678e-08
8988.42193416 2.38356206932e-08 2.36359098791e-08
9011.64783063 2.08086353361e-08 2.35090103698e-08
9034.8737271 1.97479387293e-08 2.48138720608e-08
9058.09962357 2.22766324975e-08 2.52960591075e-08
9081.32552005 1.85408050782e-08 1.70113839553e-08
9104.55141652 1.90194566216e-08 2.26134196607e-08
9127.77731299 1.74510131943e-08 2.61438454964e-08
9151.00320946 1.63456385569e-08 2.35929985227e-08
9174.22910593 1.54758637867e-08 2.65694776651e-08
9197.4550024 1.48752679013e-08 1.94024176993e-08
9220.68089887 1.5878512669e-08 2.2025943539e-08
9243.90679534 1.39485702886e-08 2.26332046868e-08
9267.13269181 1.26966332659e-08 2.07632923457e-08
9290.35858828 1.29155111152e-08 2.27628165099e-08
9313.58448475 1.23410447093e-08 1.80701185845e-08
9336.81038122 1.15451267733e-08 2.14962025414e-08
9360.03627769 9.32325687437e-09 1.62445665712e-08
9383.26217416 7.05554422407e-09 1.54669271498e-08
9406.48807064 6.63287995718e-09 1.52369713601e-08
9429.71396711 4.25638821243e-09 1.38659911279e-08
9452.93986358 3.1251299889e-09 1.352515286e-08
9476.16576005 4.72861951865e-09 1.42382488893e-08
9499.39165652 2.42714705768e-09 1.27523052043e-08
9522.61755299 4.64441513663e-09 1.61381700584e-08
9545.84344946 3.72867184146e-09 1.72840691356e-08
9569.06934593 4.14044820862e-09 1.63258345719e-08
9592.2952424 2.02078955538e-09 1.69197131198e-08
9615.52113887 5.77240532975e-09 1.60522969085e-08
9638.74703534 4.91079538219e-09 1.38955418476e-08
9661.97293181 2.91685768554e-09 1.47345001297e-08
9685.19882828 6.37015971459e-09 1.25591187083e-08
9708.42472475 3.18937747245e-09 1.6862685962e-08
9731.65062122 3.29378048248e-09 1.44502062153e-08
9754.8765177 4.91798489846e-09 1.26169639303e-08
9778.10241417 3.9197290569e-09 1.23439711108e-08
9801.32831064 5.26918639023e-09 9.25190300903e-09
9824.55420711 6.4201096983e-09 6.2458207379e-09
9847.78010358 5.09254387849e-09 7.03624928305e-09
9871.00600005 6.15918188426e-09 6.25057282621e-09
9894.23189652 3.67793798082e-09 1.94729615423e-09
9917.45779299 3.25589236761e-09 5.03411863603e-09
9940.68368946 1.93935926027e-09 3.36261297213e-09
9963.90958593 1.6833082038e-09 4.08420862768e-09
9987.1354824 2.18617728022e-11 3.65947091825e-09
10010.3613789 2.86459067315e-09 6.40899118059e-09
10033.5872753 2.2666722522e-09 5.05794736745e-09
10056.8131718 4.48222549801e-09 2.58644197546e-09
10080.0390683 5.34018525028e-09 3.28599163366e-09
10103.2649648 4.89665816933e-09 1.701433893e-09
10126.4908612 6.76243244594e-09 1.49097960932e-09
10149.7167577 3.5858700296e-09 2.63608578639e-09
10172.9426542 6.93368323176e-09 2.99145908088e-09
10196.1685506 7.50061979223e-09 9.69394040734e-10
10219.3944471 5.71228679463e-09 4.61553857575e-09
10242.6203436 5.67930156759e-09 6.00341032721e-09
10265.8462401 3.82929742487e-09 6.26746008677e-09
10289.0721365 5.24232025794e-09 7.51064382746e-09
10312.298033 5.77807685069e-09 9.2948763341e-09
10335.5239295 8.34887765118e-09 8.36158509978e-09
10358.7498259 4.92170060442e-09 1.1185495957e-08
10381.9757224 4.68363213615e-09 1.03008150642e-08
10405.2016189 3.15721329093e-09 1.51067606801e-08
10428.4275153 3.33476604522e-09 1.29559776403e-08
10451.6534118 6.49461141892e-09 8.76276991762e-09
10474.8793083 5.22228360464e-09 6.83046615933e-09
10498.1052048 3.81295890537e-09 9.16312979828e-09
10521.3311012 3.22809176564e-09 1.02269254142e-08
10544.5569977 1.1474934612e-09 6.80555449241e-09
10567.7828942 1.24253315132e-09 5.45337473446e-09
10591.0087906 3.61927036948e-09 9.17223888245e-09
10614.2346871 2.66199570649e-09 5.07307126677e-09
10637.4605836 2.8934795193e-09 7.65915144066e-09
10660.6864801 2.6936239113e-09 7.2215452633e-09
10683.9123765 1.88339581319e-09 5.75707913974e-09
10707.138273 5.07108337919e-09 8.21957530869e-09
10730.3641695 4.81174101804e-09 7.08018019688e-09
10753.5900659 4.49736232682e-09 7.09820676876e-09
10776.8159624 1.82228832991e-09 3.73340609767e-09
10800.0418589 4.64496617912e-09 7.61800420412e-09
10823.2677553 3.493347505e-09 8.35818090884e-09
10846.4936518 1.13827413986e-09 7.88797843117e-09
10869.7195483 2.67234728888e-09 7.09663488729e-09
10892.9454448 4.06056836407e-09 5.79802890986e-09
10916.1713412 6.16290834472e-09 7.09429914834e-09
10939.3972377 3.36776156504e-09 6.78409840836e-09
10962.6231342 4.93071462319e-09 5.48506261441e-09
10985.8490306 3.65814244583e-09 6.03449801734e-09
11009.0749271 3.05285216916e-09 6.17240618563e-09
11032.3008236 3.53154820298e-09 5.85313943456e-09
11055.5267201 5.22383491136e-09 5.97377171074e-09
11078.7526165 2.37938221115e-09 6.90099166677e-09
11101.978513 3.36069762811e-09 4.71609521597e-09
11125.2044095 5.63343426334e-09 5.5808710908e-09
11148.4303059 2.15857797935e-09 4.89154259426e-09
11171.6562024 5.62981779352e-09 4.61874465083e-09
11194.8820989 2.01364429299e-09 3.61228402827e-09
11218.1079954 3.40019067512e-09 5.7057680949e-09
11241.3338918 2.33021260586e-09 3.97460447337e-09
11264.5597883 3.47309345807e-09 2.21186498001e-09
11287.7856848 1.58290941444e-09 3.47775640569e-09
11311.0115812 4.694328646e-10 3.53577681658e-09
11334.2374777 1.83559784908e-09 6.56110677787e-09
11357.4633742 2.42797732433e-09 6.84619557351e-09
11380.6892706 2.51372365971e-09 7.82377394079e-09
11403.9151671 2.99244323975e-09 7.26176527685e-09
11427.1410636 1.67995383555e-09 5.60735722776e-09
11450.3669601 2.94964646659e-10 5.56427212096e-09
11473.5928565 3.50143173065e-09 6.07769806181e-09
11496.818753 1.63884278384e-09 8.36239402258e-09
11520.0446495 2.37222331587e-09 4.44878897747e-09
11543.2705459 1.17841533299e-09 6.41062286707e-09
11566.4964424 6.25207326086e-10 5.31988366095e-09
11589.7223389 5.64413003362e-10 5.82843048549e-09
11612.9482354 1.54485987007e-09 8.49474614657e-09
11636.1741318 2.21645032964e-09 7.89946196084e-09
11659.4000283 1.78198941066e-09 5.41162029125e-09
11682.6259248 2.49692588487e-10 3.856819412e-09
11705.8518212 1.54436838358e-09 6.40871404183e-09
11729.0777177 1.36380528773e-09 4.54253463741e-09
11752.3036142 1.05631866652e-09 2.81731544891e-09
11775.5295106 2.35191302971e-09 5.00165900888e-09
11798.7554071 3.66501251844e-09 5.93098942192e-09
11821.9813036 1.7149946244e-09 4.30308139554e-09
11845.2072001 7.35898328753e-10 4.19119671204e-09
11868.4330965 2.17224616705e-09 6.80963336594e-09
11891.658993 1.4827485592e-09 6.72384786149e-09
11914.8848895 5.94794633209e-10 3.74235929032e-09
11938.1107859 2.66478616152e-09 6.04849629117e-09
11961.3366824 3.95634131591e-09 6.10990666598e-09
11984.5625789 2.05139244516e-09 5.00341862574e-09
12007.7884754 3.25617825137e-09 6.31263911041e-09
12031.0143718 4.46648697962e-09 6.27740042865e-09
12054.2402683 3.54766788859e-09 5.36149035582e-09
12077.4661648 2.06711138332e-09 3.5870702017e-09
12100.6920612 3.22450366014e-09 5.62613146029e-09
12123.9179577 2.36134374741e-09 4.0502437323e-09
12147.1438542 1.657669926e-09 3.50752591677e-09
12170.3697506 3.1916244205e-09 3.80965633643e-09
12193.5956471 3.43637182956e-09 3.90160345526e-09
12216.8215436 4.08157036048e-09 3.78991462734e-09
12240.0474401 2.08020387642e-09 2.52009213074e-09
12263.2733365 4.92575158549e-09 3.85562015444e-09
12286.499233 4.57080420955e-09 3.0895676402e-09
12309.7251295 4.0452392012e-09 1.07155420106e-09
12332.9510259 2.52585806486e-09 3.34727083294e-10
12356.1769224 4.01327026825e-09 3.17529702302e-09
12379.4028189 3.46608695523e-09 1.05085755144e-09
12402.6287154 1.82907626499e-09 2.29480898329e-09
12425.8546118 2.61373794071e-09 3.56935827569e-09
12449.0805083 4.03179540327e-09 3.91488678499e-09
12472.3064048 4.49241148348e-09 1.54203327445e-09
12495.5323012 3.35743234191e-09 2.00374404661e-10
12518.7581977 2.92731745727e-10 3.06902405055e-09
12541.9840942 1.42974881189e-09 2.46827162721e-09
12565.2099907 1.91791272913e-09 3.94250218732e-09
12588.4358871 4.3684778716e-09 4.66081439993e-09
12611.6617836 3.45945237969e-09 1.25952349202e-09
12634.8876801 7.05250248312e-10 1.14840801471e-09
12658.1135765 2.68117314761e-09 2.88527784116e-09
12681.339473 2.82059969883e-09 6.7270905704e-10
12704.5653695 2.72728801849e-09 6.73680980538e-10
12727.7912659 2.82002932046e-09 1.54857535059e-09
12751.0171624 2.91076318395e-09 7.4296049216e-10
12774.2430589 2.13725911659e-09 2.60668582099e-10
12797.4689554 1.87020804277e-09 8.01253686609e-10
12820.6948518 2.78263850861e-09 1.29052372418e-09
12843.9207483 4.28336128574e-09 9.44154608135e-10
12867.1466448 3.31617847472e-09 2.71318210229e-09
12890.3725412 1.69577243494e-09 2.25408947651e-09
12913.5984377 1.95603429947e-09 2.68292558429e-09
12936.8243342 3.70234254663e-09 1.02781959612e-09
12960.0502307 1.3458977062e-09 2.54857520413e-09
12983.2761271 8.8594644259e-10 4.23659227943e-09
13006.5020236 4.09870425158e-09 2.43245985994e-09
13029.7279201 1.84351318395e-09 1.98741730122e-09
13052.9538165 3.02730233229e-09 1.55900559576e-09
13076.179713 2.40730435058e-09 1.2888662802e-09
13099.4056095 3.37850100174e-09 7.68936004534e-10
13122.6315059 1.34805914879e-09 2.62928567478e-09
13145.8574024 2.07391208012e-09 7.34754117289e-10
13169.0832989 1.4534623048e-09 9.20803572671e-10
13192.3091954 1.7977038611e-09 1.56995531954e-09
13215.5350918 2.88890408864e-09 1.40924825117e-09
13238.7609883 1.25801875511e-09 1.44208958569e-09
13261.9868848 1.5326443807e-09 9.74698760888e-10
13285.2127812 2.206443104e-09 8.28996682989e-10
13308.4386777 5.77040765485e-10 1.29218181742e-09
13331.6645742 1.79895962749e-09 1.63407307164e-09
13354.8904707 1.30217558325e-09 5.80574950802e-10
13378.1163671 6.14499516754e-10 1.4067408127e-09
13401.3422636 2.10635768606e-09 2.14798566357e-09
13424.5681601 8.28441138417e-10 2.08535936445e-09
13447.7940565 1.02497605314e-09 1.52025927317e-09
13471.019953 6.35888542536e-10 2.1049846298e-09
13494.2458495 1.71588031851e-09 1.89065004329e-09
13517.4717459 2.00985264036e-09 5.79729948869e-10
13540.6976424 1.16425578666e-09 1.90944291699e-10
13563.9235389 1.49262634585e-09 1.39843246438e-09
13587.1494354 3.1511687427e-09 7.96064623264e-10
13610.3753318 2.87579804655e-09 6.90299391903e-10
13633.6012283 2.7065167974e-09 1.07515477151e-09
13656.8271248 1.45742512479e-09 7.2841673017e-10
13680.0530212 2.49876612163e-09 8.48186148106e-10
13703.2789177 1.96258703152e-09 1.167922247e-09
13726.5048142 2.11780475603e-09 1.77614365915e-09
13749.7307107 1.49477336398e-09 1.76852355625e-09
13772.9566071 1.17992823585e-09 2.32232630203e-09
13796.1825036 1.48593725319e-09 1.43321630185e-09
13819.4084001 4.87812378912e-10 1.22556764898e-09
13842.6342965 1.67703603567e-09 2.23294751791e-09
13865.860193 1.84756728556e-09 1.61885154745e-09
13889.0860895 1.40184327981e-09 1.32840917281e-09
13912.311986 1.43682581983e-09 1.77459220864e-09
13935.5378824 1.35332929122e-09 1.3808875088e-09
13958.7637789 4.47376147645e-10 8.248506278e-10
13981.9896754 1.30004620965e-09 1.58914482812e-09
14005.2155718 1.51364028989e-09 1.3853053628e-09
14028.4414683 6.41918071814e-10 5.08106846224e-10
14051.6673648 1.70637701698e-09 2.12346025236e-09
14074.8932612 7.36432769125e-10 1.50386935595e-09
14098.1191577 2.10483696386e-09 2.32846070843e-10
14121.3450542 1.64088102414e-09 1.23519707968e-09
14144.5709507 1.57278157725e-10 1.36717266405e-09
14167.7968471 9.47157613978e-10 1.37943928092e-09
14191.0227436 1.45840007764e-09 1.95968897779e-09
14214.2486401 6.33781594564e-10 9.02322978564e-10
14237.4745365 8.70998871679e-10 1.36125446164e-09
14260.700433 1.27025156182e-09 3.33247396236e-09
14283.9263295 6.78897904989e-10 1.67564068712e-09
14307.152226 1.1284314033e-09 1.58643596837e-09
14330.3781224 1.77887211555e-09 2.03657389537e-09
14353.6040189 1.33146998844e-09 1.46315384134e-09
14376.8299154 1.48802320819e-09 5.82798559963e-10
14400.0558118 1.65797535385e-09 9.11205779196e-10
14423.2817083 1.65314904369e-09 1.5856133641e-09
14446.5076048 1.02255071507e-09 1.48693742233e-09
14469.7335012 1.60884861595e-09 1.21965813304e-09
14492.9593977 3.64853303468e-10 2.18131225776e-09
14516.1852942 2.71760704015e-10 2.01375573972e-09
14539.4111907 1.52726680013e-09 2.19343028098e-09
14562.6370871 4.6035271382e-10 1.21817759861e-09
14585.8629836 9.16423480762e-10 9.10637413725e-10
14609.0888801 2.93045929858e-09 2.40451554599e-09
14632.3147765 6.99484756405e-10 8.54471546829e-10
14655.540673 1.52307764321e-09 7.48007163726e-10
14678.7665695 8.06744074124e-10 9.86713327243e-10
14701.992466 6.02390345611e-10 1.06823116736e-09
14725.2183624 1.54822493956e-09 5.11591290426e-10
14748.4442589 1.58049181427e-09 9.40333383677e-10
14771.6701554 6.16756187941e-10 6.95987897486e-10
14794.8960518 1.80119602466e-09 3.53228228786e-10
14818.1219483 5.87731583159e-10 6.48624679261e-10
14841.3478448 7.66318543098e-10 7.2227163382e-10
14864.5737413 3.52020336407e-10 5.69113505222e-10
14887.7996377 1.06404869423e-10 9.98987028347e-10
14911.0255342 7.83893249854e-10 1.40136174258e-09
14934.2514307 5.16876231816e-10 3.43308583871e-10
14957.4773271 1.25201194693e-09 2.54825378744e-10
14980.7032236 2.37091189756e-10 1.01332248614e-09
15003.9291201 1.09641635815e-09 2.22453913887e-09
15027.1550165 1.40522918385e-09 2.44007681699e-09
15050.380913 9.31542073336e-11 8.90843948364e-11
15073.6068095 2.32116989597e-09 1.20949793658e-09
15096.832706 1.77334304924e-09 1.13698120742e-09
15120.0586024 5.2804932619e-10 7.59590391929e-10
15143.2844989 3.42514814845e-10 5.57599023948e-10
15166.5103954 8.20112427343e-10 7.73454868172e-10
15189.7362918 3.80709019265e-11 1.24250716159e-09
15212.9621883 1.06268354221e-09 1.72158197597e-09
15236.1880848 1.4143050054e-09 1.1290342439e-09
15259.4139813 1.41595546465e-09 1.81651326998e-09
15282.6398777 9.61921772796e-10 1.99275181469e-09
15305.8657742 1.34006693398e-09 1.08635193846e-09
15329.0916707 1.39883926265e-09 1.9945176332e-09
15352.3175671 2.65524861505e-09 2.64835965209e-09
15375.5434636 2.02894319201e-09 1.86888489105e-09
15398.7693601 2.44336368423e-09 1.7888870586e-09
15421.9952565 2.37228605482e-09 1.9372550932e-09
15445.221153 1.65945503576e-09 1.84819178691e-09
15468.4470495 2.2008715776e-09 1.37971392499e-09
15491.672946 9.60901685773e-10 5.32023155399e-10
15514.8988424 1.20040285813e-09 1.01103322051e-09
15538.1247389 8.39117672952e-10 1.13710821751e-09
15561.3506354 8.06245712921e-10 1.10184565635e-09
15584.5765318 1.17545632567e-09 1.38915488324e-09
15607.8024283 4.17006445829e-10 4.17972209033e-10
15631.0283248 1.20610017718e-09 1.91771019836e-09
15654.2542213 1.4879585648e-09 9.84532787431e-10
15677.4801177 2.01207668644e-09 1.17156534752e-09
15700.7060142 1.97661160554e-09 9.92010287234e-10
15723.9319107 1.36560102197e-10 4.91623050304e-10
15747.1578071 7.12539080944e-10 9.61285696187e-10
15770.3837036 6.53736222028e-10 7.03646044187e-10
15793.6096001 4.75633269756e-10 5.76540440854e-10
15816.8354965 6.99284091583e-10 1.11204689292e-09
15840.061393 1.40907103996e-09 3.049909661e-10
15863.2872895 1.37153163357e-10 8.48680395259e-10
15886.513186 1.26424800484e-09 1.31575919829e-09
15909.7390824 5.38910407134e-10 3.72572880412e-10
15932.9649789 8.06100024245e-10 1.08039762099e-09
15956.1908754 1.09664475548e-09 1.10194849358e-09
15979.4167718 9.32878913446e-10 4.04146731111e-10
16002.6426683 3.61245229152e-10 1.40865843742e-09
16025.8685648 7.77898109282e-10 3.2989011325e-11
16049.0944613 2.08332197927e-10 8.38275369021e-10
16072.3203577 3.01114494198e-10 8.31171479434e-10
16095.5462542 4.62013767683e-10 6.31432693862e-10
16118.7721507 1.73081758869e-10 1.09532965293e-09
16141.9980471 3.36287041178e-10 5.27510533629e-10
16165.2239436 2.52129033898e-10 7.21905866307e-10
16188.4498401 1.74603513337e-10 2.90025523362e-10
16211.6757366 6.78215847142e-10 5.63165577e-10
16234.901633 4.16214325417e-10 8.73012728626e-10
16258.1275295 7.79795438869e-10 5.6399003363e-10
16281.353426 3.74455143764e-10 6.34994863973e-10
16304.5793224 4.19387889174e-10 7.70564357479e-10
16327.8052189 9.41077073019e-10 6.60344967515e-10
16351.0311154 2.03656212374e-10 3.57038427092e-10
16374.2570118 5.06822279038e-10 1.17907082735e-09
16397.4829083 1.07309755186e-09 6.01668838901e-11
16420.7088048 6.03746563423e-10 3.42389384439e-10
16443.9347013 9.04445143628e-10 8.11303698492e-10
16467.1605977 3.25786675502e-10 6.30497115256e-10
16490.3864942 4.21835002466e-10 3.19441931892e-10
16513.6123907 5.32338025587e-10 8.26941830645e-10
16536.8382871 1.95641810867e-10 1.54690465258e-10
16560.0641836 5.40851085043e-10 2.61726645108e-10
16583.2900801 6.14771415025e-10 6.91238396174e-10
16606.5159766 5.52804257026e-10 8.68217305845e-10
16629.741873 4.26544949327e-10 8.06278722908e-10
16652.9677695 3.02818695982e-10 5.4528292799e-10
16676.193666 4.28834570992e-10 1.46360517945e-09
16699.4195624 6.9595201285e-10 3.23615195744e-10
16722.6454589 2.82165636095e-10 6.60991637746e-10
16745.8713554 5.07127215872e-10 3.4867846245e-10
16769.0972518 6.54894344866e-10 3.40012952738e-10
16792.3231483 6.90971201548e-10 7.25616429508e-11
16815.5490448 5.08654271667e-10 5.5037141089e-10
16838.7749413 5.47285266148e-10 8.71128288311e-10
16862.0008377 3.00229491204e-10 3.74318268745e-10
16885.2267342 8.76175115205e-11 8.44919718859e-10
16908.4526307 6.14035925162e-10 6.45153021032e-10
16931.6785271 3.58719622692e-10 5.09797969175e-10
16954.9044236 5.77734896444e-10 3.77499972369e-10
16978.1303201 7.43441454489e-10 5.28338571218e-10
17001.3562166 7.51803603032e-10 1.12909190185e-09
17024.582113 8.12837470136e-10 6.04128137688e-10
17047.8080095 4.34162040385e-10 6.94203115961e-10
17071.033906 8.51438318948e-10 7.21914251219e-10
17094.2598024 1.99486066942e-10 1.46868456199e-09
17117.4856989 2.83377641122e-10 5.67106572268e-10
17140.7115954 1.1390802717e-09 1.90888996665e-09
17163.9374919 2.38557128561e-09 1.18076151424e-09
17187.1633883 1.50715851468e-09 1.89813690662e-09
17210.3892848 6.33124362466e-10 4.02814142597e-10
17233.6151813 1.12761245353e-09 1.95614687014e-09
17256.8410777 1.26665920093e-09 1.13462256021e-09
17280.0669742 1.0948582278e-09 8.369870399e-10
17303.2928707 7.13198852971e-10 2.52915298243e-10
17326.5187671 8.12433570404e-10 5.21159999762e-10
17349.7446636 8.77548340769e-10 8.20989925401e-10
17372.9705601 8.26449394485e-10 8.78434190197e-10
17396.1964566 1.34138754684e-10 4.00412874172e-10
17419.422353 1.46029387938e-09 1.57300157755e-09
17442.6482495 1.72729261239e-09 1.57161674484e-09
17465.874146 7.4982460114e-10 6.76165093511e-10
17489.1000424 2.03059799836e-10 6.63884417323e-10
17512.3259389 6.07130260091e-10 6.5350615621e-10
17535.5518354 6.29425513523e-10 1.2956016466e-09
17558.7777319 8.36281059663e-10 7.40227050426e-10
17582.0036283 8.24789164034e-10 4.55729258017e-10
17605.2295248 3.80927535665e-10 9.95237107053e-10
17628.4554213 4.44951893141e-10 7.87876267798e-10
17651.6813177 1.99251878297e-11 2.21677725969e-10
17674.9072142 7.44286570873e-10 8.202280471e-10
17698.1331107 6.40109114905e-10 9.08440420554e-10
17721.3590071 1.46695185249e-09 1.48351072337e-09
17744.5849036 1.29864433534e-09 1.34761481001e-09
17767.8108001 1.4016865237e-09 1.54364180299e-09
17791.0366966 1.61659827627e-09 1.50198637524e-09
17814.262593 1.15594966874e-09 1.26835451134e-09
17837.4884895 1.4381258967e-09 1.2950016071e-09
17860.714386 9.75140677105e-10 1.43265427422e-09
17883.9402824 1.95056014247e-10 2.83304384747e-10
17907.1661789 1.57079129102e-10 5.47438109281e-10
17930.3920754 5.9697456928e-10 7.77635424946e-10
17953.6179719 9.13685611133e-10 4.13857997475e-10
17976.8438683 6.43891004051e-10 1.02852929954e-09
18000.0697648 6.40756350151e-10 6.78057231632e-10
18023.2956613 2.55813992139e-10 2.35457894984e-10
18046.5215577 2.18548102279e-10 3.0923723679e-10
18069.7474542 6.89805432479e-10 8.57905155056e-10
18092.9733507 5.66126586202e-10 3.4624939919e-10
18116.1992471 2.90039133139e-10 2.52634912758e-10
18139.4251436 1.50006329226e-10 4.28298504015e-10
18162.6510401 1.47794432939e-10 1.79634734825e-10
18185.8769366 3.0217220798e-10 4.28692293896e-10
18209.102833 3.24851338357e-10 1.66418735687e-10
18232.3287295 1.22102429105e-10 3.13632147182e-10
18255.554626 4.2831095271e-10 2.49977824341e-10
18278.7805224 2.26176608822e-10 2.43021973114e-10
18302.0064189 1.18552676674e-10 2.21112579957e-10
18325.2323154 4.81520933052e-10 1.61883010555e-10
18348.4582119 7.85055436226e-10 4.6537934524e-10
18371.6841083 1.39580050648e-10 7.41018089999e-11
18394.9100048 8.08974587104e-10 8.27282235317e-10
18418.1359013 3.55724135564e-10 2.16325517976e-10
18441.3617977 2.85498874012e-10 8.04798707024e-10
18464.5876942 6.23759612397e-11 2.43541156002e-10
18487.8135907 6.39253675074e-11 4.10048979471e-10
18511.0394872 4.89633998354e-10 5.41312146497e-10
18534.2653836 8.48105087567e-10 5.26877173877e-10
18557.4912801 2.31887426765e-10 4.28234027534e-10
18580.7171766 3.48854802631e-10 2.91721291789e-10
18603.943073 4.32257529687e-10 1.5786114315e-10
18627.1689695 6.03132826731e-10 1.5672032894e-10
18650.394866 5.39508151625e-10 4.12886547175e-10
18673.6207624 4.29300669397e-10 2.38507654763e-10
18696.8466589 3.96194464626e-10 1.91999357779e-10
18720.0725554 1.89656183641e-10 5.61798483759e-10
18743.2984519 2.79542512463e-10 3.23167934881e-10
18766.5243483 7.28863156278e-10 3.70609036638e-10
18789.7502448 3.85671989496e-10 3.92964003328e-10
18812.9761413 4.25508380217e-10 1.07336214065e-10
18836.2020377 4.08733352132e-10 3.68824126773e-10
18859.4279342 1.4481345513e-10 2.07725805822e-10
18882.6538307 2.16295553465e-10 1.54963284907e-10
18905.8797272 3.12817775317e-10 2.30786257006e-10
18929.1056236 3.4754011401e-10 3.07970103492e-10
18952.3315201 1.78073429117e-10 5.25110283004e-10
18975.5574166 4.66905775275e-10 3.80161011837e-10
18998.783313 5.28172577803e-10 2.60634656217e-10
19022.0092095 2.17810824143e-10 2.25759255863e-10
19045.235106 2.19669588692e-10 5.58856009673e-11
19068.4610024 1.32845130501e-10 2.33086691315e-10
19091.6868989 3.31202549759e-10 3.02799712588e-10
19114.9127954 2.34468721894e-10 3.15202603483e-10
19138.1386919 1.39868469023e-10 1.66412079145e-10
19161.3645883 3.79078400716e-10 2.32220097317e-10
19184.5904848 1.82761762609e-10 2.11926338846e-10
19207.8163813 1.46591538177e-10 2.90619817201e-10
19231.0422777 3.61944541435e-10 1.03930526891e-10
19254.2681742 8.85934407771e-11 1.04173138282e-10
19277.4940707 1.30672495002e-10 1.76733835704e-10
19300.7199672 9.19011909806e-11 2.49589024434e-10
19323.9458636 1.98945929172e-11 1.10390641906e-10
19347.1717601 1.11314046666e-10 1.73370184231e-10
19370.3976566 1.10105703719e-10 3.7183824857e-10
19393.623553 2.34915562694e-10 2.82015008644e-10
19416.8494495 1.84593570706e-10 2.9712762687e-10
19440.075346 1.81731870956e-10 8.73792951029e-11
19463.3012424 1.44612952524e-10 1.25843978313e-10
19486.5271389 3.5175918709e-10 2.72027291271e-10
19509.7530354 5.01878902634e-10 3.46481476538e-10
19532.9789319 6.57339288332e-11 3.21644107375e-10
19556.2048283 1.46706215842e-10 2.35661780264e-10
19579.4307248 1.9566948143e-10 2.49622107163e-10
19602.6566213 2.32940487913e-10 4.31917046548e-11
19625.8825177 1.51081512899e-10 1.14090708774e-11
19649.1084142 2.42297500148e-10 1.45988821677e-10
19672.3343107 1.20234310921e-10 1.1653379523e-10
19695.5602072 1.70180533813e-10 5.54287441828e-11
19718.7861036 1.1940925703e-10 2.20570184124e-10
19742.0120001 1.05148677523e-10 1.39973181314e-10
19765.2378966 1.12876991609e-10 7.97584373307e-11
19788.463793 1.97685737491e-10 1.94036934291e-10
19811.6896895 2.17685216331e-10 2.08818769977e-10
19834.915586 1.39472333025e-10 1.19371579812e-10
19858.1414825 1.31065225684e-10 1.20511064486e-10
19881.3673789 1.09907043747e-10 1.9261249896e-10
19904.5932754 1.81980031861e-10 1.66446962407e-10
19927.8191719 1.45354271489e-10 9.61973315995e-11
19951.0450683 5.11664834297e-11 1.45254212456e-10
19974.2709648 1.48827004591e-10 6.26039656351e-11
19997.4968613 1.6131120855e-10 1.75792050478e-10
20020.7227577 6.92614996004e-11 1.40697650658e-10
20043.9486542 1.19828895687e-10 5.63664251639e-11
20067.1745507 2.17124437897e-10 2.05622254436e-10
20090.4004472 8.57951515021e-11 1.2205424271e-10
20113.6263436 1.53734545294e-10 1.18268501609e-10
20136.8522401 1.49995636805e-10 6.94737594962e-11
20160.0781366 1.68734641914e-10 1.44046395994e-10
20183.304033 1.59268741909e-10 1.02831091121e-10
20206.5299295 1.00480734437e-10 1.23128382901e-10
20229.755826 1.28555432288e-10 1.09463097185e-10
20252.9817225 5.80971373574e-11 6.11373946434e-11
20276.2076189 1.97443381849e-11 5.98163931773e-11
20299.4335154 3.45424857687e-11 4.49965650206e-11
20322.6594119 1.75476671366e-11 5.26046780364e-11
20345.8853083 8.57634806778e-11 9.51019568318e-11
20369.1112048 3.54613450951e-11 4.53193162e-11
20392.3371013 2.4402276395e-11 2.10244255227e-11
20415.5629977 7.48951389497e-11 6.367053672e-11
20438.7888942 7.71983201456e-11 5.70958458216e-11
20462.0147907 4.2771059554e-11 6.84160277317e-11
20485.2406872 5.26028096976e-11 3.38208060494e-11
20508.4665836 2.02874411015e-11 1.1514112578e-10
20531.6924801 1.12397661187e-11 9.7679419388e-11
20554.9183766 2.82518659382e-11 1.03109258865e-10
20578.144273 9.19900854022e-11 3.43278087231e-11
20601.3701695 4.79749599391e-11 3.41102076344e-11
20624.596066 4.04298588502e-11 9.52082203102e-11
20647.8219625 9.44657575694e-11 4.46680515868e-11
20671.0478589 1.04570187849e-10 5.05233987268e-11
20694.2737554 4.40746688624e-11 3.75325196918e-11
20717.4996519 3.89100069217e-11 3.06207909115e-11
20740.7255483 2.25011409871e-11 3.81749755175e-11
20763.9514448 5.26081722719e-11 3.23837847374e-11
20787.1773413 6.23897062231e-11 1.29372238592e-11
20810.4032378 5.37131940276e-11 2.89962825987e-11
20833.6291342 2.14975903664e-11 3.6606903418e-11
20856.8550307 4.98778685766e-11 2.7938470224e-11
20880.0809272 5.33176083229e-11 1.41991793333e-11
20903.3068236 4.89748635813e-11 1.60078064136e-11
20926.5327201 4.11283327853e-11 2.49331332714e-11
20949.7586166 4.18627370612e-11 3.45041803306e-11
20972.984513 4.46707129495e-11 1.96314638652e-11
20996.2104095 1.71911470455e-11 4.22940402876e-11
21019.436306 2.56892827781e-11 2.42897181249e-11
21042.6622025 4.35754661378e-11 6.6248455165e-11
21065.8880989 5.78381686471e-11 4.68557949898e-11
21089.1139954 1.17132318017e-11 1.54007150935e-11
21112.3398919 2.88720454785e-11 1.09996677913e-11
21135.5657883 6.23953548247e-11 3.44327450161e-12
21158.7916848 3.85177376843e-11 1.91111055508e-11
21182.0175813 9.26825435512e-12 3.92540787186e-11
21205.2434778 4.01115647201e-11 4.28351482669e-11
21228.4693742 2.59004362323e-12 3.59021654183e-11
21251.6952707 2.73127935578e-11 5.97779942533e-12
21274.9211672 4.33717065681e-11 4.18908470169e-11
21298.1470636 2.4077267916e-11 5.22566105303e-12
21321.3729601 1.53850143105e-11 2.14463137328e-11
21344.5988566 2.27514158823e-11 1.4654802008e-11
21367.824753 1.80843779515e-11 8.72676698644e-12
21391.0506495 2.14643863307e-11 1.13656114988e-11
21414.276546 1.90435053481e-11 3.187118423e-11
21437.5024425 3.05709352594e-11 8.06294106458e-12
21460.7283389 2.45537272717e-11 1.89230591456e-11
21483.9542354 1.90283032104e-11 2.13208937193e-11
21507.1801319 1.8090413289e-11 4.90801808921e-12
21530.4060283 2.19699910236e-11 3.41442365998e-11
21553.6319248 2.35469702726e-11 9.07120498286e-12
21576.8578213 4.97522754714e-11 5.85218649708e-11
21600.0837178 3.51437438051e-11 2.60812004649e-11
21623.3096142 3.09937586378e-11 3.4382944088e-11
21646.5355107 3.32822780027e-11 7.49092941492e-11
21669.7614072 2.12786483166e-11 4.43334128423e-11
21692.9873036 4.26126700551e-11 3.24913792551e-11
21716.2132001 3.37170910902e-11 5.4865213979e-11
21739.4390966 7.30595100093e-12 6.14850119562e-11
21762.664993 3.00417721969e-11 3.73829511618e-11
21785.8908895 5.06552291259e-11 4.36419772888e-11
21809.116786 6.21556024504e-11 3.52655154341e-11
21832.3426825 3.07048175733e-11 2.94950820197e-11
21855.5685789 2.53617319858e-11 4.18348870213e-11
21878.7944754 2.98521549272e-11 3.12482241401e-11
21902.0203719 3.77427379984e-11 3.02909263165e-11
21925.2462683 1.77059452028e-11 1.5847836084e-11
21948.4721648 1.8972887471e-11 1.12242060966e-11
21971.6980613 8.22127172048e-12 1.88918696087e-11
21994.9239578 4.19024070903e-11 2.73422463056e-11
22018.1498542 2.7539487068e-11 2.67128736573e-11
22041.3757507 1.97620116514e-11 1.76633245388e-11
22064.6016472 9.5132833066e-12 1.97785688628e-11
22087.8275436 8.11512361602e-12 1.25064379805e-11
22111.0534401 1.88928126903e-11 6.85168008479e-12
22134.2793366 1.46158478289e-11 1.42352586412e-11
22157.5052331 1.28281576477e-11 1.3085852036e-11
22180.7311295 2.47032865538e-11 1.82551765284e-11
22203.957026 3.26194107451e-11 1.81925863867e-11
22227.1829225 2.01232371086e-11 2.12066644503e-12
22250.4088189 1.27424484209e-11 1.77115120979e-11
22273.6347154 1.00181420674e-11 2.96467256103e-12
22296.8606119 2.25366649951e-11 1.08598071083e-11
22320.0865083 6.47083251185e-12 1.62041999679e-11
22343.3124048 2.23310055447e-11 2.24869721778e-11
22366.5383013 1.28523658303e-12 6.61320785009e-12
22389.7641978 1.08217057235e-11 2.22652745059e-11
22412.9900942 2.61643273106e-11 7.0415097977e-12
22436.2159907 2.66215418091e-11 9.75652669372e-12
22459.4418872 4.64110469979e-11 9.37851372855e-12
22482.6677836 1.11585172753e-11 1.53632278685e-11
22505.8936801 2.67104665479e-11 3.5313873023e-11
22529.1195766 9.96683463966e-12 2.8961292171e-11
22552.3454731 1.12132388594e-11 3.41973905483e-11
22575.5713695 2.18149009519e-11 2.10864380502e-11
22598.797266 4.71494941882e-12 8.78400424093e-12
22622.0231625 1.53307356362e-11 1.75511866548e-11
22645.2490589 2.08082481274e-12 8.3062629313e-12
22668.4749554 8.1577817423e-12 1.46823810801e-11
22691.7008519 1.21981394147e-11 1.22616678192e-11
22714.9267483 2.74535730963e-11 1.20952185996e-11
22738.1526448 1.39124729111e-11 8.48998525298e-12
22761.3785413 2.63044239591e-11 1.44837634503e-11
22784.6044378 6.04540042311e-12 1.06577539074e-11
22807.8303342 4.26908935157e-12 1.94807741399e-11
22831.0562307 8.3073663432e-12 6.05423899083e-12
22854.2821272 8.03217758923e-12 6.97703772006e-12
22877.5080236 2.71640912766e-12 9.32929650578e-12
22900.7339201 1.19102088071e-11 1.07453818147e-12
22923.9598166 6.35374175486e-12 3.11486137666e-12
22947.1857131 5.52571572346e-12 8.11607950376e-12
22970.4116095 1.69819579e-12 6.55670376372e-12
22993.637506 1.05039394948e-12 4.04434817056e-12
23016.8634025 9.28032885458e-12 4.07406989568e-12
23040.0892989 8.2429695038e-12 9.14152898542e-12
23063.3151954 6.22795698425e-12 5.41642537197e-12
23086.5410919 3.30894603778e-12 9.75587973049e-12
23109.7669884 2.41738068826e-12 8.73050450844e-12
23132.9928848 2.19726949283e-12 8.07213633854e-12
23156.2187813 5.42967935271e-12 8.95627715604e-12
23179.4446778 1.50384147609e-12 1.97397515423e-12
23202.6705742 7.00110689344e-12 2.80155964579e-12
23225.8964707 3.66893003324e-12 4.74379448011e-12
23249.1223672 6.76401463659e-12 7.35616183095e-12
23272.3482636 6.76208213172e-12 7.76687150992e-13
23295.5741601 4.97353113181e-12 7.070115586e-12
23318.8000566 7.97474767833e-12 6.83195654117e-13
23342.0259531 5.18623034947e-12 3.88749602598e-12
23365.2518495 3.34432265983e-12 2.90993904932e-12
23388.477746 2.80225899262e-12 4.09803826975e-12
23411.7036425 5.43183770428e-12 2.56720240462e-12
23434.9295389 2.25886051537e-12 2.61339978332e-12
23458.1554354 7.12974284488e-12 2.64438206896e-12
23481.3813319 1.49081863311e-12 4.35061688275e-12
23504.6072284 4.30175709603e-12 6.10343942307e-12
23527.8331248 7.35928631062e-12 2.93039580254e-12
23551.0590213 3.12099757522e-12 7.85285292412e-12
23574.2849178 3.97572088001e-12 3.0029933336e-12
23597.5108142 5.98120381785e-12 5.0460142344e-12
23620.7367107 6.0903937841e-12 6.65244757713e-12
23643.9626072 3.44195818405e-12 6.32802183197e-12
23667.1885036 3.38955281493e-12 3.54069236252e-12
23690.4144001 4.10225091193e-12 7.37421809296e-12
23713.6402966 5.17127495647e-12 6.42587598315e-12
23736.8661931 7.33630304827e-12 1.45727269632e-12
23760.0920895 2.2703547943e-12 5.84951535429e-12
23783.317986 1.07841759946e-11 3.00309838032e-12
23806.5438825 3.43689086779e-12 2.22900515994e-12
23829.7697789 7.8525657198e-12 5.07880754947e-12
23852.9956754 2.85083953355e-12 3.66911261582e-12
23876.2215719 2.36602131674e-12 3.1518387659e-12
23899.4474684 3.93366479829e-12 3.76209779548e-12
23922.6733648 6.55894043725e-12 2.32883002061e-12
23945.8992613 1.9613544709e-12 1.37563611283e-12
23969.1251578 5.65462031036e-12 1.75660166935e-12
23992.3510542 4.06782599914e-12 5.61598189605e-12
24015.5769507 3.03659433063e-12 2.84128490448e-12
24038.8028472 2.0128773662e-12 3.81449615352e-12
24062.0287436 5.01210125544e-12 1.99206536303e-12
24085.2546401 2.73002648976e-12 2.49059122366e-12
24108.4805366 5.18187015078e-12 4.84314351443e-12
24131.7064331 5.00077478179e-12 4.47858875196e-12
24154.9323295 2.92007277716e-12 3.28136266331e-12
24178.158226 4.60581724025e-12 2.56037862836e-12
24201.3841225 2.04798508052e-12 1.13302387877e-12
24224.6100189 9.70044564241e-13 1.02105470495e-12
24247.8359154 1.65573392504e-12 2.50853128476e-12
24271.0618119 1.71786515463e-12 1.53989905045e-12
24294.2877084 1.99748413179e-12 1.82263168177e-12
24317.5136048 1.57157718499e-12 2.0789866712e-12
24340.7395013 3.01780236101e-12 2.58699779503e-12
24363.9653978 3.13780924952e-12 2.28236939785e-12
24387.1912942 4.56090466908e-13 3.5686140484e-12
24410.4171907 2.51177496539e-12 4.47528662861e-12
24433.6430872 4.41922887605e-12 4.32136881527e-12
24456.8689837 1.76376429232e-12 7.28112497345e-13
24480.0948801 5.46577032118e-13 3.06156878455e-12
24503.3207766 3.25065448299e-12 4.84570763375e-12
24526.5466731 3.27502166582e-12 2.74337024874e-12
24549.7725695 2.1452888264e-12 2.36911542429e-12
24572.998466 3.3291714328e-12 3.74170239594e-12
24596.2243625 1.86578935876e-12 1.35823191807e-12
24619.4502589 2.6575984366e-12 3.96538671566e-12
24642.6761554 2.01961866597e-12 1.25772756122e-12
24665.9020519 3.86289443753e-12 2.38409187312e-12
24689.1279484 1.81042671865e-12 1.39417725391e-12
24712.3538448 9.12482240588e-13 3.21607722841e-12
24735.5797413 4.69850503419e-13 7.312239755e-13
24758.8056378 3.88591305896e-12 2.61296073964e-12
24782.0315342 9.19732677696e-13 1.6460914918e-12
24805.2574307 1.36224651488e-12 2.18436375016e-12
24828.4833272 1.77389391017e-12 7.07473134922e-13
24851.7092237 6.28287013088e-13 8.70900203892e-13
24874.9351201 2.20944200204e-12 1.23617280973e-12
24898.1610166 1.2657067063e-12 1.24184281124e-12
24921.3869131 2.35336319767e-12 4.99383999034e-13
24944.6128095 1.33841451968e-12 3.30207178367e-12
24967.838706 2.1879136989e-12 7.62908870433e-13
24991.0646025 1.82702534746e-12 2.45836479924e-12
25014.2904989 3.13614721224e-12 5.55846190819e-13
25037.5163954 5.46066831936e-13 1.48674829296e-12
25060.7422919 3.07109945468e-12 2.78739587332e-12
25083.9681884 2.45950853388e-12 1.19354770746e-12
25107.1940848 2.36949339513e-12 3.03566700239e-12
25130.4199813 1.02458017496e-12 6.59547874425e-13
25153.6458778 2.22021101706e-12 1.44616371295e-12
25176.8717742 2.04136822477e-12 1.09301014115e-12
25200.0976707 1.52000208331e-12 2.19511050165e-13
25223.3235672 1.33530270773e-12 8.01644394883e-13
25246.5494637 2.18384527636e-12 1.24021661573e-12
25269.7753601 1.56012539538e-12 6.46300596567e-13
25293.0012566 1.10947504639e-12 1.1550312046e-12
25316.2271531 1.74405977637e-12 5.75734469981e-13
25339.4530495 1.4986196233e-12 9.40245220684e-13
25362.678946 5.90378998491e-13 5.46266518272e-13
25385.9048425 8.85903722414e-13 1.36486781953e-12
25409.130739 7.78266526916e-13 7.19506502395e-13
25432.3566354 6.25452272944e-13 8.54209632302e-13
25455.5825319 8.58587521356e-13 8.30208124454e-13
25478.8084284 6.13175190813e-13 1.95807634909e-12
25502.0343248 6.90559422925e-13 8.27222404237e-13
25525.2602213 7.52204828896e-13 1.55659793004e-12
25548.4861178 2.59122004536e-12 1.71014994361e-12
25571.7120142 3.60352826672e-14 2.5848111741e-12
25594.9379107 4.49065091232e-13 1.67095781554e-12
25618.1638072 1.94337870104e-12 1.19361600944e-12
25641.3897037 9.45648459263e-13 1.83975487066e-12
25664.6156001 1.46811062558e-12 5.65266224235e-13
25687.8414966 2.55881019794e-13 9.23268581773e-13
25711.0673931 1.1813092983e-12 7.6838723111e-13
25734.2932895 1.25165499145e-12 1.31244295494e-12
25757.519186 5.24783282941e-13 5.36532528481e-13
25780.7450825 8.16763400434e-13 8.31205184803e-13
25803.970979 1.7258393207e-12 4.04468217011e-13
25827.1968754 1.28491868196e-12 3.37616116483e-13
25850.4227719 3.34906829063e-13 7.56847232182e-13
25873.6486684 5.37544897263e-13 8.39879017014e-13
25896.8745648 1.03241498765e-12 1.15209718085e-12
25920.1004613 6.23856868693e-13 1.11819264784e-12
25943.3263578 1.6138051069e-12 1.25930026676e-12
25966.5522542 4.38031771074e-13 1.17676733239e-12
25989.7781507 1.11957275463e-12 7.97021704599e-13
26013.0040472 3.65946000518e-13 1.353883491e-12
26036.2299437 7.17559837206e-13 9.19236964937e-13
26059.4558401 9.56330217068e-13 1.33220239824e-12
26082.6817366 8.15886223121e-13 4.63724101912e-13
26105.9076331 1.01563964385e-12 1.41311107533e-12
26129.1335295 8.91380807738e-13 1.59414555836e-12
26152.359426 2.34816198083e-13 1.25609855363e-12
26175.5853225 7.96047919393e-13 1.37815033243e-12
26198.811219 7.03331129949e-13 1.17460436949e-12
26222.0371154 6.59178881757e-13 1.61331579263e-12
26245.2630119 1.17153794097e-12 6.0744202418e-13
26268.4889084 9.20111634084e-13 1.20899218128e-12
26291.7148048 1.18700551142e-12 1.43986064225e-12
26314.9407013 3.24152572175e-13 7.23436490609e-13
26338.1665978 7.9115006293e-13 8.24245741022e-13
26361.3924942 1.25496736703e-12 9.53416156495e-13
26384.6183907 7.33828161804e-13 5.59141665784e-13
26407.8442872 5.11264306397e-13 1.94384403921e-13
26431.0701837 1.17730174904e-12 9.9179908159e-13
26454.2960801 1.06869794684e-12 2.33903019902e-13
26477.5219766 8.70890413372e-13 6.51790072752e-13
26500.7478731 2.38778317251e-13 1.06580174223e-12
26523.9737695 7.25733262002e-13 1.85552900939e-12
26547.199666 7.73774583776e-13 1.15953369488e-12
26570.4255625 7.26602953256e-13 2.7013947592e-13
26593.651459 8.53840192182e-13 7.17553652126e-13
26616.8773554 8.01894597419e-13 1.24886228685e-12
26640.1032519 1.02928199724e-12 1.19778245458e-12
26663.3291484 4.61314955215e-13 3.77684450954e-13
26686.5550448 5.73777165661e-13 9.26196776298e-13
26709.7809413 3.49475257076e-13 2.5527299877e-13
26733.0068378 1.16769373276e-12 7.69200751423e-13
26756.2327343 6.57266971137e-13 1.69204410354e-12
26779.4586307 1.06357668779e-12 7.85536047672e-13
26802.6845272 4.188387618e-13 1.08265187554e-12
26825.9104237 9.0747056075e-13 8.88848665514e-13
26849.1363201 4.85556512914e-13 3.15276878998e-13
26872.3622166 1.00490745075e-12 6.24002119537e-13
26895.5881131 5.98884725668e-13 8.67297787601e-13
26918.8140095 2.37818897204e-13 4.91838617275e-13
26942.039906 9.71287549954e-13 9.02099828173e-13
26965.2658025 1.1405435226e-12 1.85701256998e-13
26988.491699 5.00413719302e-13 8.41006565581e-13
27011.7175954 2.95166763904e-13 1.07025691771e-12
27034.9434919 9.88811696028e-13 6.24267966646e-13
27058.1693884 9.6414046284e-13 2.60075031685e-13
27081.3952848 5.93450674136e-13 8.14821673411e-13
27104.6211813 4.40241263616e-13 1.31347388033e-13
27127.8470778 1.46475747479e-13 7.82862870443e-13
27151.0729743 7.01922578584e-13 7.21161697012e-13
27174.2988707 9.35549905567e-13 3.68859692454e-13
27197.5247672 1.09597663449e-12 4.99100178458e-13
27220.7506637 4.22297657525e-13 7.17716007728e-13
27243.9765601 6.40367903534e-13 1.09638077276e-12
27267.2024566 7.44170781998e-13 1.81142640025e-13
27290.4283531 5.11488858818e-13 9.00214311663e-13
27313.6542495 8.86699971707e-13 5.47574783389e-13
27336.880146 5.27042287268e-13 6.83632556947e-13
27360.1060425 4.18024850371e-13 2.86850123622e-13
27383.331939 1.79064825389e-14 9.98644141283e-13
27406.5578354 2.74680093482e-13 3.1453586754e-13
27429.7837319 7.2242412266e-13 2.66754920992e-13
27453.0096284 5.66489176961e-13 8.45622418332e-13
27476.2355248 1.22438887374e-12 8.34947771136e-13
27499.4614213 6.73400314106e-13 6.00122395193e-13
27522.6873178 1.18813887776e-12 8.67322414128e-13
27545.9132143 1.40266841699e-13 3.56094678117e-13
27569.1391107 5.68439191838e-13 6.61379559636e-13
27592.3650072 6.7866797868e-13 4.9273986375e-13
27615.5909037 4.02633385849e-13 3.94796092155e-13
27638.8168001 4.9026562869e-13 2.7049916844e-13
27662.0426966 7.25710993637e-13 5.39073988654e-13
27685.2685931 6.90866538377e-13 7.42742632533e-13
27708.4944895 5.33656860743e-13 5.83756690887e-13
27731.720386 1.77458863882e-13 1.04897636607e-13
27754.9462825 4.31069772513e-13 7.60286570932e-13
27778.172179 7.23865882187e-13 8.96068141605e-13
27801.3980754 4.81125003281e-13 6.3773636168e-13
27824.6239719 2.79777302008e-13 1.01603548975e-12
27847.8498684 6.79294036703e-13 5.05421901811e-13
27871.0757648 2.62078392625e-13 5.09025002323e-13
27894.3016613 4.47050409265e-13 2.19138931432e-13
27917.5275578 1.58259766391e-13 8.31386591075e-13
27940.7534543 3.77179607222e-13 5.53994446351e-13
27963.9793507 2.73892879955e-13 4.78582225395e-13
27987.2052472 5.03881575331e-13 5.13654603342e-13
28010.4311437 3.56111743732e-13 4.53429064206e-13
28033.6570401 5.61645052422e-13 3.94194308122e-13
28056.8829366 4.09190037995e-13 2.54835599613e-13
28080.1088331 2.38191330023e-13 5.76952682837e-13
28103.3347296 2.62811623987e-13 1.23912546475e-13
28126.560626 3.38072654806e-13 3.19336545091e-13
28149.7865225 5.85302026279e-13 2.93447583619e-13
28173.012419 3.36462745891e-13 6.40351959491e-13
28196.2383154 2.08902178973e-13 1.30808599194e-13
28219.4642119 5.06233026594e-13 3.385096003e-13
28242.6901084 2.95620232355e-13 1.83905882281e-13
28265.9160048 4.04137937728e-13 2.19023917568e-13
28289.1419013 3.63132092316e-13 5.28281554719e-13
28312.3677978 3.34973381019e-13 1.82438755332e-13
28335.5936943 3.35627942315e-13 3.37273841941e-13
28358.8195907 3.85419589928e-13 4.16147090312e-13
28382.0454872 5.2142966114e-13 1.76554451546e-13
28405.2713837 3.48410459e-13 3.38304244281e-13
28428.4972801 3.841880105e-13 2.52038237404e-13
28451.7231766 1.37379006564e-13 5.72450030571e-13
28474.9490731 3.55011495744e-13 2.32699430953e-13
28498.1749696 2.93317548218e-13 3.84858476464e-13
28521.400866 2.69296603432e-13 7.59011885307e-13
28544.6267625 4.67563232366e-13 4.47641592658e-13
28567.852659 3.12043483532e-13 5.57068583259e-13
28591.0785554 1.74754763506e-13 6.6386745486e-13
28614.3044519 2.12615255532e-13 1.671630369e-13
28637.5303484 7.51955527737e-13 2.92323662503e-13
28660.7562448 2.2696592438e-13 2.20120356147e-13
28683.9821413 5.22505609444e-13 1.28343769331e-13
28707.2080378 1.82799660883e-13 3.57018568801e-13
28730.4339343 1.53084215867e-14 3.5239212925e-13
28753.6598307 3.2701006627e-13 1.56440521782e-13
28776.8857272 1.63618413299e-13 4.06717876293e-13
28800.1116237 5.25371991727e-13 8.90971326619e-14
28823.3375201 1.42128421053e-13 1.98206848415e-13
28846.5634166 1.085912074e-13 3.48626969527e-13
28869.7893131 3.25878702505e-13 4.31023576386e-13
28893.0152096 2.61146059371e-13 2.32387156676e-13
28916.241106 1.7324226553e-13 1.38908952457e-13
28939.4670025 3.2397258727e-13 2.573971876e-13
28962.692899 3.50742033029e-13 2.8641837484e-13
28985.9187954 2.25182623862e-13 7.98541503135e-14
29009.1446919 2.95867272981e-13 6.49017065223e-14
29032.3705884 5.12592237003e-14 3.35163361854e-13
29055.5964849 1.65019791647e-13 9.76466497698e-14
29078.8223813 8.92478801975e-14 2.03568140809e-13
29102.0482778 2.00824867038e-13 8.97512326543e-14
29125.2741743 2.16495798681e-13 2.19402938232e-13
29148.5000707 2.38595667474e-13 3.57793815078e-13
29171.7259672 3.56455950681e-13 2.37538376897e-13
29194.9518637 9.71539238125e-14 2.42042157882e-13
29218.1777601 2.22137530514e-13 2.77056536324e-13
29241.4036566 2.5508692429e-13 2.70635702846e-13
29264.6295531 2.28520692827e-13 1.20365691222e-13
29287.8554496 2.91591204824e-13 2.24834892589e-13
29311.081346 2.73564070939e-13 2.71327904767e-13
29334.3072425 7.43714099897e-14 2.28968311067e-13
29357.533139 1.69007713727e-13 1.23143740369e-13
29380.7590354 1.3787120095e-13 1.99475356374e-13
29403.9849319 1.30250571546e-13 1.43127859407e-13
29427.2108284 8.41690009737e-14 4.34480226635e-14
29450.4367249 5.80509357947e-14 1.52757758317e-13
29473.6626213 1.78629864849e-13 2.22884778906e-13
29496.8885178 9.27716989108e-14 1.71086981875e-13
29520.1144143 1.22644633969e-13 1.50804962672e-13
29543.3403107 1.18443141846e-13 1.08022818589e-13
29566.5662072 5.03601839495e-14 2.95703863871e-13
29589.7921037 9.07346104394e-14 1.28143997657e-13
29613.0180001 3.23051401268e-13 2.18730025642e-13
29636.2438966 1.48419057836e-13 2.95732712915e-13
29659.4697931 7.59087010031e-14 2.43921323957e-13
29682.6956896 1.70141011215e-13 2.30282039675e-13
29705.921586 1.65702231939e-13 6.93801757387e-14
29729.1474825 1.11926226928e-13 2.26616055578e-13
29752.373379 1.71823267078e-13 3.40343426246e-13
29775.5992754 7.62115553841e-14 2.21684255056e-13
29798.8251719 1.89412571954e-13 2.788650725e-13
29822.0510684 1.82137509835e-13 2.93191506769e-13
29845.2769649 2.41127786236e-13 1.52346524674e-13
29868.5028613 1.45860574744e-13 1.13529132654e-13
29891.7287578 9.41965476668e-14 1.20638172194e-13
29914.9546543 1.63870405629e-14 1.07779443722e-13
29938.1805507 4.63088553577e-14 8.47249442428e-14
29961.4064472 2.27608003833e-14 1.30198827052e-13
29984.6323437 6.9190448329e-14 5.85661067613e-14
30007.8582401 1.002513539e-13 1.27581124437e-13
30031.0841366 1.34732206723e-13 1.63614987918e-13
30054.3100331 2.47159335559e-14 1.74776180728e-13
30077.5359296 9.713941458e-14 3.07237831951e-13
30100.761826 6.94583369827e-14 1.51192351302e-13
30123.9877225 1.04687037715e-13 2.15262073755e-13
30147.213619 1.6191251026e-14 1.53533942641e-13
30170.4395154 9.54077939072e-14 1.49995623101e-13
30193.6654119 9.62293132806e-14 1.06051180013e-13
30216.8913084 1.16442914577e-13 1.75341551089e-13
30240.1172049 1.00514328158e-13 8.9983751417e-14
30263.3431013 1.28058946829e-13 2.24219800449e-13
30286.5689978 1.2199955737e-13 1.28583070981e-13
30309.7948943 1.08491873128e-13 1.61124480115e-13
30333.0207907 4.10826426166e-14 1.9896605236e-13
30356.2466872 5.16295727836e-14 1.89868075314e-13
30379.4725837 6.82632077955e-14 8.59181710229e-14
30402.6984802 7.40326424329e-14 2.47528080082e-13
30425.9243766 6.69016146662e-14 1.42608475313e-13
30449.1502731 1.3987194841e-14 2.26126406702e-13
30472.3761696 3.92215784398e-14 1.74837792767e-13
30495.602066 9.76681953179e-14 1.62926359671e-13
30518.8279625 5.48035813894e-14 1.42772531746e-13
30542.053859 4.74529599445e-14 1.68463948654e-13
30565.2797554 3.5350517066e-14 1.65269215478e-13
30588.5056519 4.85499573128e-14 1.24578004664e-13
30611.7315484 6.02524941877e-14 1.51751105542e-13
30634.9574449 4.79424475398e-14 9.1050935074e-14
30658.1833413 1.8907692827e-14 1.61100192894e-13
30681.4092378 3.46905236464e-14 1.71194875933e-13
30704.6351343 7.70896837141e-14 1.64393254974e-13
30727.8610307 3.10184113786e-14 1.5136907123e-13
30751.0869272 9.92016032454e-14 1.50412580122e-13
30774.3128237 9.45161808552e-14 2.4163321744e-13
30797.5387202 6.65847072087e-14 1.30289623379e-13
30820.7646166 6.41022673158e-14 1.94735407711e-13
30843.9905131 3.00102890101e-14 1.9459205163e-13
30867.2164096 4.6390799047e-14 1.8090392371e-13
30890.442306 2.9953094882e-14 1.29072902896e-13
30913.6682025 5.25343061798e-14 1.63436822646e-13
30936.894099 3.47033441193e-14 1.91292758854e-13
30960.1199954 3.70639498851e-14 2.38212831953e-13
30983.3458919 2.95078108747e-14 1.97465210213e-13
31006.5717884 4.9049751742e-14 1.87942295963e-13
31029.7976849 7.12354392941e-14 2.36406371953e-13
31053.0235813 5.83279405776e-14 1.67599201274e-13
31076.2494778 6.57222464398e-15 1.67023835952e-13
31099.4753743 5.13086598821e-14 1.23796978617e-13
31122.7012707 4.00246990272e-14 1.52542055905e-13
31145.9271672 4.17429628546e-14 1.21419533346e-13
31169.1530637 1.44460294078e-14 1.36167437725e-13
31192.3789602 4.53718117761e-14 1.26846911758e-13
31215.6048566 1.66920706057e-14 1.87923166688e-13
31238.8307531 1.43814918454e-14 1.63204930625e-13
31262.0566496 2.89844584522e-14 1.58795086248e-13
31285.282546 2.36995696469e-14 1.56371531182e-13
31308.5084425 2.45269790416e-14 9.88083181882e-14
31331.734339 3.57411319492e-14 1.41379447458e-13
31354.9602355 3.65107830237e-14 1.13093295041e-13
31378.1861319 4.73445260119e-14 1.19851226819e-13
31401.4120284 7.64326758229e-14 1.16456231645e-13
31424.6379249 1.75971349978e-14 9.03601409931e-14
31447.8638213 4.52463698724e-14 1.25767427699e-13
31471.0897178 1.07450334112e-14 1.50933039999e-13
31494.3156143 8.91168188199e-15 1.37128310193e-13
31517.5415107 3.92704792997e-14 1.12370806657e-13
31540.7674072 2.54856294724e-14 1.12819800669e-13
31563.9933037 7.44125673405e-14 6.95955992424e-14
31587.2192002 2.19197645897e-14 1.19292378655e-13
31610.4450966 3.73078546437e-14 1.52455628936e-13
31633.6709931 3.96782594417e-15 1.34434029862e-13
31656.8968896 4.97263580972e-14 1.44190566968e-13
31680.122786 1.67260323205e-14 1.43460310695e-13
31703.3486825 4.18248223838e-14 1.20482412444e-13
31726.574579 6.78791829026e-15 1.82893970675e-13
31749.8004755 2.3191705438e-14 1.11976394787e-13
31773.0263719 2.4281605682e-14 1.47973498388e-13
31796.2522684 2.74818468839e-14 1.4517981467e-13
31819.4781649 1.17600367052e-14 1.44194089529e-13
31842.7040613 1.81652973683e-14 1.69040550977e-13
31865.9299578 3.77915645592e-14 1.21202836679e-13
31889.1558543 6.13287714309e-14 1.30801614346e-13
31912.3817507 2.70658515847e-14 1.00220430807e-13
31935.6076472 1.26589482794e-14 1.420442304e-13
31958.8335437 5.88201792889e-15 1.44575385587e-13
31982.0594402 2.88883049785e-14 1.48450612257e-13
32005.2853366 4.95978943415e-14 1.24162152946e-13
32028.5112331 3.18609380186e-14 1.3168069212e-13
32051.7371296 1.8195104354e-14 1.22257714435e-13
32074.963026 1.89200005274e-14 1.39541296166e-13
32098.1889225 9.3476807159e-15 1.33841451882e-13
32121.414819 1.45076741558e-15 1.35318391949e-13
32144.6407155 2.49166308148e-14 1.40041909453e-13
32167.8666119 9.58742711608e-15 1.51565524503e-13
32191.0925084 2.7173594596e-14 1.42429846866e-13
32214.3184049 1.86485303343e-14 1.52594389312e-13
32237.5443013 2.5771920501e-14 1.44076296237e-13
32260.7701978 2.09348431423e-14 1.54269976318e-13
32283.9960943 1.01645842674e-14 1.46027589495e-13
32307.2219907 1.44070394626e-14 1.18094561656e-13
32330.4478872 2.59050493045e-14 1.06431157039e-13
32353.6737837 1.30310122672e-14 1.22515943235e-13
32376.8996802 1.53036567945e-14 1.28797279776e-13
32400.1255766 4.48843184072e-14 1.2625094912e-13
32423.3514731 1.9044385275e-14 1.18498803473e-13
32446.5773696 3.17103090414e-14 1.15888271995e-13
32469.803266 2.00762935417e-15 1.20638659843e-13
32493.0291625 8.69318553909e-15 1.18133749053e-13
32516.255059 1.90355327351e-14 1.22961303753e-13
32539.4809555 2.94999659328e-14 1.35879255002e-13
32562.7068519 9.2247367571e-15 1.20115858401e-13
32585.9327484 2.77231427396e-14 1.21639487764e-13
32609.1586449 1.48738404609e-14 1.09282895683e-13
32632.3845413 2.36688436537e-14 1.20500911401e-13
32655.6104378 8.53401635322e-15 1.26127250196e-13
32678.8363343 1.85728771244e-14 1.38070542591e-13
32702.0622308 1.54726482624e-14 1.26961635618e-13
32725.2881272 1.97150851098e-14 1.30452143976e-13
32748.5140237 5.0310018369e-15 1.24978644514e-13
32771.7399202 2.29991788911e-14 1.31434250763e-13
32794.9658166 9.94068464515e-15 1.17414565212e-13
32818.1917131 1.34803841241e-14 1.46556356682e-13
32841.4176096 2.83577599442e-14 1.19680783852e-13
32864.643506 1.61748071836e-14 1.32494461304e-13
32887.8694025 2.87199199832e-14 1.29840976825e-13
32911.095299 2.70341077124e-14 1.33621429776e-13
32934.3211955 2.41958663978e-14 1.21467863608e-13
32957.5470919 2.11721003879e-14 1.20704243698e-13
32980.7729884 2.59518942872e-14 1.35240478384e-13
33003.9988849 1.54623545988e-14 1.19693949576e-13
33027.2247813 1.08776608598e-14 1.18544333094e-13
33050.4506778 9.67429723902e-15 1.26121871207e-13
33073.6765743 1.5262036974e-14 1.27326991031e-13
33096.9024708 2.44290944079e-14 1.13189399767e-13
33120.1283672 1.22783081477e-14 1.30539656256e-13
33143.3542637 2.64637303682e-14 1.25872284434e-13
33166.5801602 9.21062287913e-15 1.27095644951e-13
33189.8060566 1.94552592469e-14 1.22741170696e-13
33213.0319531 2.48510313426e-14 1.25604773036e-13
33236.2578496 2.38824545426e-14 1.35192694762e-13
33259.483746 1.97098434803e-14 1.25419790546e-13
33282.7096425 1.38923508759e-14 1.2400013754e-13
33305.935539 2.99254354524e-14 1.35303990183e-13
33329.1614355 7.2320547266e-15 1.24705701538e-13
33352.3873319 8.25129509293e-15 1.21126483487e-13
33375.6132284 1.83045147699e-14 1.18012812406e-13
33398.8391249 1.3911280098e-14 1.24456135523e-13
33422.0650213 1.53944550677e-14 1.29339301369e-13
33445.2909178 1.3671420617e-14 1.21334618322e-13
33468.5168143 2.21011129287e-14 1.27963262705e-13
33491.7427108 1.88680615079e-14 1.12117142115e-13
33514.9686072 1.69220312327e-14 1.11475380291e-13
33538.1945037 2.39568339818e-14 1.01944655489e-13
33561.4204002 1.58593140499e-14 1.16128416378e-13
33584.6462966 2.05667179334e-14 1.12605395147e-13
33607.8721931 1.20371367134e-14 1.07422462943e-13
33631.0980896 9.68256790183e-15 1.26296444185e-13
33654.3239861 1.96472508757e-14 1.18826200749e-13
33677.5498825 1.1272316837e-14 1.18089904028e-13
33700.775779 2.05957255091e-14 1.26117481361e-13
33724.0016755 1.55061387563e-14 1.22981147134e-13
33747.2275719 1.88820464824e-14 1.20724138622e-13
33770.4534684 1.80900786849e-14 1.13961582174e-13
33793.6793649 2.22385549719e-14 1.18003199763e-13
33816.9052613 2.10226034227e-14 1.2646481838e-13
33840.1311578 1.82368334004e-14 1.18544335185e-13
33863.3570543 1.13441469677e-14 1.17951833438e-13
33886.5829508 1.73916952844e-14 1.14279328635e-13
33909.8088472 1.44885203881e-14 1.15309567971e-13
33933.0347437 2.19492610177e-14 1.20916637067e-13
33956.2606402 1.52368278362e-14 1.18280403787e-13
33979.4865366 1.43357799298e-14 1.17191231838e-13
34002.7124331 6.7775048458e-15 1.08671074979e-13
34025.9383296 1.38625406989e-14 1.10208587754e-13
34049.1642261 1.93635803733e-14 1.09474209797e-13
34072.3901225 2.06182305076e-14 1.15969536608e-13
34095.616019 1.78200321727e-14 1.11936316337e-13
34118.8419155 1.26844492842e-14 1.13158640836e-13
34142.0678119 2.11735657902e-14 1.1568855776e-13
34165.2937084 2.07743088903e-14 1.18727379749e-13
34188.5196049 1.65461478829e-14 1.19200328604e-13
34211.7455013 1.29520280267e-14 1.1167150326e-13
34234.9713978 1.21656345496e-14 1.1573543638e-13
34258.1972943 2.12905083179e-14 1.21649459764e-13
34281.4231908 1.9231978951e-14 1.22986228836e-13
34304.6490872 1.7645877464e-14 1.21122811046e-13
34327.8749837 9.72643389738e-15 1.18559428838e-13
34351.1008802 1.08647722314e-14 1.05060434415e-13
34374.3267766 1.19671080441e-14 1.10623644466e-13
34397.5526731 1.70186245886e-14 1.1263235826e-13
34420.7785696 1.86272623924e-14 1.17481876951e-13
34444.0044661 1.80343594801e-14 1.11956507284e-13
34467.2303625 1.39436542765e-14 1.09396059385e-13
34490.456259 1.12059364519e-14 1.0848684359e-13
34513.6821555 1.49438710427e-14 1.09301378847e-13
34536.9080519 1.14138693451e-14 1.07324990591e-13
34560.1339484 1.23214065926e-14 1.02981334515e-13
34583.3598449 1.2756047125e-14 1.08852915362e-13
34606.5857413 1.55723086403e-14 1.12846075639e-13
34629.8116378 1.23452984317e-14 1.11874032499e-13
34653.0375343 8.23810916852e-15 1.10459888005e-13
34676.2634308 1.01689048364e-14 1.09227455195e-13
34699.4893272 1.80526149188e-14 1.1633358283e-13
34722.7152237 1.42496382913e-14 1.17353420756e-13
34745.9411202 1.40300693835e-14 1.13492587649e-13
34769.1670166 1.41547863344e-14 1.12430666388e-13
34792.3929131 1.35884790112e-14 1.16235526109e-13
34815.6188096 1.44446451722e-14 1.17898915632e-13
34838.8447061 1.1356330868e-14 1.12428054782e-13
34862.0706025 1.21519257536e-14 1.12982673732e-13
34885.296499 1.49531570101e-14 1.12964023127e-13
34908.5223955 1.31022880294e-14 1.09422376643e-13
34931.7482919 1.23156062992e-14 1.08430885824e-13
34954.9741884 1.29605963734e-14 1.05897773031e-13
34978.2000849 1.4468735367e-14 1.0665417621e-13
35001.4259814 1.57918206298e-14 1.09425114348e-13
35024.6518778 1.47880184369e-14 1.06307303732e-13
35047.8777743 1.33248169687e-14 1.06304569252e-13
35071.1036708 1.45305411614e-14 1.04914935254e-13
35094.3295672 1.48164211564e-14 1.0684027729e-13
35117.5554637 1.34477065013e-14 1.08363039901e-13
35140.7813602 1.38433844736e-14 1.07621042697e-13
35164.0072566 1.3970718339e-14 1.10000233938e-13
35187.2331531 1.21787357444e-14 1.08189881118e-13
35210.4590496 1.21814571552e-14 1.09961666865e-13
35233.6849461 1.2420294617e-14 1.12162884674e-13
35256.9108425 1.33868573991e-14 1.10623354824e-13
35280.136739 1.2151173465e-14 1.10941637855e-13
35303.3626355 1.29077412524e-14 1.1175203553e-13
35326.5885319 1.33977358757e-14 1.1058764476e-13
35349.8144284 1.38993351018e-14 1.08582642389e-13
35373.0403249 1.36448188887e-14 1.08735476028e-13
35396.2662214 1.33005984212e-14 1.08134771063e-13
35419.4921178 1.38120546355e-14 1.05705677195e-13
35442.7180143 1.34537899941e-14 1.04708887404e-13
35465.9439108 1.31449370465e-14 1.04817737813e-13
35489.1698072 1.29449859515e-14 1.0290771894e-13
35512.3957037 1.33075186971e-14 1.01762103139e-13
35535.6216002 1.18724584168e-14 1.03437790407e-13
35558.8474966 1.20036488409e-14 1.02293287185e-13
35582.0733931 1.25515307484e-14 1.03284197781e-13
35605.2992896 1.13823302591e-14 1.03124939469e-13
35628.5251861 1.16065950731e-14 1.05460973506e-13
35651.7510825 1.14383918783e-14 1.0510126109e-13
35674.976979 1.18807294261e-14 1.06456946067e-13
35698.2028755 1.06874192037e-14 1.07081695453e-13
35721.4287719 1.12506689483e-14 1.08477720204e-13
35744.6546684 1.13779773333e-14 1.08046003479e-13
35767.8805649 1.15975065587e-14 1.08321020414e-13
35791.1064614 1.10246098938e-14 1.08058004495e-13
35814.3323578 1.15230465336e-14 1.08379434874e-13
35837.5582543 1.17039815707e-14 1.06085010159e-13
35860.7841508 1.12372056912e-14 1.06796798458e-13
35884.0100472 1.20363986322e-14 1.0623787652e-13
35907.2359437 1.26138006833e-14 1.04716103073e-13
35930.4618402 1.22876943697e-14 1.0267376125e-13
35953.6877366 1.20937734709e-14 1.02715980687e-13
35976.9136331 1.23543130368e-14 1.01182344428e-13
36000.1395296 1.16724352807e-14 9.93331690707e-14
36023.3654261 1.15460463849e-14 9.93814293936e-14
36046.5913225 1.29151151874e-14 9.97045946012e-14
36069.817219 1.23404723807e-14 9.93104334521e-14
36093.0431155 1.22763369776e-14 1.00091912562e-13
36116.2690119 1.20461771005e-14 1.01130111988e-13
36139.4949084 1.2288130644e-14 1.01842715307e-13
36162.7208049 1.14159952051e-14 1.02316030662e-13
36185.9467014 1.25123314387e-14 1.040460583e-13
36209.1725978 1.18667466244e-14 1.03307234175e-13
36232.3984943 1.16049248427e-14 1.05509099633e-13
36255.6243908 1.21620979067e-14 1.05378080751e-13
36278.8502872 1.17178372011e-14 1.05524872407e-13
36302.0761837 1.27038137588e-14 1.05019759867e-13
36325.3020802 1.20660859919e-14 1.05355445155e-13
36348.5279767 1.28076639064e-14 1.04154176883e-13
36371.7538731 1.25878144978e-14 1.04185535213e-13
36394.9797696 1.27763227377e-14 1.0275453527e-13
36418.2056661 1.24739773709e-14 1.01653279186e-13
36441.4315625 1.27434797065e-14 1.00703351343e-13
36464.657459 1.22098183528e-14 9.96189427439e-14
36487.8833555 1.21058115807e-14 9.93433928253e-14
36511.1092519 1.19245485304e-14 9.81152818053e-14
36534.3351484 1.23389804316e-14 9.78586569506e-14
36557.5610449 1.20108419654e-14 9.79888268669e-14
36580.7869414 1.1494668962e-14 9.8450895951e-14
36604.0128378 1.16169130435e-14 9.8835824334e-14
36627.2387343 1.12378215e-14 9.98365700782e-14
36650.4646308 1.09886378752e-14 1.00010013031e-13
36673.6905272 1.10778681141e-14 1.0142115166e-13
36696.9164237 1.02520093351e-14 1.01778987506e-13
36720.1423202 1.01208978353e-14 1.02878698866e-13
36743.3682167 1.04150076582e-14 1.03243567126e-13
36766.5941131 1.01224042192e-14 1.03472826586e-13
36789.8200096 1.03702104902e-14 1.03234190118e-13
36813.0459061 1.02500572541e-14 1.02840004304e-13
36836.2718025 1.01989198358e-14 1.02278269916e-13
36859.497699 1.03796862375e-14 1.01262701891e-13
36882.7235955 1.05299258013e-14 1.00360510308e-13
36905.9494919 1.04811067696e-14 9.92485969317e-14
36929.1753884 1.05127094925e-14 9.81455719734e-14
36952.4012849 1.05599381524e-14 9.70938467668e-14
36975.6271814 1.08844599977e-14 9.60382270661e-14
36998.8530778 1.07240901728e-14 9.53509828124e-14
37022.0789743 1.07064987293e-14 9.4831216584e-14
37045.3048708 1.076931102e-14 9.48730610724e-14
37068.5307672 1.08382324532e-14 9.47919530795e-14
37091.7566637 1.08478171301e-14 9.5139636288e-14
37114.9825602 1.06135789375e-14 9.59485473569e-14
37138.2084567 1.08164705505e-14 9.68300480852e-14
37161.4343531 1.09032178509e-14 9.7792916681e-14
37184.6602496 1.07066375389e-14 9.85804938609e-14
37207.8861461 1.0783934778e-14 9.97445845548e-14
37231.1120425 1.08481025681e-14 1.00419661235e-13
37254.337939 1.10344861106e-14 1.00822659028e-13
37277.5638355 1.11378000134e-14 1.0109399115e-13
37300.789732 1.11254795257e-14 1.01112489754e-13
37324.0156284 1.13960045631e-14 1.00865643585e-13
37347.2415249 1.15598468741e-14 1.00473534981e-13
37370.4674214 1.17680546144e-14 9.95281970514e-14
37393.6933178 1.16864786719e-14 9.87726961073e-14
37416.9192143 1.19141369032e-14 9.77605761269e-14
37440.1451108 1.17893098677e-14 9.6886051763e-14
37463.3710072 1.19762031551e-14 9.5809312746e-14
37486.5969037 1.1752924006e-14 9.51612903479e-14
37509.8228002 1.17779142876e-14 9.46516443952e-14
37533.0486967 1.16813137502e-14 9.42710789454e-14
37556.2745931 1.14339744864e-14 9.43369169049e-14
37579.5004896 1.12816472112e-14 9.45335238822e-14
37602.7263861 1.11244617173e-14 9.50195298806e-14
37625.9522825 1.07860096796e-14 9.56404398114e-14
37649.178179 1.04784946532e-14 9.6377796185e-14
37672.4040755 1.02904449732e-14 9.73019418917e-14
37695.629972 1.00446456533e-14 9.80135652578e-14
37718.8558684 9.86388521601e-15 9.85364028484e-14
37742.0817649 9.71704282843e-15 9.90697285795e-14
37765.3076614 9.59230036699e-15 9.9234062925e-14
37788.5335578 9.50256782334e-15 9.92297524148e-14
37811.7594543 9.48948402927e-15 9.88811110405e-14
37834.9853508 9.48618662314e-15 9.83473240532e-14
37858.2112472 9.51326715607e-15 9.75215015753e-14
37881.4371437 9.53542397352e-15 9.65026535618e-14
37904.6630402 9.50845909509e-15 9.5407849941e-14
37927.8889367 9.62925328105e-15 9.44092908291e-14
37951.1148331 9.68109335405e-15 9.33214674309e-14
37974.3407296 9.67162065332e-15 9.24241807766e-14
37997.5666261 9.73905520852e-15 9.16463412866e-14
38020.7925225 9.71464260065e-15 9.12362050909e-14
38044.018419 9.75330328997e-15 9.09615559804e-14
38067.2443155 9.68363579668e-15 9.11721063661e-14
38090.470212 9.67308488479e-15 9.15873934561e-14
38113.6961084 9.66973834326e-15 9.22897134182e-14
38136.9220049 9.66231968269e-15 9.30493931361e-14
38160.1479014 9.68224509947e-15 9.4012103409e-14
38183.3737978 9.69518041038e-15 9.49682888239e-14
38206.5996943 9.78454498847e-15 9.58389042471e-14
38229.8255908 9.8202192791e-15 9.65979838771e-14
38253.0514872 9.95613440175e-15 9.71825389691e-14
38276.2773837 1.01176198185e-14 9.75172571723e-14
38299.5032802 1.02646258393e-14 9.75043849456e-14
38322.7291767 1.04774041683e-14 9.73493860702e-14
38345.9550731 1.0624096396e-14 9.68998782547e-14
38369.1809696 1.07776596077e-14 9.62935759281e-14
38392.4068661 1.09236510517e-14 9.54553015027e-14
38415.6327625 1.10436525994e-14 9.4555289288e-14
38438.858659 1.11319932211e-14 9.36264666399e-14
38462.0845555 1.11937782941e-14 9.27574601116e-14
38485.310452 1.11735822779e-14 9.20706963331e-14
38508.5363484 1.11540731691e-14 9.15184957318e-14
38531.7622449 1.10713979825e-14 9.12458323872e-14
38554.9881414 1.09522793043e-14 9.11697341814e-14
38578.2140378 1.07950335298e-14 9.14050507678e-14
38601.4399343 1.05991358469e-14 9.18251844821e-14
38624.6658308 1.04232483674e-14 9.24437079556e-14
38647.8917273 1.01678773589e-14 9.31619572208e-14
38671.1176237 9.94578848508e-15 9.39335358432e-14
38694.3435202 9.74918819431e-15 9.46722614255e-14
38717.5694167 9.54822654805e-15 9.52909743608e-14
38740.7953131 9.38127135997e-15 9.57460866638e-14
38764.0212096 9.22473478427e-15 9.5993468279e-14
38787.2471061 9.11994544591e-15 9.60205791039e-14
38810.4730025 9.04102273379e-15 9.57259296456e-14
38833.698899 9.01648751616e-15 9.52393575883e-14
38856.9247955 9.00013238903e-15 9.45220680839e-14
38880.150692 9.01517112094e-15 9.36170262252e-14
38903.3765884 9.02738254067e-15 9.26105358767e-14
38926.6024849 9.06523065649e-15 9.15700425796e-14
38949.8283814 9.08329281376e-15 9.05640931667e-14
38973.0542778 9.10612131151e-15 8.96776630925e-14
38996.2801743 9.0924368017e-15 8.89668409734e-14
39019.5060708 9.09711023339e-15 8.85338286647e-14
39042.7319673 9.06756365949e-15 8.83411166472e-14
39065.9578637 9.04156281124e-15 8.84751680546e-14
39089.1837602 9.00653175055e-15 8.88640857602e-14
39112.4096567 8.95872213331e-15 8.94934241155e-14
39135.6355531 8.92673944893e-15 9.03083700255e-14
39158.8614496 8.91133902987e-15 9.12107563204e-14
39182.0873461 8.9113880445e-15 9.2146253699e-14
39205.3132425 8.95941344646e-15 9.30310502347e-14
39228.539139 9.01459611645e-15 9.37845257898e-14
39251.7650355 9.10989907086e-15 9.43511601624e-14
39274.990932 9.23541836672e-15 9.47085329592e-14
39298.2168284 9.38226154209e-15 9.48069141842e-14
39321.4427249 9.56084292619e-15 9.46505569152e-14
39344.6686214 9.72907246837e-15 9.42544841625e-14
39367.8945178 9.90940029547e-15 9.36524729395e-14
39391.1204143 1.00818895396e-14 9.28977335644e-14
39414.3463108 1.02288460299e-14 9.20344183741e-14
39437.5722073 1.03557632223e-14 9.11514263001e-14
39460.7981037 1.04423809024e-14 9.03149901225e-14
39484.0240002 1.0503843805e-14 8.96035286685e-14
39507.2498967 1.05219013295e-14 8.90684226257e-14
39530.4757931 1.04839840056e-14 8.87612198938e-14
39553.7016896 1.04153037243e-14 8.87072838521e-14
39576.9275861 1.03148517534e-14 8.89002897245e-14
39600.1534826 1.017799133e-14 8.93110485998e-14
39623.379379 1.00147132834e-14 8.99105560076e-14
39646.6052755 9.84127397712e-15 9.06231365452e-14
39669.831172 9.65457813657e-15 9.1390930947e-14
39693.0570684 9.46415251649e-15 9.21317434661e-14
39716.2829649 9.29149619757e-15 9.2786017469e-14
39739.5088614 9.13546816616e-15 9.327453079e-14
39762.7347578 9.00496949738e-15 9.35705077274e-14
39785.9606543 8.89780005513e-15 9.36341479014e-14
39809.1865508 8.82676028339e-15 9.34461555888e-14
39832.4124473 8.78217147993e-15 9.30153946715e-14
39855.6383437 8.77182950779e-15 9.23681250272e-14
39878.8642402 8.76851971287e-15 9.15506980758e-14
39902.0901367 8.78622140681e-15 9.06162910486e-14
39925.3160331 8.80873064634e-15 8.9635660265e-14
39948.5419296 8.82337417306e-15 8.86825602312e-14
39971.7678261 8.83558883472e-15 8.78345872945e-14
39994.9937226 8.83524256282e-15 8.71591779394e-14
40018.219619 8.81596303192e-15 8.67166141111e-14
40041.4455155 8.77981646184e-15 8.65404084654e-14
40064.671412 8.72999370946e-15 8.66463772718e-14
40087.8973084 8.67010018035e-15 8.70178172516e-14
40111.1232049 8.60469584733e-15 8.76223948095e-14
40134.3491014 8.53453175325e-15 8.84009067587e-14
40157.5749978 8.47950425369e-15 8.92814106866e-14
40180.8008943 8.43882308595e-15 9.01929221474e-14
40204.0267908 8.42225522411e-15 9.10569394839e-14
40227.2526873 8.4353935325e-15 9.18093467177e-14
40250.4785837 8.48381988359e-15 9.23846742211e-14
40273.7044802 8.56303023747e-15 9.27412068543e-14
40296.9303767 8.67633023957e-15 9.28569543373e-14
40320.1562731 8.8159870014e-15 9.27256729434e-14
40343.3821696 8.97484559601e-15 9.2355634811e-14
40366.6080661 9.14331750554e-15 9.17795425036e-14
40389.8339626 9.31525794726e-15 9.10446416904e-14
40413.059859 9.47617097229e-15 9.0205922712e-14
40436.2857555 9.62168477275e-15 8.93400850947e-14
40459.511652 9.74200333205e-15 8.85168943539e-14
40482.7375484 9.83123046807e-15 8.78038799638e-14
40505.9634449 9.88813486284e-15 8.72664559876e-14
40529.1893414 9.90645357464e-15 8.69526880644e-14
40552.4152378 9.88808318787e-15 8.68856856667e-14
40575.6411343 9.83389596272e-15 8.70677802668e-14
40598.8670308 9.74926755028e-15 8.7476975522e-14
40622.0929273 9.63834965267e-15 8.80707578535e-14
40645.3188237 9.50686805482e-15 8.87936770653e-14
40668.5447202 9.3629598686e-15 8.95777008249e-14
40691.7706167 9.21798981246e-15 9.03515044722e-14
40714.9965131 9.08125420954e-15 9.10425769896e-14
40738.2224096 8.95556618025e-15 9.15873990662e-14
40761.4483061 8.85163606098e-15 9.19386335397e-14
40784.6742026 8.77272024203e-15 9.20624303924e-14
40807.900099 8.72396610869e-15 9.19474133825e-14
40831.1259955 8.69997015406e-15 9.15959052923e-14
40854.351892 8.70066817365e-15 9.10285014974e-14
40877.5777884 8.71640739235e-15 9.02862372991e-14
40900.8036849 8.74354595214e-15 8.94207081283e-14
40924.0295814 8.77550910123e-15 8.85015014432e-14
40947.2554779 8.8071191563e-15 8.76010593061e-14
40970.4813743 8.82829638177e-15 8.67922950333e-14
40993.7072708 8.83372722449e-15 8.61429349598e-14
41016.9331673 8.82055542828e-15 8.57099255924e-14
41040.1590637 8.78527557883e-15 8.55332523056e-14
41063.3849602 8.72834703025e-15 8.56269996872e-14
41086.6108567 8.65330098525e-15 8.59803209474e-14
41109.8367531 8.56401877988e-15 8.65590479444e-14
41133.0626496 8.4673559055e-15 8.73106816605e-14
41156.2885461 8.36986970021e-15 8.81679140345e-14
41179.5144426 8.27872048543e-15 8.90568552131e-14
41202.740339 8.20612059733e-15 8.99057670362e-14
41225.9662355 8.15909194864e-15 9.06454371052e-14
41249.192132 8.14375565414e-15 9.12171100928e-14
41272.4180284 8.16216832118e-15 9.15772031555e-14
41295.6439249 8.21485588726e-15 9.16980326001e-14
41318.8698214 8.29911186484e-15 9.15724807245e-14
41342.0957179 8.4131902827e-15 9.12124725488e-14
41365.3216143 8.54985450687e-15 9.06467848725e-14
41388.5475108 8.700171055e-15 8.99203832614e-14
41411.7734073 8.85353279895e-15 8.90906667067e-14
41434.9993037 9.00032143679e-15 8.8225976487e-14
41458.2252002 9.1329782348e-15 8.74005070617e-14
41481.4510967 9.24280623594e-15 8.66839332837e-14
41504.6769931 9.32539532373e-15 8.61394011385e-14
41527.9028896 9.37875748089e-15 8.58127209118e-14
41551.1287861 9.40091764795e-15 8.57362585043e-14
41574.3546826 9.39076779695e-15 8.59148624055e-14
41597.580579 9.34978535604e-15 8.63274260715e-14
41620.8064755 9.28381747671e-15 8.69329760103e-14
41644.032372 9.19964978778e-15 8.76780507307e-14
41667.2582684 9.10363611032e-15 8.84928230505e-14
41690.4841649 9.00253253684e-15 8.93064600853e-14
41713.7100614 8.90603781768e-15 9.00451594045e-14
41736.9359579 8.82091737703e-15 9.06489172211e-14
41760.1618543 8.75387678637e-15 9.10671664683e-14
41783.3877508 8.70968438145e-15 9.12667082203e-14
41806.6136473 8.69072341352e-15 9.12280577675e-14
41829.8395437 8.69661710941e-15 9.09530165236e-14
41853.0654402 8.72572876397e-15 9.04604403499e-14
41876.2913367 8.77414010913e-15 8.97897415278e-14
41899.5172332 8.83357956391e-15 8.89925926394e-14
41922.7431296 8.89537391096e-15 8.81315261005e-14
41945.9690261 8.95274104906e-15 8.72785404113e-14
41969.1949226 8.99906438976e-15 8.65027032001e-14
41992.420819 9.02657569225e-15 8.58749790739e-14
42015.6467155 9.03091680052e-15 8.54542502625e-14
42038.872612 9.01005286285e-15 8.52779048098e-14
42062.0985084 8.96448795274e-15 8.53621389488e-14
42085.3244049 8.89333659812e-15 8.56993536878e-14
42108.5503014 8.79884860873e-15 8.62579835682e-14
42131.7761979 8.68534538129e-15 8.69883780855e-14
42155.0020943 8.56121378989e-15 8.78276772848e-14
42178.2279908 8.43375923452e-15 8.87014873783e-14
42201.4538873 8.31227194365e-15 8.95359529268e-14
42224.6797837 8.20463565909e-15 9.02649142219e-14
42247.9056802 8.12109126219e-15 9.08320949086e-14
42271.1315767 8.06651481697e-15 9.11917561388e-14
