 0.18360401027891857 0.001333333333333333                 0.24                 30.0 
 0.44476142118194284 0.001333333333333333                 0.24                 30.0 
  0.5829079652996665 0.001333333333333333                 0.24                 30.0 
  0.6955427292311526 0.0013333333333333352                 0.24                 30.0 
  0.7943265101184755 0.001333333333333333                 0.24                 30.0 
  0.8841819442847714 0.001333333333333333                 0.24                 30.0 
  0.9677776501263267 0.001333333333333333                 0.24                 30.0 
  1.0467691433751733 0.001333333333333333                 0.24                 30.0 
   1.122278842613357 0.001333333333333332                 0.24                 30.0 
  1.1951194490340917 0.0013333333333333363                 0.24                 30.0 
   1.265911474151134 0.001333333333333331                 0.24                 30.0 
  1.3351509684830294 0.0013333333333333313                 0.24                 30.0 
  1.4032515716947604 0.0013333333333333348                 0.24                 30.0 
  1.4705724578848132 0.0013333333333333348                 0.24                 30.0 
   1.537438252589784 0.0013333333333333324                 0.24                 30.0 
