# 1:time 2:flux 3:mass
0 0 0
4.8 0 0
9.6 0 0
14.4 0 0
19.2 0 0
24 0 0
28.8 0 0
33.6 0 0
38.4 0 0
43.2 0 0
48 0 0
52.8 0 0
57.6 0 0
62.4 0 0
67.2 0 0
72 0 0
76.8 0 0
81.6 0 0
86.4 0 0
91.2 0 0
96 0 0
100.8 0 0
105.6 0 0
110.4 0 0
115.2 0 0
120 0 0
124.8 0 0
129.6 0 0
134.4 0 0
139.2 0 0
144 0 0
148.8 0 0
153.6 0 0
158.4 0 0
163.2 0 0
168 0 0
172.8 0 0
177.6 0 0
182.4 0 0
187.2 0 0
192 0 0
196.8 0 0
201.6 0 0
206.4 0 0
211.2 0 0
216 0 0
220.8 0 0
225.6 0 0
230.4 0 0
235.2 0 0
240 0 0
244.8 0 0
249.6 0 0
254.4 0 0
259.2 0 0
264 0 0
268.8 0 0
273.6 0 0
278.4 0 0
283.2 0 0
288 0 0
292.8 0 0
297.6 0 0
302.4 0 0
307.2 0 0
312 0 0
316.8 0 0
321.6 0 0
326.4 0 0
331.2 0 0
336 0 0
340.8 0 0
345.6 0 0
350.4 0 0
355.2 0 0
360 0 0
364.8 0 0
369.6 0 0
374.4 0 0
379.2 0 0
384 0 0
388.8 0 0
393.6 0 0
398.4 0 0
403.2 0 0
408 0 0
412.8 0 0
417.6 0 0
422.4 0 0
427.2 0 0
432 0 0
436.8 0 0
441.6 0 0
446.4 0 0
451.2 0 0
456 0 0
460.8 0 0
465.6 0 0
470.4 0 0
475.2 0 0
480 0 0
484.8 0 0
489.6 0 0
494.4 0 0
499.2 0 0
504 0 0
508.8 0 0
513.6 0 0
518.4 0 0
523.2 0 0
528 0 0
532.8 0 0
537.6 0 0
542.4 0 0
547.2 0 0
552 0 0
556.8 0 0
561.6 0 0
566.4 0 0
571.2 0 0
576 0 0
580.8 0 0
585.6 0 0
590.4 0 0
595.2 0 0
600 0 0
604.8 0 0
609.6 0 0
614.4 0 0
619.2 0 0
624 0 0
628.8 0 0
633.6 0 0
638.4 0 0
643.2 0 0
648 0 0
652.8 0 0
657.6 0 0
662.4 0 0
667.2 0 0
672 0 0
676.8 0 0
681.6 0 0
686.4 0 0
691.2 0 0
696 0 0
700.8 0 0
705.6 0 0
710.4 0 0
715.2 0 0
720 0 0
724.8 0 0
729.6 0 0
734.4 0 0
739.2 0 0
744 0 0
748.8 0 0
753.6 0 0
758.4 0 0
763.2 0 0
768 0 0
772.8 0 0
777.6 0 0
782.4 0 0
787.2 0 0
792 0 0
796.8 0 0
801.6 0 0
806.4 0 0
811.2 0 0
816 0 0
820.8 0 0
825.6 0 0
830.4 0 0
835.2 0 0
840 0 0
844.8 0 0
849.6 0 0
854.4 0 0
859.2 0 0
864 0 0
868.8 0 0
873.6 0 0
878.4 0 0
883.2 0 0
888 0 0
892.8 0 0
897.6 0 0
902.4 0 0
907.2 0 0
912 0 0
916.8 0 0
921.6 0 0
926.4 0 0
931.2 0 0
936 0 0
940.8 0 0
945.6 0 0
950.4 0 0
955.2 0 0
960 0 0
964.8 0 0
969.6 0 0
974.4 0 0
979.2 0 0
984 0 0
988.8 0 0
993.6 0 0
998.4 0 0
1003.2 0 0
1008 0 0
1012.8 0 0
1017.6 0 0
1022.4 0 0
1027.2 0 0
1032 0 0
1036.8 0 0
1041.6 0 0
1046.4 0 0
1051.2 0 0
1056 0 0
1060.8 0 0
1065.6 0 0
1070.4 0 0
1075.2 0 0
1080 0 0
1084.8 0 0
1089.6 0 0
1094.4 0 0
1099.2 0 0
1104 0 0
1108.8 0 0
1113.6 0 0
1118.4 0 0
1123.2 0 0
1128 0 0
1132.8 0 0
1137.6 0 0
1142.4 0 0
1147.2 0 0
1152 0 0
1156.8 0 0
1161.6 0 0
1166.4 0 0
1171.2 0 0
1176 0 0
1180.8 0 0
1185.6 0 0
1190.4 0 0
1195.2 0 0
1200 0 0
1204.8 0 0
1209.6 0 0
1214.4 0 0
1219.2 0 0
1224 0 0
1228.8 0 0
1233.6 0 0
1238.4 0 0
1243.2 0 0
1248 0 0
1252.8 0 0
1257.6 0 0
1262.4 0 0
1267.2 0 0
1272 0 0
1276.8 0 0
1281.6 0 0
1286.4 0 0
1291.2 0 0
1296 0 0
1300.8 0 0
1305.6 0 0
1310.4 0 0
1315.2 0 0
1320 0 0
1324.8 0 0
1329.6 0 0
1334.4 0 0
1339.2 0 0
1344 0 0
1348.8 0 0
1353.6 0 0
1358.4 0 0
1363.2 0 0
1368 0 0
1372.8 0 0
1377.6 0 0
1382.4 0 0
1387.2 0 0
1392 0 0
1396.8 0 0
1401.6 0 0
1406.4 0 0
1411.2 0 0
1416 0 0
1420.8 0 0
1425.6 0 0
1430.4 0 0
1435.2 0 0
1440 0 0
1444.8 0 0
1449.6 0 0
1454.4 0 0
1459.2 0 0
1464 0 0
1468.8 0 0
1473.6 0 0
1478.4 0 0
1483.2 0 0
1488 0 0
1492.8 0 0
1497.6 0 0
1502.4 0 0
1507.2 0 0
1512 0 0
1516.8 0 0
1521.6 0 0
1526.4 0 0
1531.2 0 0
1536 0 0
1540.8 0 0
1545.6 0 0
1550.4 0 0
1555.2 0 0
1560 0 0
1564.8 0 0
1569.6 0 0
1574.4 0 0
1579.2 0 0
1584 0 0
1588.8 0 0
1593.6 0 0
1598.4 0 0
1603.2 0 0
1608 0 0
1612.8 0 0
1617.6 0 0
1622.4 0 0
1627.2 0 0
1632 0 0
1636.8 0 0
1641.6 0 0
1646.4 0 0
1651.2 0 0
1656 0 0
1660.8 0 0
1665.6 0 0
1670.4 0 0
1675.2 0 0
1680 0 0
1684.8 0 0
1689.6 0 0
1694.4 0 0
1699.2 0 0
1704 0 0
1708.8 0 0
1713.6 0 0
1718.4 0 0
1723.2 0 0
1728 0 0
1732.8 0 0
1737.6 0 0
1742.4 0 0
1747.2 0 0
1752 0 0
1756.8 0 0
1761.6 0 0
1766.4 0 0
1771.2 0 0
1776 0 0
1780.8 0 0
1785.6 0 0
1790.4 0 0
1795.2 0 0
1800 0 0
1804.8 0 0
1809.6 0 0
1814.4 0 0
1819.2 0 0
1824 0 0
1828.8 0 0
1833.6 0 0
1838.4 0 0
1843.2 0 0
1848 0 0
1852.8 0 0
1857.6 0 0
1862.4 0 0
1867.2 0 0
1872 0 0
1876.8 0 0
1881.6 0 0
1886.4 0 0
1891.2 0 0
1896 0 0
1900.8 0 0
1905.6 0 0
1910.4 0 0
1915.2 0 0
1920 0 0
1924.8 0 0
1929.6 0 0
1934.4 0 0
1939.2 0 0
1944 0 0
1948.8 0 0
1953.6 0 0
1958.4 0 0
1963.2 0 0
1968 0 0
1972.8 0 0
1977.6 0 0
1982.4 0 0
1987.2 0 0
1992 0 0
1996.8 0 0
2001.6 0 0
2006.4 0 0
2011.2 0 0
2016 0 0
2020.8 0 0
2025.6 0 0
2030.4 0 0
2035.2 0 0
2040 0 0
2044.8 0 0
2049.6 0 0
2054.4 0 0
2059.2 0 0
2064 0 0
2068.8 0 0
2073.6 0 0
2078.4 0 0
2083.2 0 0
2088 0 0
2092.8 0 0
2097.6 0 0
2102.4 0 0
2107.2 0 0
2112 0 0
2116.8 0 0
2121.6 0 0
2126.4 0 0
2131.2 0 0
2136 0 0
2140.8 0 0
2145.6 0 0
2150.4 0 0
2155.2 0 0
2160 0 0
2164.8 0 0
2169.6 0 0
2174.4 0 0
2179.2 0 0
2184 0 0
2188.8 0 0
2193.6 0 0
2198.4 0 0
2203.2 0 0
2208 0 0
2212.8 0 0
2217.6 0 0
2222.4 0 0
2227.2 0 0
2232 0 0
2236.8 0 0
2241.6 0 0
2246.4 0 0
2251.2 0 0
2256 0 0
2260.8 0 0
2265.6 0 0
2270.4 0 0
2275.2 0 0
2280 0 0
2284.8 0 0
2289.6 0 0
2294.4 0 0
2299.2 0 0
2304 0 0
2308.8 0 0
2313.6 0 0
2318.4 0 0
2323.2 0 0
2328 0 0
2332.8 0 0
2337.6 0 0
2342.4 0 0
2347.2 0 0
2352 0 0
2356.8 0 0
2361.6 0 0
2366.4 0 0
2371.2 0 0
2376 0 0
2380.8 0 0
2385.6 0 0
2390.4 0 0
2395.2 0 0
2400 0 0
2404.8 0 0
2409.6 0 0
2414.4 0 0
2419.2 0 0
2424 0 0
2428.8 0 0
2433.6 0 0
2438.4 0 0
2443.2 0 0
2448 0 0
2452.8 0 0
2457.6 0 0
2462.4 0 0
2467.2 0 0
2472 0 0
2476.8 0 0
2481.6 0 0
2486.4 0 0
2491.2 0 0
2496 0 0
2500.8 0 0
2505.6 0 0
2510.4 0 0
2515.2 0 0
2520 0 0
2524.8 0 0
2529.6 0 0
2534.4 0 0
2539.2 0 0
2544 0 0
2548.8 0 0
2553.6 0 0
2558.4 0 0
2563.2 0 0
2568 0 0
2572.8 0 0
2577.6 0 0
2582.4 0 0
2587.2 0 0
2592 0 0
2596.8 0 0
2601.6 0 0
2606.4 0 0
2611.2 0 0
2616 0 0
2620.8 0 0
2625.6 0 0
2630.4 0 0
2635.2 0 0
2640 0 0
2644.8 0 0
2649.6 0 0
2654.4 0 0
2659.2 0 0
2664 0 0
2668.8 0 0
2673.6 0 0
2678.4 0 0
2683.2 0 0
2688 0 0
2692.8 0 0
2697.6 0 0
2702.4 0 0
2707.2 0 0
2712 0 0
2716.8 0 0
2721.6 0 0
2726.4 0 0
2731.2 0 0
2736 0 0
2740.8 0 0
2745.6 0 0
2750.4 0 0
2755.2 0 0
2760 0 0
2764.8 0 0
2769.6 0 0
2774.4 0 0
2779.2 0 0
2784 0 0
2788.8 0 0
2793.6 0 0
2798.4 0 0
2803.2 0 0
2808 0 0
2812.8 0 0
2817.6 0 0
2822.4 0 0
2827.2 0 0
2832 0 0
2836.8 0 0
2841.6 0 0
2846.4 0 0
2851.2 0 0
2856 0 0
2860.8 0 0
2865.6 0 0
2870.4 0 0
2875.2 0 0
2880 0 0
2884.8 0 0
2889.6 0 0
2894.4 0 0
2899.2 0 0
2904 0 0
2908.8 0 0
2913.6 0 0
2918.4 0 0
2923.2 0 0
2928 0 0
2932.8 0 0
2937.6 0 0
2942.4 0 0
2947.2 0 0
2952 0 0
2956.8 0 0
2961.6 0 0
2966.4 0 0
2971.2 0 0
2976 0 0
2980.8 0 0
2985.6 0 0
2990.4 0 0
2995.2 0 0
3000 0 0
3004.8 0 0
3009.6 0 0
3014.4 0 0
3019.2 0 0
3024 0 0
3028.8 0 0
3033.6 0 0
3038.4 0 0
3043.2 0 0
3048 0 0
3052.8 0 0
3057.6 0 0
3062.4 0 0
3067.2 0 0
3072 0 0
3076.8 0 0
3081.6 0 0
3086.4 0 0
3091.2 0 0
3096 0 0
3100.8 0 0
3105.6 0 0
3110.4 0 0
3115.2 0 0
3120 0 0
3124.8 0 0
3129.6 0 0
3134.4 0 0
3139.2 0 0
3144 0 0
3148.8 0 0
3153.6 0 0
3158.4 0 0
3163.2 0 0
3168 0 0
3172.8 0 0
3177.6 0 0
3182.4 0 0
3187.2 0 0
3192 0 0
3196.8 0 0
3201.6 0 0
3206.4 0 0
3211.2 0 0
3216 0 0
3220.8 0 0
3225.6 0 0
3230.4 0 0
3235.2 0 0
3240 0 0
3244.8 0 0
3249.6 0 0
3254.4 0 0
3259.2 0 0
3264 0 0
3268.8 0 0
3273.6 0 0
3278.4 0 0
3283.2 0 0
3288 0 0
3292.8 0 0
3297.6 0 0
3302.4 0 0
3307.2 0 0
3312 0 0
3316.8 0 0
3321.6 0 0
3326.4 0 0
3331.2 0 0
3336 0 0
3340.8 0 0
3345.6 0 0
3350.4 0 0
3355.2 0 0
3360 0 0
3364.8 0 0
3369.6 0 0
3374.4 0 0
3379.2 0 0
3384 0 0
3388.8 0 0
3393.6 0 0
3398.4 0 0
3403.2 0 0
3408 0 0
3412.8 0 0
3417.6 0 0
3422.4 0 0
3427.2 0 0
3432 0 0
3436.8 0 0
3441.6 0 0
3446.4 0 0
3451.2 0 0
3456 0 0
3460.8 0 0
3465.6 0 0
3470.4 0 0
3475.2 0 0
3480 0 0
3484.8 0 0
3489.6 0 0
3494.4 0 0
3499.2 0 0
3504 0 0
3508.8 0 0
3513.6 0 0
3518.4 0 0
3523.2 0 0
3528 0 0
3532.8 0 0
3537.6 0 0
3542.4 0 0
3547.2 0 0
3552 0 0
3556.8 0 0
3561.6 0 0
3566.4 0 0
3571.2 0 0
3576 0 0
3580.8 0 0
3585.6 0 0
3590.4 0 0
3595.2 0 0
3600 0 0
3604.8 0 0
3609.6 0 0
3614.4 0 0
3619.2 0 0
3624 0 0
3628.8 0 0
3633.6 0 0
3638.4 0 0
3643.2 0 0
3648 0 0
3652.8 0 0
3657.6 0 0
3662.4 0 0
3667.2 0 0
3672 0 0
3676.8 0 0
3681.6 0 0
3686.4 0 0
3691.2 0 0
3696 0 0
3700.8 0 0
3705.6 0 0
3710.4 0 0
3715.2 0 0
3720 0 0
3724.8 0 0
3729.6 0 0
3734.4 0 0
3739.2 0 0
3744 0 0
3748.8 0 0
3753.6 0 0
3758.4 0 0
3763.2 0 0
3768 0 0
3772.8 0 0
3777.6 0 0
3782.4 0 0
3787.2 0 0
3792 0 0
3796.8 0 0
3801.6 0 0
3806.4 0 0
3811.2 0 0
3816 0 0
3820.8 0 0
3825.6 0 0
3830.4 0 0
3835.2 0 0
3840 0 0
3844.8 0 0
3849.6 0 0
3854.4 0 0
3859.2 0 0
3864 0 0
3868.8 0 0
3873.6 0 0
3878.4 0 0
3883.2 0 0
3888 0 0
3892.8 0 0
3897.6 0 0
3902.4 0 0
3907.2 0 0
3912 0 0
3916.8 0 0
3921.6 0 0
3926.4 0 0
3931.2 0 0
3936 0 0
3940.8 0 0
3945.6 0 0
3950.4 0 0
3955.2 0 0
3960 0 0
3964.8 0 0
3969.6 0 0
3974.4 0 0
3979.2 0 0
3984 0 0
3988.8 0 0
3993.6 0 0
3998.4 0 0
4003.2 0 0
4008 0 0
4012.8 0 0
4017.6 0 0
4022.4 0 0
4027.2 0 0
4032 0 0
4036.8 0 0
4041.6 0 0
4046.4 0 0
4051.2 0 0
4056 0 0
4060.8 0 0
4065.6 0 0
4070.4 0 0
4075.2 0 0
4080 0 0
4084.8 0 0
4089.6 0 0
4094.4 0 0
4099.2 0 0
4104 0 0
4108.8 0 0
4113.6 0 0
4118.4 0 0
4123.2 0 0
4128 0 0
4132.8 0 0
4137.6 0 0
4142.4 0 0
4147.2 0 0
4152 0 0
4156.8 0 0
4161.6 0 0
4166.4 0 0
4171.2 0 0
4176 0 0
4180.8 0 0
4185.6 0 0
4190.4 0 0
4195.2 0 0
4200 0 0
4204.8 0 0
4209.6 0 0
4214.4 0 0
4219.2 0 0
4224 0 0
4228.8 0 0
4233.6 0 0
4238.4 0 0
4243.2 0 0
4248 0 0
4252.8 0 0
4257.6 0 0
4262.4 0 0
4267.2 0 0
4272 0 0
4276.8 0 0
4281.6 0 0
4286.4 0 0
4291.2 0 0
4296 0 0
4300.8 0 0
4305.6 0 0
4310.4 0 0
4315.2 0 0
4320 0 0
4324.8 0 0
4329.6 0 0
4334.4 0 0
4339.2 0 0
4344 0 0
4348.8 0 0
4353.6 0 0
4358.4 0 0
4363.2 0 0
4368 0 0
4372.8 0 0
4377.6 0 0
4382.4 0 0
4387.2 0 0
4392 0 0
4396.8 0 0
4401.6 0 0
4406.4 0 0
4411.2 0 0
4416 0 0
4420.8 0 0
4425.6 0 0
4430.4 0 0
4435.2 0 0
4440 0 0
4444.8 0 0
4449.6 0 0
4454.4 0 0
4459.2 0 0
4464 0 0
4468.8 0 0
4473.6 0 0
4478.4 0 0
4483.2 0 0
4488 0 0
4492.8 0 0
4497.6 0 0
4502.4 0 0
4507.2 0 0
4512 0 0
4516.8 0 0
4521.6 0 0
4526.4 0 0
4531.2 0 0
4536 0 0
4540.8 0 0
4545.6 0 0
4550.4 0 0
4555.2 0 0
4560 0 0
4564.8 0 0
4569.6 0 0
4574.4 0 0
4579.2 0 0
4584 0 0
4588.8 0 0
4593.6 0 0
4598.4 0 0
4603.2 0 0
4608 0 0
4612.8 0 0
4617.6 0 0
4622.4 0 0
4627.2 0 0
4632 0 0
4636.8 0 0
4641.6 0 0
4646.4 0 0
4651.2 0 0
4656 0 0
4660.8 0 0
4665.6 0 0
4670.4 0 0
4675.2 0 0
4680 0 0
4684.8 0 0
4689.6 0 0
4694.4 0 0
4699.2 0 0
4704 0 0
4708.8 0 0
4713.6 0 0
4718.4 0 0
4723.2 0 0
4728 0 0
4732.8 0 0
4737.6 0 0
4742.4 0 0
4747.2 0 0
4752 0 0
4756.8 0 0
4761.6 0 0
4766.4 0 0
4771.2 0 0
4776 0 0
4780.8 0 0
4785.6 0 0
4790.4 0 0
4795.2 0 0
4800 0 0
4804.8 0 0
4809.6 0 0
4814.4 0 0
4819.2 0 0
4824 0 0
4828.8 0 0
4833.6 0 0
4838.4 0 0
4843.2 0 0
4848 0 0
4852.8 0 0
4857.6 0 0
4862.4 0 0
4867.2 0 0
4872 0 0
4876.8 0 0
4881.6 0 0
4886.4 0 0
4891.2 0 0
4896 0 0
4900.8 0 0
4905.6 0 0
4910.4 0 0
4915.2 0 0
4920 0 0
4924.8 0 0
4929.6 0 0
4934.4 0 0
4939.2 0 0
4944 0 0
4948.8 0 0
4953.6 0 0
4958.4 0 0
4963.2 0 0
4968 0 0
4972.8 0 0
4977.6 0 0
4982.4 0 0
4987.2 0 0
4992 0 0
4996.8 0 0
5001.6 0 0
5006.4 0 0
5011.2 0 0
5016 0 0
5020.8 0 0
5025.6 0 0
5030.4 0 0
5035.2 0 0
5040 0 0
5044.8 0 0
5049.6 0 0
5054.4 0 0
5059.2 0 0
5064 0 0
5068.8 0 0
5073.6 0 0
5078.4 0 0
5083.2 0 0
5088 0 0
5092.8 0 0
5097.6 0 0
5102.4 0 0
5107.2 0 0
5112 0 0
5116.8 0 0
5121.6 0 0
5126.4 0 0
5131.2 0 0
5136 0 0
5140.8 0 0
5145.6 0 0
5150.4 0 0
5155.2 0 0
5160 0 0
5164.8 0 0
5169.6 0 0
5174.4 0 0
5179.2 0 0
5184 0 0
5188.8 0 0
5193.6 0 0
5198.4 0 0
5203.2 0 0
5208 0 0
5212.8 0 0
5217.6 0 0
5222.4 0 0
5227.2 0 0
5232 0 0
5236.8 0 0
5241.6 0 0
5246.4 0 0
5251.2 0 0
5256 0 0
5260.8 0 0
5265.6 0 0
5270.4 0 0
5275.2 0 0
5280 0 0
5284.8 0 0
5289.6 0 0
5294.4 0 0
5299.2 0 0
5304 0 0
5308.8 0 0
5313.6 0 0
5318.4 0 0
5323.2 0 0
5328 0 0
5332.8 0 0
5337.6 0 0
5342.4 0 0
5347.2 0 0
5352 0 0
5356.8 0 0
5361.6 0 0
5366.4 0 0
5371.2 0 0
5376 0 0
5380.8 0 0
5385.6 0 0
5390.4 0 0
5395.2 0 0
5400 0 0
5404.8 0 0
5409.6 0 0
5414.4 0 0
5419.2 0 0
5424 0 0
5428.8 0 0
5433.6 0 0
5438.4 0 0
5443.2 0 0
5448 0 0
5452.8 0 0
5457.6 0 0
5462.4 0 0
5467.2 0 0
5472 0 0
5476.8 0 0
5481.6 0 0
5486.4 0 0
5491.2 0 0
5496 0 0
5500.8 0 0
5505.6 0 0
5510.4 0 0
5515.2 0 0
5520 0 0
5524.8 0 0
5529.6 0 0
5534.4 0 0
5539.2 0 0
5544 0 0
5548.8 0 0
5553.6 0 0
5558.4 0 0
5563.2 0 0
5568 0 0
5572.8 0 0
5577.6 0 0
5582.4 0 0
5587.2 0 0
5592 0 0
5596.8 0 0
5601.6 0 0
5606.4 0 0
5611.2 0 0
5616 0 0
5620.8 0 0
5625.6 0 0
5630.4 0 0
5635.2 0 0
5640 0 0
5644.8 0 0
5649.6 0 0
5654.4 0 0
5659.2 0 0
5664 0 0
5668.8 0 0
5673.6 0 0
5678.4 0 0
5683.2 0 0
5688 0 0
5692.8 0 0
5697.6 0 0
5702.4 0 0
5707.2 0 0
5712 0 0
5716.8 0 0
5721.6 0 0
5726.4 0 0
5731.2 0 0
5736 0 0
5740.8 0 0
5745.6 0 0
5750.4 0 0
5755.2 0 0
5760 0 0
5764.8 0 0
5769.6 0 0
5774.4 0 0
5779.2 0 0
5784 0 0
5788.8 0 0
5793.6 0 0
5798.4 0 0
5803.2 0 0
5808 0 0
5812.8 0 0
5817.6 0 0
5822.4 0 0
5827.2 0 0
5832 0 0
5836.8 0 0
5841.6 0 0
5846.4 0 0
5851.2 0 0
5856 0 0
5860.8 0 0
5865.6 0 0
5870.4 0 0
5875.2 0 0
5880 0 0
5884.8 0 0
5889.6 0 0
5894.4 0 0
5899.2 0 0
5904 0 0
5908.8 0 0
5913.6 0 0
5918.4 0 0
5923.2 0 0
5928 0 0
5932.8 0 0
5937.6 0 0
5942.4 0 0
5947.2 0 0
5952 0 0
5956.8 0 0
5961.6 0 0
5966.4 0 0
5971.2 0 0
5976 0 0
5980.8 0 0
5985.6 0 0
5990.4 0 0
5995.2 0 0
6000 0 0
6004.8 0 0
6009.6 0 0
6014.4 0 0
6019.2 0 0
6024 0 0
6028.8 0 0
6033.6 0 0
6038.4 0 0
6043.2 0 0
6048 0 0
6052.8 0 0
6057.6 0 0
6062.4 0 0
6067.2 0 0
6072 0 0
6076.8 0 0
6081.6 0 0
6086.4 0 0
6091.2 0 0
6096 0 0
6100.8 0 0
6105.6 0 0
6110.4 0 0
6115.2 0 0
6120 0 0
6124.8 0 0
6129.6 0 0
6134.4 0 0
6139.2 0 0
6144 0 0
6148.8 0 0
6153.6 0 0
6158.4 0 0
6163.2 0 0
6168 0 0
6172.8 0 0
6177.6 0 0
6182.4 0 0
6187.2 0 0
6192 0 0
6196.8 0 0
6201.6 0 0
6206.4 0 0
6211.2 0 0
6216 0 0
6220.8 0 0
6225.6 0 0
6230.4 0 0
6235.2 0 0
6240 0 0
6244.8 0 0
6249.6 0 0
6254.4 0 0
6259.2 0 0
6264 0 0
6268.8 0 0
6273.6 0 0
6278.4 0 0
6283.2 0 0
6288 0 0
6292.8 0 0
6297.6 0 0
6302.4 0 0
6307.2 0 0
6312 0 0
6316.8 0 0
6321.6 0 0
6326.4 0 0
6331.2 0 0
6336 0 0
6340.8 0 0
6345.6 0 0
6350.4 0 0
6355.2 0 0
6360 0 0
6364.8 0 0
6369.6 0 0
6374.4 0 0
6379.2 0 0
6384 0 0
6388.8 0 0
6393.6 0 0
6398.4 0 0
6403.2 0 0
6408 0 0
6412.8 0 0
6417.6 0 0
6422.4 0 0
6427.2 0 0
6432 0 0
6436.8 0 0
6441.6 0 0
6446.4 0 0
6451.2 0 0
6456 0 0
6460.8 0 0
6465.6 0 0
6470.4 0 0
6475.2 0 0
6480 0 0
6484.8 0 0
6489.6 0 0
6494.4 0 0
6499.2 0 0
6504 0 0
6508.8 0 0
6513.6 0 0
6518.4 0 0
6523.2 0 0
6528 0 0
6532.8 0 0
6537.6 0 0
6542.4 0 0
6547.2 0 0
6552 0 0
6556.8 0 0
6561.6 0 0
6566.4 0 0
6571.2 0 0
6576 0 0
6580.8 0 0
6585.6 0 0
6590.4 0 0
6595.2 0 0
6600 0 0
6604.8 0 0
6609.6 0 0
6614.4 0 0
6619.2 0 0
6624 0 0
6628.8 0 0
6633.6 0 0
6638.4 0 0
6643.2 0 0
6648 0 0
6652.8 0 0
6657.6 0 0
6662.4 0 0
6667.2 0 0
6672 0 0
6676.8 0 0
6681.6 0 0
6686.4 0 0
6691.2 0 0
6696 0 0
6700.8 0 0
6705.6 0 0
6710.4 0 0
6715.2 0 0
6720 0 0
6724.8 0 0
6729.6 0 0
6734.4 0 0
6739.2 0 0
6744 0 0
6748.8 0 0
6753.6 0 0
6758.4 0 0
6763.2 0 0
6768 0 0
6772.8 0 0
6777.6 0 0
6782.4 0 0
6787.2 0 0
6792 0 0
6796.8 0 0
6801.6 0 0
6806.4 0 0
6811.2 0 0
6816 0 0
6820.8 0 0
6825.6 0 0
6830.4 0 0
6835.2 0 0
6840 0 0
6844.8 0 0
6849.6 0 0
6854.4 0 0
6859.2 0 0
6864 0 0
6868.8 0 0
6873.6 0 0
6878.4 0 0
6883.2 0 0
6888 0 0
6892.8 0 0
6897.6 0 0
6902.4 0 0
6907.2 0 0
6912 0 0
6916.8 0 0
6921.6 0 0
6926.4 0 0
6931.2 0 0
6936 0 0
6940.8 0 0
6945.6 0 0
6950.4 0 0
6955.2 0 0
6960 0 0
6964.8 0 0
6969.6 0 0
6974.4 0 0
6979.2 0 0
6984 0 0
6988.8 0 0
6993.6 0 0
6998.4 0 0
7003.2 0 0
7008 0 0
7012.8 0 0
7017.6 0 0
7022.4 0 0
7027.2 0 0
7032 0 0
7036.8 0 0
7041.6 0 0
7046.4 0 0
7051.2 0 0
7056 0 0
7060.8 0 0
7065.6 0 0
7070.4 0 0
7075.2 0 0
7080 0 0
7084.8 0 0
7089.6 0 0
7094.4 0 0
7099.2 0 0
7104 0 0
7108.8 0 0
7113.6 0 0
7118.4 0 0
7123.2 0 0
7128 0 0
7132.8 0 0
7137.6 0 0
7142.4 0 0
7147.2 0 0
7152 0 0
7156.8 0 0
7161.6 0 0
7166.4 0 0
7171.2 0 0
7176 0 0
7180.8 0 0
7185.6 0 0
7190.4 0 0
7195.2 0 0
7200 0 0
7204.8 0 0
7209.6 0 0
7214.4 0 0
7219.2 0 0
7224 0 0
7228.8 0 0
7233.6 0 0
7238.4 0 0
7243.2 0 0
7248 0 0
7252.8 0 0
7257.6 0 0
7262.4 0 0
7267.2 0 0
7272 0 0
7276.8 0 0
7281.6 0 0
7286.4 0 0
7291.2 0 0
7296 0 0
7300.8 0 0
7305.6 0 0
7310.4 0 0
7315.2 0 0
7320 0 0
7324.8 0 0
7329.6 0 0
7334.4 0 0
7339.2 0 0
7344 0 0
7348.8 0 0
7353.6 0 0
7358.4 0 0
7363.2 0 0
7368 0 0
7372.8 0 0
7377.6 0 0
7382.4 0 0
7387.2 0 0
7392 0 0
7396.8 0 0
7401.6 0 0
7406.4 0 0
7411.2 0 0
7416 0 0
7420.8 0 0
7425.6 0 0
7430.4 0 0
7435.2 0 0
7440 0 0
7444.8 0 0
7449.6 0 0
7454.4 0 0
7459.2 0 0
7464 0 0
7468.8 0 0
7473.6 0 0
7478.4 0 0
7483.2 0 0
7488 0 0
7492.8 0 0
7497.6 0 0
7502.4 0 0
7507.2 0 0
7512 0 0
7516.8 0 0
7521.6 0 0
7526.4 0 0
7531.2 0 0
7536 0 0
7540.8 0 0
7545.6 0 0
7550.4 0 0
7555.2 0 0
7560 0 0
7564.8 0 0
7569.6 0 0
7574.4 0 0
7579.2 0 0
7584 0 0
7588.8 0 0
7593.6 0 0
7598.4 0 0
7603.2 0 0
7608 0 0
7612.8 0 0
7617.6 0 0
7622.4 0 0
7627.2 0 0
7632 0 0
7636.8 0 0
7641.6 0 0
7646.4 0 0
7651.2 0 0
7656 0 0
7660.8 0 0
7665.6 0 0
7670.4 0 0
7675.2 0 0
7680 0 0
7684.8 0 0
7689.6 0 0
7694.4 0 0
7699.2 0 0
7704 0 0
7708.8 0 0
7713.6 0 0
7718.4 0 0
7723.2 0 0
7728 0 0
7732.8 0 0
7737.6 0 0
7742.4 0 0
7747.2 0 0
7752 0 0
7756.8 0 0
7761.6 0 0
7766.4 0 0
7771.2 0 0
7776 0 0
7780.8 0 0
7785.6 0 0
7790.4 0 0
7795.2 0 0
7800 0 0
7804.8 0 0
7809.6 0 0
7814.4 0 0
7819.2 0 0
7824 0 0
7828.8 0 0
7833.6 0 0
7838.4 0 0
7843.2 0 0
7848 0 0
7852.8 0 0
7857.6 0 0
7862.4 0 0
7867.2 0 0
7872 0 0
7876.8 0 0
7881.6 0 0
7886.4 0 0
7891.2 0 0
7896 0 0
7900.8 0 0
7905.6 0 0
7910.4 0 0
7915.2 0 0
7920 0 0
7924.8 0 0
7929.6 0 0
7934.4 0 0
7939.2 0 0
7944 0 0
7948.8 0 0
7953.6 0 0
7958.4 0 0
7963.2 0 0
7968 0 0
7972.8 0 0
7977.6 0 0
7982.4 0 0
7987.2 0 0
7992 0 0
7996.8 0 0
8001.6 0 0
8006.4 0 0
8011.2 0 0
8016 0 0
8020.8 0 0
8025.6 0 0
8030.4 0 0
8035.2 0 0
8040 0 0
8044.8 0 0
8049.6 0 0
8054.4 0 0
8059.2 0 0
8064 0 0
8068.8 0 0
8073.6 0 0
8078.4 0 0
8083.2 0 0
8088 0 0
8092.8 0 0
8097.6 0 0
8102.4 0 0
8107.2 0 0
8112 0 0
8116.8 0 0
8121.6 0 0
8126.4 0 0
8131.2 0 0
8136 0 0
8140.8 0 0
8145.6 0 0
8150.4 0 0
8155.2 0 0
8160 0 0
8164.8 0 0
8169.6 0 0
8174.4 0 0
8179.2 0 0
8184 0 0
8188.8 0 0
8193.6 0 0
8198.4 0 0
8203.2 0 0
8208 0 0
8212.8 0 0
8217.6 0 0
8222.4 0 0
8227.2 0 0
8232 0 0
8236.8 0 0
8241.6 0 0
8246.4 0 0
8251.2 0 0
8256 0 0
8260.8 0 0
8265.6 0 0
8270.4 0 0
8275.2 0 0
8280 0 0
8284.8 0 0
8289.6 0 0
8294.4 0 0
8299.2 0 0
8304 0 0
8308.8 0 0
8313.6 0 0
8318.4 0 0
8323.2 0 0
8328 0 0
8332.8 0 0
8337.6 0 0
8342.4 0 0
8347.2 0 0
8352 0 0
8356.8 0 0
8361.6 0 0
8366.4 0 0
8371.2 0 0
8376 0 0
8380.8 0 0
8385.6 0 0
8390.4 0 0
8395.2 0 0
8400 0 0
8404.8 0 0
8409.6 0 0
8414.4 0 0
8419.2 0 0
8424 0 0
8428.8 0 0
8433.6 0 0
8438.4 0 0
8443.2 0 0
8448 0 0
8452.8 0 0
8457.6 0 0
8462.4 0 0
8467.2 0 0
8472 0 0
8476.8 0 0
8481.6 0 0
8486.4 0 0
8491.2 0 0
8496 0 0
8500.8 0 0
8505.6 0 0
8510.4 0 0
8515.2 0 0
8520 0 0
8524.8 0 0
8529.6 0 0
8534.4 0 0
8539.2 0 0
8544 0 0
8548.8 0 0
8553.6 0 0
8558.4 0 0
8563.2 0 0
8568 0 0
8572.8 0 0
8577.6 0 0
8582.4 0 0
8587.2 0 0
8592 0 0
8596.8 0 0
8601.6 0 0
8606.4 0 0
8611.2 0 0
8616 0 0
8620.8 0 0
8625.6 0 0
8630.4 0 0
8635.2 0 0
8640 0 0
8644.8 0 0
8649.6 0 0
8654.4 0 0
8659.2 0 0
8664 0 0
8668.8 0 0
8673.6 0 0
8678.4 0 0
8683.2 0 0
8688 0 0
8692.8 0 0
8697.6 0 0
8702.4 0 0
8707.2 0 0
8712 0 0
8716.8 0 0
8721.6 0 0
8726.4 0 0
8731.2 0 0
8736 0 0
