# 1:time 2:rho_c 3:temp_c 4:Ye_c 5:XL_c 6:x_m 7:y_m 8:rho_m 9:temp_m 10:Ye_m 11:XL_m
0.0 9.99999982452e-15 0.019999999553 0.40000000596 0.0 -13.5625 -0.0625 0.000883439206518 0.0100054042414 0.0778389945626 0.00509032502295
19.2 5.48148711751e-13 0.763399720192 0.163446798921 0.0 -13.4375 -1.0625 0.000965775572695 3.4782063961 0.077684417367 0.0440574464989
38.4 9.40892437747e-13 0.508986771107 0.148360684514 0.0 -13.0625 -3.3125 0.000873051059898 2.7279419899 0.0778012350202 0.00507870107258
57.6 1.77974787685e-11 1.35172796249 0.142011508346 0.0 -12.1875 -5.1875 0.00088270456763 2.60256791115 0.0777990818024 0.00701200145697
76.8 4.66906791008e-10 1.93413197994 0.133552074432 0.0 -11.0625 -7.0625 0.000871316995472 2.82619571686 0.0777903273702 0.00513372794889
96.0 2.8237859967e-11 0.791368961334 0.11771864444 0.0 -9.5625 -8.8125 0.00087001506472 2.81478500366 0.0777801126242 0.00505599196083
115.2 1.36877287282e-10 1.63916695118 0.136760517955 0.0 7.6875 10.1875 0.000875819299836 2.76763796806 0.0777774527669 0.00526874250852
134.4 4.29839247529e-10 2.34501671791 0.16103939712 0.0 5.6875 11.3125 0.000879597035237 2.68681907654 0.0777749344707 0.00571170640083
153.6 7.18939352495e-10 2.25554251671 0.248026490211 0.0 3.4375 12.0625 0.000870546151418 2.9041428566 0.0777710229158 0.00520504723593
172.8 2.40293313025e-10 2.06379508972 0.162247300148 0.0 -1.0625 -12.4375 0.000869835494086 2.91102313995 0.0777695551515 0.00517923999055
192.0 6.30715479844e-11 1.41141927242 0.181760445237 0.0 -1.4375 12.3125 0.000880448613316 2.705327034 0.0777628496289 0.00613005334397
211.2 1.51587978281e-10 1.76934218407 0.134132549167 0.0 3.6875 -11.8125 0.00087424198864 2.80290913582 0.0777652859688 0.0052463048164
230.4 1.49868048527e-10 1.61746871471 0.134019628167 0.0 5.9375 -10.8125 0.000868276518304 2.98169469833 0.0777643993497 0.00519971981627
249.6 5.5875588878e-11 1.40858972073 0.152554631233 0.0 7.9375 -9.4375 0.000875092635397 2.81247377396 0.0777631476521 0.00530153807817
268.8 9.74486394356e-11 1.69030201435 0.1530354321 0.0 9.5625 -7.6875 0.00087926100241 2.7228205204 0.0777613446116 0.00561060480028
288.0 1.04512856702e-10 1.64460492134 0.150096431375 0.0 10.9375 -5.5625 0.000870997784659 2.97027277946 0.0777571424842 0.00532317178256
307.2 1.43595732527e-10 1.8977856636 0.147329702973 0.0 11.6875 -3.3125 0.000868730945513 3.00428104401 0.0777581557631 0.00525459984883
326.4 1.59299684555e-10 1.98606264591 0.143537953496 0.0 12.0625 -0.9375 0.000879096973222 2.74897122383 0.077756896615 0.00557269644965
345.6 8.90399282083e-11 1.63785374165 0.145498305559 0.0 11.9375 1.5625 0.000875803234521 2.87163829803 0.0777573883533 0.00542197147565
364.8 3.29934218835e-10 2.51290035248 0.104225032032 0.0 -11.3125 -3.9375 0.000867248163559 3.08594346046 0.0777565762401 0.00528853314602
384.0 1.85285287113e-10 2.02949357033 0.137280851603 0.0 -10.1875 -6.1875 0.000873043609317 2.98269414902 0.0777546092868 0.00544482069259
403.2 9.72436367541e-11 1.67478489876 0.139671623707 0.0 -8.5625 -8.0625 0.000879320839886 2.82509851456 0.0777535513043 0.00578917381807
422.4 1.74428069211e-10 2.15455961227 0.141558974981 0.0 6.5625 9.6875 0.000871664495207 3.04997324944 0.0777524486184 0.00546891231105
441.6 1.58083990343e-10 1.86602973938 0.15444740653 0.0 -4.3125 -10.8125 0.000867547059897 3.17202711105 0.0777520388365 0.00542485277188
460.8 4.86072238015e-10 3.06261110306 0.141802951694 0.0 1.9375 11.4375 0.000876886944752 2.97622084618 0.0777458250523 0.00563101749901
480.0 2.91053653401e-10 2.13106107712 0.156824916601 0.0 -0.6875 11.5625 0.00087729038205 3.02905988693 0.0777471512556 0.00572897102907
499.2 1.48973791636e-10 1.78258156776 0.149669498205 0.0 -3.1875 11.0625 0.000868321105372 3.22407746315 0.0777481347322 0.00553836412804
518.4 4.04795641451e-10 2.72993707657 0.104892931879 0.0 -5.5625 10.0625 0.000870830961503 3.18406629562 0.07774746418 0.00561805462812
537.6 3.14089365627e-10 2.42041969299 0.102931879461 0.0 7.5625 -8.5625 0.000878808961716 3.01964354515 0.077743537724 0.00584615916319
556.8 3.59461932442e-10 1.88556671143 0.186610043049 0.0 -9.3125 6.6875 0.000873261713423 3.17723941803 0.0777448490262 0.00573843473818
576.0 1.45555001385e-09 1.65536344051 0.196254149079 0.0 -10.5625 4.4375 0.000867094669957 3.32614731789 0.0777448713779 0.005616401617
595.2 3.56365020826e-10 2.07369232178 0.172718673944 0.0 -11.3125 2.0625 0.000874706311151 3.22330880165 0.0777403637767 0.00588313796599
614.4 9.85461851011e-11 1.60924172401 0.138040289283 0.0 11.4375 0.5625 0.000878291146364 3.12670373917 0.0777426362038 0.00592873243662
633.6 2.4495366846e-10 2.23562097549 0.153493702412 0.0 11.0625 3.0625 0.00086898036534 3.35007810593 0.077742472291 0.00575573800129
652.8 2.43885106554e-10 2.015822649 0.154391855001 0.0 10.0625 5.4375 0.000868829723913 3.35790014267 0.0777395889163 0.00575881612654
672.0 3.8746761355e-10 2.41850781441 0.150980681181 0.0 8.6875 7.4375 0.000877629034221 3.26292967796 0.0777369141579 0.00610161932996
691.2 2.93710639143e-10 2.23653459549 0.164348766208 0.0 -6.8125 -9.1875 0.000875206431374 3.31886053085 0.0777382031083 0.00605577919883
710.4 1.50252629783e-10 1.80131959915 0.161207869649 0.0 -4.5625 -10.4375 0.000867334019858 3.50141477585 0.0777347832918 0.00587946370812
729.6 7.47613748686e-10 2.97980952263 0.186117455363 0.0 2.1875 11.1875 0.00087251275545 3.42849326134 0.0777345970273 0.00606852897085
748.8 9.33385813084e-10 2.65659952164 0.204696163535 0.0 0.3125 -11.4375 0.000878525781445 3.3344681263 0.0777356848121 0.00626294252536
768.0 2.77991130115e-10 2.1829264164 0.180036604404 0.0 2.8125 -11.0625 0.000870940333698 3.50267744064 0.0777329206467 0.00609053856134
787.2 3.13843867561e-10 2.71499896049 0.173471435905 0.0 5.1875 -10.1875 0.000868092349265 3.57924818993 0.0777333825827 0.0060346727582
806.4 3.29265475996e-10 1.79751217365 0.2021882236 0.0 7.3125 -8.8125 0.000876191188581 3.44308781624 0.0777337253094 0.00629990156342
825.6 1.79622691721e-10 1.13882040977 0.243370562792 0.0 -9.0625 7.0625 0.000876754580531 3.43386220932 0.0777327865362 0.00631730011977
844.8 7.51693651768e-10 3.31023859978 0.198955640197 0.0 10.4375 -4.8125 0.000868177798111 3.64854001999 0.0777321308851 0.00614139048607
864.0 4.32703345377e-10 2.54825019836 0.210424676538 0.0 -11.1875 2.4375 0.000870487478096 3.62536907196 0.0777311474085 0.00624424395403
883.2 9.2895863224e-10 2.76878595352 0.177370652556 0.0 11.4375 0.0625 0.00087823276408 3.51334190369 0.0777302756906 0.00652778285895
902.4 8.69411709292e-10 1.66745626926 0.172188699245 0.0 11.1875 2.5625 0.000873022712767 3.61915612221 0.0777322128415 0.00638496504458
921.6 9.52766421314e-10 1.61246204376 0.172279119492 0.0 -10.3125 -4.9375 0.000867352937348 3.74934649467 0.0777316316962 0.00624039752983
940.8 9.90807658141e-10 3.02331519127 0.198258176446 0.0 8.9375 7.0625 0.000873805489391 3.65101575851 0.0777307748795 0.00648221098766
960.0 1.57267268652e-10 1.49676048756 0.203471958637 0.0 -7.0625 -8.8125 0.000877283979207 3.61583757401 0.0777252689004 0.00663252091842
979.2 3.12128850544e-10 2.10009694099 0.20291697979 0.0 4.9375 10.0625 0.000869496550877 3.74064445496 0.0777269229293 0.00635979165444
998.4 2.87938589638e-10 2.14705634117 0.199674636126 0.0 -2.5625 -10.9375 0.000868780596647 3.8041331768 0.0777309238911 0.00640830625317
1017.6 7.71429031765e-10 2.5937435627 0.214960411191 0.0 0.0625 -11.1875 0.000876508769579 3.70481944084 0.0777239277959 0.00673088367463
1036.8 2.43881248529e-10 1.98931610584 0.209310352802 0.0 2.5625 -10.8125 0.000874404446222 3.7515232563 0.0777270570397 0.00667628341856
1056.0 1.46327050476e-09 3.95268797874 0.21362324059 0.0 4.9375 -9.8125 0.000867508293595 3.86533927917 0.0777247548103 0.00642222125742
1075.2 2.75629341573e-09 3.809633255 0.196767657995 0.0 7.0625 -8.4375 0.000871540163644 3.85128378868 0.0777271687984 0.00665373647424
1094.4 4.03416577921e-10 2.27847933769 0.217964351177 0.0 8.8125 -6.4375 0.00087707984494 3.7606549263 0.0777206346393 0.00685474107832
1113.6 1.22282284298e-09 2.62165093422 0.21206368506 0.0 9.9375 -4.1875 0.00087090046145 3.88352775574 0.0777287781239 0.00666345725875
1132.8 1.57926416389e-09 2.97059893608 0.187665060163 0.0 10.5625 -1.6875 0.000867011316586 3.98208403587 0.0777294412255 0.00656238972933
1152.0 8.26862189829e-10 2.53611326218 0.194666013122 0.0 10.5625 0.9375 0.000873855315149 3.87431669235 0.0777283012867 0.00683506540204
1171.2 5.98580573996e-10 2.34414792061 0.226567625999 0.0 9.9375 3.5625 0.000875231809914 3.84476804733 0.0777182430029 0.00687516030961
1190.4 1.16910059411e-09 2.70907139778 0.179316177964 0.0 -8.6875 -5.8125 0.000867670576554 4.02276706696 0.0777255818248 0.00666485451068
1209.6 1.26662846878e-09 3.29533624649 0.21562898159 0.0 6.9375 7.8125 0.000868496892508 4.01317977905 0.0777154117823 0.00670612741224
1228.8 3.29534532995e-09 2.93149065971 0.174528777599 0.0 -4.6875 -9.1875 0.000874629535247 3.95161747932 0.0777232125401 0.0070069232201
1248.0 2.11236317327e-09 3.48671793938 0.205800160766 0.0 -2.1875 -10.0625 0.000871701631695 4.00809764862 0.0777133926749 0.00690700394084
1267.2 1.7098249927e-08 3.87743830681 0.115813352168 0.0 0.4375 -10.1875 0.000866244081408 4.13627624512 0.0777127072215 0.00674655909503
1286.4 2.31906627235e-09 2.84615826607 0.163446590304 0.0 -3.0625 9.5625 0.00087043386884 4.10690355301 0.0777222365141 0.00697928338431
1305.6 2.33537242877e-08 2.39417171478 0.0702003613114 0.0 -5.4375 8.4375 0.000873844255693 4.04454565048 0.0777062475681 0.00710526462136
1324.8 1.75790706436e-08 1.18053650856 0.0728287100792 0.0 7.4375 -6.5625 0.000868094793987 4.18525409698 0.0777175500989 0.00694432408759
1344.0 7.49982902448e-08 7.27092075348 0.197604432702 0.0 -8.9375 4.3125 0.000865929352585 4.22707748413 0.077714189887 0.00685997394564
1363.2 6.86935948124e-07 4.08998394012 0.0802889615297 0.0 9.6875 -1.6875 0.00087194488151 4.16234064102 0.077718950808 0.00716770663339
1382.4 3.18280854117e-07 2.79181861877 0.0744512975216 0.0 9.6875 0.9375 0.000871907861438 4.15168571472 0.0777003094554 0.00715112776642
1401.6 3.91382172893e-07 4.52838516235 0.0732743144035 0.0 -9.0625 -3.5625 0.000865290872753 4.27313137054 0.0776986777782 0.00688816305001
1420.8 4.79758512029e-07 2.70176577568 0.076372794807 0.0 7.5625 5.9375 0.000866107933689 4.31791496277 0.0777108296752 0.00701237856042
1440.0 8.56946485328e-07 3.8541662693 0.0737019628286 0.0 5.5625 7.8125 0.00087172590429 4.26261043549 0.0777166187763 0.00731098827607
1459.2 1.00709780781e-06 5.39108657837 0.0603118129075 0.0 3.0625 8.9375 0.000868717150297 4.30790805817 0.0777018591762 0.00717916896337
1478.4 7.43304383377e-07 4.94118452072 0.101944588125 0.0 -0.4375 -9.4375 0.000863732420839 4.42022848129 0.0777093023062 0.0069996163754
1497.6 9.65866888691e-07 5.4373922348 0.101139709353 0.0 -2.3125 9.0625 0.000866635004058 4.38962268829 0.0777069479227 0.00715990762723
1516.8 1.23184611311e-06 5.7188949585 0.0885701850057 0.0 4.8125 -7.9375 0.000869524898008 4.36812210083 0.0777082741261 0.00732963827236
1536.0 5.10961581313e-06 9.1984539032 0.107521660626 0.0 6.9375 -6.0625 0.000864215311594 4.48832416534 0.0777047276497 0.00713549244172
1555.2 6.10957158642e-06 9.92437362671 0.105574451387 0.0 8.3125 -3.6875 0.000861558888573 4.54908895493 0.0777037665248 0.00703569324953
1574.4 5.8812761381e-06 3.76210403442 0.103140749037 0.0 -8.9375 0.9375 0.000865821784828 4.48709440231 0.0776965469122 0.00725051326697
1593.6 6.86995917931e-06 12.6392860413 0.113344445825 0.0 8.6875 1.8125 0.000864373752847 4.55550432205 0.0777068138123 0.00725117756472
1612.8 1.77970850928e-05 17.718082428 0.107420526445 0.0 -7.5625 -4.4375 0.000857154256664 4.71553707123 0.0777005627751 0.00694814192719
1632.0 7.64309370425e-05 10.0234994888 0.0621346086264 0.0 -5.6875 -6.4375 0.000856348313391 4.80132293701 0.0777208581567 0.00701002531062
1651.2 0.000103941420093 10.0837726593 0.0479896254838 0.0 -3.0625 -7.8125 0.000858439540025 4.75233316422 0.077706515789 0.00709940735951
1670.4 0.00012462704035 14.766204834 0.0511076413095 0.0 -0.1875 -8.1875 0.000849927659146 4.95746612549 0.0777013897896 0.006725698077
1689.6 0.000169568666024 15.430513382 0.0466340854764 0.0 2.6875 -7.4375 0.000839415355586 5.22754049301 0.0776930600405 0.00620880879091
1708.8 0.00021292254678 18.4655857086 0.0407264642417 0.0 -5.0625 5.5625 0.000836399383843 5.2432718277 0.0776889100671 0.00597010892191
1728.0 0.000310866074869 22.3524055481 0.0407845340669 0.0 -6.3125 2.8125 0.000832356454339 5.12927436829 0.0776928290725 0.00549585028226
1747.2 0.000698818592355 4.97389411926 0.0616236031055 6.89794909613e-05 -6.0625 -0.1875 0.00081814796431 4.6223115921 0.0776231437922 0.00383914044847
1766.4 0.0008503983845 5.85507631302 0.0588948018849 0.0104115002801 0.0625 -0.3125 0.000853700155858 9.14717102051 0.0585994049907 0.0166252020981
1785.6 0.000920220452826 3.77067303658 0.0660081654787 0.0276091078787 0.3125 0.3125 0.000927020737436 4.47138547897 0.0631094425917 0.0321160731495
1804.8 0.000947829568759 7.11944961548 0.0656251609325 0.0440574359308 0.0625 -0.0625 0.000949127948843 6.79052495956 0.0656025484204 0.0440914898696
1824.0 0.00092173286248 6.67016887665 0.0649012252688 0.0327658376413 -0.8125 0.0625 0.000933842442464 1.1755849123 0.0701680183411 0.0303525898294
1843.2 0.000881950778421 4.56341838837 0.0694371759892 0.0110630697942 1.9375 1.3125 0.000904783664737 3.60699129105 0.0759308412671 0.0186316536977
1862.4 0.000813446182292 10.0567960739 0.0687934607267 0.010442410755 0.9375 2.6875 0.000890961789992 3.88190436363 0.0757011771202 0.0129615464101
1881.6 0.000745291588828 17.5620994568 0.0627203807235 0.0133204478813 0.6875 -3.3125 0.000852796598338 3.94843387604 0.0765569210052 0.00573047387751
1900.8 0.000720245705452 30.5391960144 0.0598769299686 0.0400789726241 2.6875 -1.8125 0.00081941584358 3.7471139431 0.0766014009714 0.00328708118467
1920.0 0.000733965949621 30.1545543671 0.0601715557277 0.0414588350822 -2.8125 -0.8125 0.000827983021736 4.08773088455 0.0757056325674 0.00424581630742
1939.2 0.000792718899902 38.9436645508 0.0597691088915 0.0787914648284 -0.9375 -0.8125 0.00085515138926 0.0100001981482 0.0740457847714 0.00276859813426
1958.4 0.000827839772683 37.1790657043 0.0616279914975 0.0818217642092 0.0625 -0.6875 0.0008729895344 8.20141410828 0.0689986944199 0.0159501622075
1977.6 0.000736860907637 35.8333320618 0.0611381009221 0.0578284956285 2.8125 -1.1875 0.000868547300342 4.03670215607 0.077191889286 0.00681868539225
1996.8 0.000551131437533 33.3632621765 0.0591028705239 0.0248275356222 3.1875 0.9375 0.000881132029463 4.16584777832 0.0772759616375 0.00878534525318
2016.0 0.000455614936072 40.0530166626 0.0622875466943 0.0329048510744 -2.4375 -2.8125 0.000871252850629 3.90509104729 0.0768984481692 0.00683806459057
2035.2 0.000639952952042 43.6335601807 0.0556876920164 0.0649750204375 0.0625 -3.8125 0.000863068678882 4.00019073486 0.0762154310942 0.00653222404635
2054.4 0.000673563452438 43.3868789673 0.0557058081031 0.0690911341978 -2.4375 2.3125 0.000858054263517 3.73258399963 0.0738956928253 0.00612404248741
2073.6 0.00068661099067 34.9120750427 0.0629705563188 0.0452250272895 -3.6875 0.4375 0.000851661432534 4.17245149612 0.0745738968253 0.00617516726864
2092.8 0.000649141089525 36.2417755127 0.0635937824845 0.0434280608077 3.4375 1.3125 0.000848409021273 3.21386170387 0.0737377256155 0.00488395560696
2112.0 0.000677319418173 34.2286491394 0.0633822157979 0.0415303610673 2.0625 3.1875 0.000867399037816 2.96701645851 0.074473939836 0.00558956200449
2131.2 0.000674640352372 44.6888122559 0.0595366284251 0.0726251920573 -0.3125 3.5625 0.000882710504811 3.91257762909 0.0745537281036 0.00950545375563
2150.4 0.000750762876123 51.3756370544 0.0588149018586 0.1074332854 -1.6875 2.3125 0.000906856788788 3.57092380524 0.0760702192783 0.0194698449059
2169.6 0.000809510878753 54.3209609985 0.0581814274192 0.128298287782 -2.0625 0.5625 0.000938167155255 3.94292998314 0.0760910958052 0.0334028248514
2188.8 0.00085845211288 53.9166145325 0.058961443603 0.13713747517 -1.3125 -0.1875 0.000958105549216 3.38151192665 0.0710152387619 0.0424188573237
2208.0 0.000880297913682 41.7262802124 0.0612218640745 0.107018623945 -0.6875 0.9375 0.000951427908149 3.11444616318 0.074140354991 0.0386051758031
2227.2 0.000887801521458 29.193775177 0.0686449930072 0.0727817828241 -0.9375 0.0625 0.000942150130868 3.58429527283 0.0769050195813 0.0345019528001
2246.4 0.000833380850963 37.4876365662 0.0638145655394 0.0835812952414 -0.8125 -0.8125 0.000933467585128 0.0100002028048 0.0778596401215 0.028110508371
2265.6 0.000829451833852 40.5584220886 0.062421195209 0.0918054936601 -0.0625 -1.5625 0.000929571804591 7.15194225311 0.075357362628 0.0345805504164
2284.8 0.000850321550388 26.2397346497 0.0675411596894 0.0553618967121 0.9375 -0.1875 0.000928664347157 3.77189350128 0.0742611438036 0.0295532119452
2304.0 0.000889727380127 27.8085651398 0.066763728857 0.0700610860465 0.5625 0.3125 0.000957547686994 6.60654354095 0.0732227787375 0.0453963307812
2323.2 0.000941702863201 19.7999210358 0.0692234039307 0.0668230253765 0.3125 0.4375 0.000968539214227 16.0837879181 0.0718750059605 0.067108041943
2342.4 0.000956926553044 20.4020023346 0.0690722540021 0.073445002877 0.1875 0.9375 0.000984826474451 17.624835968 0.0703167319298 0.0763311205028
2361.6 0.000923659245018 23.5120868683 0.0611638389528 0.0715566443567 -0.9375 0.3125 0.000974502356257 5.49095630646 0.0706995055079 0.0513552532852
2380.8 0.000880006176885 31.4604225159 0.0596498660743 0.0783782453688 -0.8125 -0.3125 0.000944438215811 11.0725708008 0.0695786327124 0.048710774532
2400.0 0.000849903910421 33.0190963745 0.0599266178906 0.0755301431445 -2.0625 0.3125 0.000920534774195 5.68684577942 0.0656726211309 0.0305220331856
2419.2 0.000835309736431 35.981590271 0.06469527632 0.0795461740106 -1.6875 -1.3125 0.000920534192119 7.55293226242 0.0650836154819 0.0337381347537
2438.4 0.000834206701256 34.8104667664 0.0652722269297 0.075798366193 -0.5625 -1.9375 0.000923939049244 9.47272109985 0.0652066096663 0.0386282320752
2457.6 0.000875782978255 23.3058853149 0.0657309964299 0.0536582763842 0.6875 -1.1875 0.000935514923185 5.98310041428 0.0726326182485 0.0357476167134
2476.8 0.000894301454537 22.3393211365 0.0662287324667 0.0572119791652 0.8125 0.4375 0.000944821804296 1.21573710442 0.0737473964691 0.0344604909538
2496.0 0.000907630077563 26.3230876923 0.0638838484883 0.0727642982423 0.5625 0.8125 0.000963041326031 3.28615236282 0.0768498703837 0.04297346805
2515.2 0.000934436509851 31.3438549042 0.0640732720494 0.0945635569266 -0.4375 1.0625 0.000975866510998 5.68525314331 0.0773766711354 0.0504018070962
2534.4 0.000969827407971 17.0514640808 0.0741544887424 0.0690694943775 -0.5625 0.3125 0.000992540502921 1.55068147182 0.0774062946439 0.054110758266
2553.6 0.000976070994511 7.52795791626 0.0742647573352 0.053642658881 -0.6875 -0.3125 0.000993409310468 4.92716360092 0.0763060301542 0.0567622552396
2572.8 0.00096725882031 5.32822751999 0.0732882320881 0.0476139568742 0.0625 -0.8125 0.000984024256468 1.49598407745 0.0753604620695 0.0510982880691
2592.0 0.000960972451139 3.55070543289 0.0715755596757 0.0436392085696 0.3125 -0.6875 0.000976369716227 5.67338132858 0.0734917670488 0.0515864067378
2611.2 0.00096174684586 4.10694074631 0.0725225061178 0.0442537135869 0.6875 -0.3125 0.00098585546948 4.60900974274 0.0730715617537 0.0543781556905
2630.4 0.0009732391336 2.14285802841 0.0738390311599 0.0472286720395 0.8125 0.1875 0.00100131717045 4.51995372772 0.0733351558447 0.0605107585698
2649.6 0.000979298958555 2.55887198448 0.0758224725723 0.0494742811276 0.4375 0.6875 0.00100990734063 4.03492736816 0.0735867619514 0.0644113492652
2668.8 0.000986175262369 3.84205722809 0.0769786760211 0.0528174144207 -0.1875 0.6875 0.00101453182288 4.16768074036 0.074095480144 0.0666650652188
2688.0 0.000990147236735 5.02865886688 0.077001541853 0.0553903875021 -0.5625 0.4375 0.00101404543966 4.26032304764 0.0748185887933 0.0662759740272
2707.2 0.000996243208647 5.14111280441 0.0773453488946 0.0577690639313 -0.8125 -0.0625 0.00101652904414 4.20505237579 0.0746086239815 0.0675357153656
2726.4 0.000996168819256 5.55088758469 0.0772755667567 0.0581499484949 -0.5625 -0.5625 0.00101398653351 3.64704275131 0.0749468132854 0.0658265278383
2745.6 0.000990257132798 5.5594997406 0.0773534923792 0.0558599569682 0.0625 -0.8125 0.00100917520467 2.10003423691 0.0744777992368 0.0628643694248
2764.8 0.000978369265795 3.02914142609 0.0769004821777 0.0490939580254 0.4375 -0.5625 0.0010048475815 1.77112948895 0.0743363499641 0.0606181322816
2784.0 0.000988801708445 5.31855154037 0.0760455653071 0.0554042452411 0.5625 -0.0625 0.00100999686401 3.92279601097 0.0737200006843 0.06434865033
2803.2 0.00099633843638 4.77654314041 0.0750525668263 0.0581228363951 0.6875 0.6875 0.00101750472095 9.53283596039 0.0740167722106 0.0738645601964
2822.4 0.00100300344639 5.06607246399 0.0734994933009 0.0617552117796 0.0625 0.9375 0.00102525134571 5.91934108734 0.0744168758392 0.0732309468889
2841.6 0.00100016943179 11.998547554 0.0716482326388 0.0702805113075 -0.5625 0.6875 0.00102497648913 4.58664512634 0.0740987062454 0.0721191909629
2860.8 0.00100123067386 11.9593267441 0.0708671584725 0.0709119760956 -0.9375 0.0625 0.00102562783286 4.27672624588 0.074297837913 0.0721743569813
2880.0 0.00100123265292 10.7633476257 0.0703839734197 0.0690401889945 -0.8125 -0.5625 0.0010240903357 4.58995389938 0.074647732079 0.0715271972213
2899.2 0.00100689497776 7.10407924652 0.0710284486413 0.0664465706163 -0.3125 -0.9375 0.00102750340011 4.04327630997 0.0751018077135 0.0727187450408
2918.4 0.00100867997389 9.05924701691 0.0707700625062 0.0698886294978 0.3125 -0.9375 0.00103214150295 1.85025167465 0.0763694867492 0.0737257857761
2937.6 0.000999649870209 12.4690885544 0.0691519752145 0.0715582753148 0.8125 -0.4375 0.00103191751987 3.23964571953 0.0764459595084 0.0740760827157
2956.8 0.00100631220266 9.4093503952 0.0696010813117 0.0695851092997 0.6875 -0.0625 0.00103268411476 4.45072793961 0.0756377950311 0.0753592847773
2976.0 0.00100889941677 11.3341293335 0.0739824846387 0.0725968861572 0.5625 0.4375 0.00103389436845 7.81989955902 0.0744661167264 0.0793062563285
2995.2 0.001016757451 6.90571022034 0.0761780291796 0.0695855449896 0.0625 0.6875 0.00103540660348 8.04539680481 0.0736439153552 0.0805079263774
3014.4 0.00102331535891 3.15231227875 0.0755427107215 0.0700484715156 -0.3125 0.5625 0.00103747018147 5.39743041992 0.0749546736479 0.0785587063931
3033.6 0.00102610327303 5.58389902115 0.0742625594139 0.0733952924937 -0.5625 0.1875 0.00103780766949 3.46198248863 0.0764959976077 0.077054891501
3052.8 0.0010273528751 4.88232278824 0.0748447179794 0.0732825034305 -0.5625 -0.4375 0.00103748275433 2.33319282532 0.0771754086018 0.0762533506573
3072.0 0.00102651433554 4.45543289185 0.0754376873374 0.0723980589924 -0.1875 -0.8125 0.00103739614133 2.3597676754 0.077365860343 0.0761630391624
3091.2 0.00102349172812 4.41441297531 0.0760196447372 0.0707160373202 0.3125 -0.6875 0.00104103342164 3.90880918503 0.0774950385094 0.0785627051546
3110.4 0.00102444225922 7.33070993423 0.0767793059349 0.073602376679 0.6875 -0.3125 0.00104300456587 3.90028309822 0.0775411501527 0.0795013395226
3129.6 0.00103154603858 4.89438486099 0.0767961740494 0.0747756423923 0.6875 0.1875 0.00104560155887 3.18542003632 0.0773280709982 0.080483164344
3148.8 0.00103546807077 5.26897287369 0.0768550634384 0.0769379654214 0.4375 0.3125 0.00104491144884 4.29467248917 0.0767019987106 0.0808912361085
3168.0 0.00103575433604 5.73606014252 0.0767732858658 0.0774817626761 -0.0625 0.5625 0.00104704708792 5.52182149887 0.0756000876427 0.0830658084197
3187.2 0.0010416720761 4.35019350052 0.0775318518281 0.0791161151487 -0.4375 0.3125 0.00104832230136 7.15877485275 0.0747583135962 0.0853337011834
3206.4 0.00104384263977 6.36280584335 0.0758408084512 0.0821643512333 -0.5625 -0.0625 0.00104868609924 8.81177711487 0.073764808476 0.0875527369535
3225.6 0.00104280619416 9.05298042297 0.0733625590801 0.0852275028102 -0.4375 -0.1875 0.00104810250923 7.22959518433 0.0742413029075 0.0854472950077
3244.8 0.00104154285509 5.57707643509 0.0738281980157 0.0809853877618 -0.1875 -0.5625 0.00104750471655 6.01125526428 0.0753764510155 0.0837373676584
3264.0 0.00104027416091 3.07206606865 0.0740039944649 0.0788178439773 0.3125 -0.5625 0.001047299942 6.41010141373 0.0754938796163 0.0839470944255
3283.2 0.00103755423333 4.5646443367 0.0741074904799 0.0782509242775 0.5625 -0.1875 0.00104800180998 6.8435754776 0.0751402154565 0.0847682249476
3302.4 0.00103675562423 7.57329511642 0.0765556693077 0.0797945890472 0.5625 0.0625 0.00104885804467 6.29816102982 0.0744045823812 0.0849020883162
3321.6 0.00103841163218 8.26710700989 0.0763704702258 0.0814071441268 0.3125 0.4375 0.00105135375634 5.02329158783 0.0742600560188 0.0851589544525
3340.8 0.00104144273791 10.3293399811 0.0750677287579 0.0857779993629 -0.0625 0.5625 0.00105397729203 4.87650871277 0.0741459578276 0.0863504499147
3360.0 0.00104227790143 15.2938051224 0.0722756385803 0.0946527705449 -0.5625 0.3125 0.00105569849256 5.07498502731 0.0741469934583 0.0872986926725
3379.2 0.00103780487552 17.8357906342 0.0699595212936 0.097993441637 -0.6875 -0.0625 0.00105523096863 4.59355545044 0.0744128227234 0.0866960498578
3398.4 0.00104285753332 17.1497135162 0.07019200176 0.0987541143021 -0.5625 -0.4375 0.00105545204133 3.19142842293 0.0750914663076 0.0859088809038
3417.6 0.00104809587356 11.3856544495 0.0738118588924 0.0905988374027 -0.1875 -0.5625 0.00105690478813 2.34301066399 0.0757431462407 0.0861309910023
3436.8 0.00105106818955 4.52772569656 0.0770063176751 0.083902746122 0.3125 -0.5625 0.00105812691618 2.62661409378 0.0755510553718 0.0868606392796
3456.0 0.00105027481914 4.84993648529 0.0774114057422 0.0836072204102 0.5625 -0.1875 0.00105870421976 1.84677791595 0.0758493691683 0.0868463224682
3475.2 0.0010502213845 5.58576345444 0.0773314461112 0.0841235094325 0.5625 0.3125 0.00105974415783 2.56014990807 0.0756114721298 0.0876003579131
3494.4 0.00105343351606 5.08325481415 0.0769340246916 0.0854094422276 0.1875 0.5625 0.00106035429053 3.26189136505 0.0755132436752 0.0881652345781
3513.6 0.00105348008219 6.32839822769 0.0757064074278 0.0867349551967 -0.1875 0.5625 0.00106194324326 5.49225282669 0.074730746448 0.0903664838989
3532.8 0.00105626147706 8.88272762299 0.0741765573621 0.0909958926429 -0.5625 0.3125 0.00106361927465 6.04323339462 0.0744030028582 0.0916500657164
3552.0 0.00105459825136 8.71691513062 0.0738553181291 0.0901405368672 -0.5625 -0.0625 0.00106089573819 6.85474681854 0.0745465829968 0.0909921927597
3571.2 0.00105799210723 6.42039632797 0.0752843469381 0.0890560608914 -0.3125 -0.4375 0.00106224149931 7.60738134384 0.0747569799423 0.0922464832711
3590.4 0.00105871411506 8.31457138062 0.0751596465707 0.0912211717616 0.0625 -0.5625 0.00106382754166 9.83831310272 0.0746194422245 0.0954077998948
3609.6 0.00105711992364 10.6759634018 0.0738182812929 0.093667541572 0.3125 -0.4375 0.00106225546915 12.7386312485 0.0737415105104 0.0987939564717
3628.8 0.00105751759838 11.5337982178 0.0737006515265 0.0950301111801 0.4375 -0.3125 0.00106215034612 12.8172006607 0.0735441297293 0.0989172821082
3648.0 0.00105579930823 10.9865484238 0.0739557668567 0.0934539450156 0.4375 0.0625 0.00106383778621 12.296708107 0.0736827999353 0.0988708676419
3667.2 0.00105804984923 8.33384037018 0.07470010221 0.0910685771925 0.1875 0.3125 0.00106317526661 12.3739471436 0.073486931622 0.0987443982331
3686.4 0.00105994218029 10.5184230804 0.0737753361464 0.0947418696116 0.0625 0.6875 0.00106485269498 11.8642063141 0.0730365440249 0.0988874945285
3705.6 0.00105942366645 14.5330266953 0.0716903805733 0.100870506849 -0.3125 0.4375 0.00106644059997 10.4022521973 0.0737787261605 0.0974965473147
3724.8 0.00106437318027 9.89081573486 0.0746595337987 0.0957022089419 -0.4375 0.0625 0.00106843060348 8.40017223358 0.0747285485268 0.0958748572663
3744.0 0.00106782908551 4.56365823746 0.0770305097103 0.0918858944518 -0.3125 -0.3125 0.00107028894126 7.29585123062 0.0750716626644 0.0955746834293
3763.2 0.00106798845809 3.17869591713 0.0770406350493 0.0913224829801 -0.0625 -0.4375 0.00107167381793 5.32564496994 0.075377419591 0.0946310329214
3782.4 0.00106784759555 3.42247438431 0.0762734934688 0.0915770555175 0.3125 -0.4375 0.00107270583976 6.82584238052 0.0746271833777 0.0964172300475
3801.6 0.00106599193532 6.02709388733 0.0750641301274 0.0925539249924 0.4375 -0.0625 0.00107249605935 6.04682779312 0.0747964084148 0.0956764607929
3820.8 0.0010645102011 8.14348888397 0.0736272633076 0.0941407499356 0.4375 0.1875 0.00107214564923 8.10344409943 0.0743241384625 0.0973839004108
3840.0 0.00106454466004 7.53970432281 0.073831140995 0.0935154126362 0.1875 0.4375 0.00107119220775 8.98281097412 0.0744583234191 0.0978005009676
3859.2 0.00106619042344 7.63257312775 0.074964158237 0.0940279955394 -0.1875 0.4375 0.00107110338286 9.66903877258 0.074599608779 0.0984773444328
3878.4 0.00106843980029 8.86757946014 0.0748851522803 0.0963164727699 -0.4375 0.1875 0.00107165356167 10.5322771072 0.0746188387275 0.0997246046079
3897.6 0.00107024610043 10.30864048 0.0747207254171 0.0988039699327 -0.4375 -0.1875 0.00107269803993 11.0701789856 0.0745638087392 0.10086375983
3916.8 0.0010714820819 10.476981163 0.0746135786176 0.0995847291516 -0.1875 -0.4375 0.00107329140883 11.6413631439 0.0743443220854 0.101912435296
3936.0 0.00107040780131 12.6381626129 0.0729150250554 0.102409706406 0.0625 -0.5625 0.00107445335016 12.3761606216 0.0734253898263 0.103651174462
3955.2 0.00107003387529 11.7428817749 0.0734244659543 0.100884311969 0.3125 -0.4375 0.00107512320392 11.4460773468 0.0734049081802 0.102729686403
3974.4 0.00107035960536 6.07570409775 0.0764235556126 0.0942254490173 0.4375 -0.1875 0.00107458804268 8.68539619446 0.0748343765736 0.0989188649166
3993.6 0.00107060431037 3.37134027481 0.0772507563233 0.0925741914614 0.4375 0.1875 0.0010751192458 7.81417608261 0.0751339197159 0.0982314812768
4012.8 0.0010712047806 3.550958395 0.0773609578609 0.0928963217682 0.1875 0.4375 0.00107566488441 7.25361967087 0.0751986205578 0.0979661503273
4032.0 0.00107190827839 4.00374317169 0.0769770294428 0.0935399936924 -0.1875 0.3125 0.00107635802124 6.40474128723 0.0756244137883 0.0974826897518
4051.2 0.00107221258804 4.07763671875 0.0766645371914 0.0938120103791 -0.3125 0.0625 0.00107626174577 5.98507404327 0.0755510404706 0.0971554672904
4070.4 0.00107368954923 6.78437280655 0.0741975530982 0.0969645121095 -0.3125 -0.1875 0.00107679818757 6.85042762756 0.0746961981058 0.0982976518436
4089.6 0.00107451772783 7.13471651077 0.0738944932818 0.0977239660317 -0.1875 -0.4375 0.00107687606942 7.85201120377 0.0741645619273 0.0993486875872
4108.8 0.00107256614137 7.46197319031 0.0745977908373 0.0969073743389 0.1875 -0.3125 0.00107749656308 7.49638938904 0.0741501152515 0.0993202905592
4128.0 0.00107182736974 7.79007101059 0.0746401324868 0.0968527118509 0.4375 -0.1875 0.00107694079634 7.93452119827 0.0744024664164 0.0993843429842
4147.2 0.00107063562609 7.81588506699 0.0749505087733 0.0962428430541 0.4375 0.1875 0.0010765605839 7.98353862762 0.0745931789279 0.0992008795437
4166.4 0.00107054540422 7.06216049194 0.0755682811141 0.0953458099883 0.3125 0.4375 0.00107633962762 8.73106193542 0.0746128112078 0.0998184605466
4185.6 0.00107249140274 8.82018756866 0.0752314254642 0.0979968172239 -0.0625 0.5625 0.00107567943633 9.09490966797 0.074483551085 0.099927414507
4204.8 0.00107114296407 11.1983318329 0.0739496722817 0.100513189934 -0.4375 0.3125 0.00107638211921 9.50418186188 0.0744266211987 0.100698808825
4224.0 0.00107366393786 8.98661804199 0.075072042644 0.0987389585343 -0.5625 0.0625 0.00107705802657 9.60452365875 0.0742456689477 0.101161802884
4243.2 0.00107582507189 4.71973609924 0.0768760144711 0.0957704317407 -0.4375 -0.3125 0.00107798154932 9.01682376862 0.0746416524053 0.10083017213
4262.4 0.00107548129745 3.07690787315 0.0770673304796 0.0948289359689 -0.0625 -0.4375 0.00107841915451 7.67382574081 0.0754827186465 0.0994991503018
4281.6 0.00107443553861 3.36513066292 0.0766618996859 0.0945601152838 0.1875 -0.3125 0.00107889866922 6.0593328476 0.076123662293 0.0982562536284
4300.8 0.00107348919846 3.35565757751 0.0767618343234 0.0940796149874 0.4375 -0.1875 0.00107937969733 6.92416858673 0.0753639191389 0.0993408398911
4320.0 0.00107724347617 5.34596395493 0.0757585018873 0.097128192177 0.4375 0.1875 0.00108188623562 7.01862716675 0.075077354908 0.100648828764
4339.2 0.00107488746289 7.06405496597 0.074431926012 0.0976760292221 0.1875 0.4375 0.00108200870454 7.20978307724 0.074591435492 0.101003148352
4358.4 0.00107272877358 8.00549316406 0.0741627290845 0.0976057979422 -0.1875 0.4375 0.00107872241642 7.27295875549 0.0742909312248 0.0996451590191
4377.6 0.00107440946158 8.40792560577 0.0741882324219 0.0987512057713 -0.4375 0.3125 0.00107919832226 7.43994855881 0.0742965638638 0.10000398662
4396.8 0.00107640353963 8.52810287476 0.0742447152734 0.0997503587969 -0.4375 -0.0625 0.0010806171922 7.442943573 0.074552603066 0.100576624789
4416.0 0.00107852020301 7.20700550079 0.0753448158503 0.0991893830291 -0.3125 -0.4375 0.00108226260636 7.3846578598 0.0746321678162 0.101251296946
4435.2 0.00108005478978 4.28278493881 0.076082251966 0.0977641420026 0.0625 -0.4375 0.00108435051516 6.8885269165 0.0751666352153 0.101639711333
4454.4 0.00107795419171 5.1251578331 0.0757907032967 0.0973178198447 0.3125 -0.3125 0.00108412373811 6.40313100815 0.0753469690681 0.101130456622
4473.6 0.00107403076254 8.84136867523 0.0747213661671 0.0988597063587 0.5625 -0.0625 0.00108320359141 6.75082445145 0.075081884861 0.101041793262
4492.8 0.00107379013207 8.68492698669 0.0751296728849 0.0984728770359 0.4375 0.3125 0.0010830006795 6.79174089432 0.0750203505158 0.100997389012
4512.0 0.00107502588071 7.11575460434 0.0757547318935 0.0973951534375 0.1875 0.5625 0.00108240416739 6.99546051025 0.0748118981719 0.100944211381
4531.2 0.00107750575989 6.60469818115 0.0757754445076 0.0981164109562 -0.1875 0.4375 0.00108321837615 7.47468709946 0.0745304152369 0.101790448835
4550.4 0.00107956305146 6.81118011475 0.0752554610372 0.099370803359 -0.5625 0.1875 0.00108415773138 6.89389038086 0.0748319476843 0.10165473416
4569.6 0.00108117843047 7.42078590393 0.074356764555 0.100870509653 -0.5625 -0.1875 0.00108534377068 6.88270187378 0.0748198851943 0.10219040364
4588.8 0.00108134688344 8.23749542236 0.074120618403 0.101738263519 -0.3125 -0.4375 0.00108641060069 7.00396776199 0.0747890919447 0.102780745572
4608.0 0.00107870227657 9.15576934814 0.0738772451878 0.101522466652 0.0625 -0.5625 0.00108577276114 6.72366571426 0.0749464035034 0.102233879783
4627.2 0.00107637862675 9.65771770477 0.0733389109373 0.101181516222 0.4375 -0.4375 0.00108534516767 6.10990476608 0.0751966312528 0.101529769003
4646.4 0.00107562437188 9.17063236237 0.0733469352126 0.100315623591 0.5625 -0.0625 0.00108576996718 5.8019990921 0.0753551349044 0.101476239049
4665.6 0.00107579794712 8.78038978577 0.0739134773612 0.0998280408036 0.4375 0.3125 0.00108631851617 5.41601705551 0.075453646481 0.101463148681
4684.8 0.00107792916242 7.48175001144 0.0749450847507 0.0992715528472 0.0625 0.5625 0.00108673190698 5.28340244293 0.0754187554121 0.101584117843
4704.0 0.00108137796633 4.86756181717 0.0753294751048 0.0989034838846 -0.1875 0.4375 0.00108782784082 3.90581846237 0.0754877328873 0.101401695585
4723.2 0.00108407530934 2.41335296631 0.0752853229642 0.09922326575 -0.4375 0.1875 0.00108875124715 3.71077680588 0.0754143893719 0.101776593435
4742.4 0.00108432839625 4.63034772873 0.0751621872187 0.100200550399 -0.4375 -0.1875 0.00108865625225 3.83310103416 0.0753220319748 0.101807455286
4761.6 0.00107994035352 7.33077764511 0.0752367824316 0.0999714117297 -0.1875 -0.5625 0.00108897627797 3.97859334946 0.0752471163869 0.102036878221
4780.8 0.00108114653267 7.30805015564 0.0750812962651 0.10054635864 0.1875 -0.5625 0.0010886680102 4.27448654175 0.0751402825117 0.102052979022
4800.0 0.00108269578777 7.42845439911 0.0746899619699 0.101467821595 0.5625 -0.3125 0.00108911120333 4.232213974 0.0750906690955 0.102254351837
4819.2 0.00107802846469 7.76168632507 0.0742885395885 0.0997519989034 0.5625 0.0625 0.00108918361366 4.68260478973 0.0749876052141 0.102528286671
4838.4 0.00107774266507 8.26694202423 0.0739300101995 0.100196682582 0.4375 0.4375 0.00108960119542 4.62276935577 0.0749456956983 0.102705692157
4857.6 0.00108187936712 7.37439727783 0.0743088126183 0.101163759106 -0.0625 0.5625 0.0010890715057 4.73076152802 0.0748644247651 0.102535972555
4876.8 0.00108044676017 7.76897668839 0.074243709445 0.100868743636 -0.4375 0.4375 0.00108908140101 4.75378370285 0.0747920423746 0.102574483337
4896.0 0.00108346715569 7.82068252563 0.0743359476328 0.102254510648 -0.5625 0.0625 0.0010902491631 5.37362289429 0.0746431350708 0.103489146153
4915.2 0.00108547904529 7.62829065323 0.074621617794 0.102911989036 -0.5625 -0.3125 0.00109120062552 5.28108692169 0.0745744928718 0.10389246641
4934.4 0.00108495040331 6.08564376831 0.0751414746046 0.101349186922 -0.1875 -0.5625 0.00109072471969 5.6046037674 0.0744791775942 0.103890850978
4953.6 0.00108389172237 4.19082403183 0.0751543343067 0.0997903534296 0.1875 -0.5625 0.00109062634874 5.14048576355 0.0744652152061 0.103587281038
4972.8 0.00108183559496 4.27454376221 0.0748778507113 0.0989521364471 0.4375 -0.3125 0.00109067116864 4.38300180435 0.0744983404875 0.103223504471
4992.0 0.00108036259189 6.20237159729 0.0753299742937 0.0992629592555 0.5625 0.0625 0.0010912080761 4.34084367752 0.0744872614741 0.103456394
5011.2 0.00108017167076 6.2565407753 0.0758192539215 0.099070742898 0.3125 0.4375 0.0010910234414 4.36371898651 0.0744664594531 0.10338748011
5030.4 0.00108104327228 6.119992733 0.0758009403944 0.0993811377679 -0.0625 0.5625 0.00109054881614 4.57568454742 0.0744396969676 0.103273351667
5049.6 0.00108231138438 6.32480335236 0.0754674896598 0.100208010579 -0.3125 0.4375 0.00109019759111 4.77204704285 0.0744278728962 0.103209004098
5068.8 0.00108511943836 6.45794200897 0.0747062265873 0.10181453557 -0.5625 0.0625 0.00109155592509 4.77746486664 0.0743771716952 0.103853857722
5088.0 0.00108680396806 6.12470054626 0.0742102265358 0.102501217927 -0.4375 -0.3125 0.00109225721098 4.81397438049 0.0743266567588 0.104211080983
5107.2 0.00108605367132 6.00404453278 0.0741139128804 0.102107111957 -0.1875 -0.5625 0.00109183101449 5.0746679306 0.0741984397173 0.104186853216
5126.4 0.00108429323882 7.11835670471 0.0739587545395 0.102155850675 0.1875 -0.5625 0.00109144556336 5.605032444 0.0740856006742 0.104339217611
5145.6 0.00108298368286 7.77616071701 0.0743093565106 0.102003929227 0.5625 -0.1875 0.00109177513514 5.57539272308 0.0740606337786 0.104479602105
5164.8 0.0010823039338 6.98965263367 0.0749809369445 0.100843825855 0.5625 0.1875 0.00109153613448 6.11223697662 0.0739829912782 0.104723927268
5184.0 0.00108578801155 6.28470659256 0.0753372386098 0.101810578438 0.3125 0.4375 0.00109177629929 6.43527889252 0.0740240812302 0.105036666936
5203.2 0.00108356995042 5.60657024384 0.0755871981382 0.100271431742 -0.0625 0.5625 0.00109120493289 6.292116642 0.0740066245198 0.104684616092
5222.4 0.00108576402999 4.84803152084 0.074694506824 0.101118516145 -0.3125 0.3125 0.00109153869562 5.79719591141 0.0740545615554 0.104506294543
5241.6 0.00108820234891 4.90342569351 0.0743625611067 0.102375171838 -0.4375 0.0625 0.00109252135735 5.40733289719 0.0739598348737 0.104756271527
5260.8 0.0010904277442 5.5233874321 0.0748540982604 0.103594419785 -0.3125 -0.3125 0.00109426956624 5.42044830322 0.073938973248 0.105570936811
5280.0 0.00108895997982 5.4995059967 0.0750643610954 0.102843944785 -0.0625 -0.4375 0.00109337770846 5.31097078323 0.0739420056343 0.105098890495
5299.2 0.00108808197547 5.39269065857 0.0747983008623 0.102457233853 0.3125 -0.4375 0.00109375838656 5.5140337944 0.0738547071815 0.105414600566
5318.4 0.00108691619243 5.77574253082 0.0742330625653 0.102321154096 0.4375 -0.0625 0.00109457003418 5.2508854866 0.0739641040564 0.105605541402
5337.6 0.00108546670526 6.1292386055 0.0739386603236 0.101972028561 0.4375 0.1875 0.0010942495428 5.46217298508 0.0738425850868 0.105614101488
5356.8 0.00108546519186 6.20869064331 0.0738802328706 0.10204095231 0.1875 0.4375 0.00109401554801 5.52758741379 0.0738309323788 0.105546912743
5376.0 0.00108649616595 6.70358181 0.0737770721316 0.10289561082 -0.1875 0.4375 0.00109382777009 5.57608413696 0.073824480176 0.105490426735
5395.2 0.00108804355841 7.10176610947 0.0739786401391 0.10383910848 -0.4375 0.3125 0.00109355407767 5.73611211777 0.0737440288067 0.105484592034
5414.4 0.00109047954902 6.88484859467 0.0743870288134 0.104652520999 -0.4375 -0.0625 0.00109450751916 6.11068916321 0.073734626174 0.106150733895
5433.6 0.00109167117625 6.35698318481 0.0744160488248 0.104819153861 -0.3125 -0.3125 0.00109516526572 6.04976797104 0.073682628572 0.106428004912
5452.8 0.00109094032086 5.74297618866 0.0739154294133 0.104241880791 0.0625 -0.4375 0.00109506200533 6.120013237 0.0736800581217 0.106424954332
5472.0 0.00108901748899 5.40383386612 0.0742623731494 0.103054470775 0.3125 -0.3125 0.00109491043258 5.86475658417 0.0736702978611 0.106199955805
5491.2 0.00108718732372 5.59555006027 0.0749360397458 0.10212451363 0.4375 -0.0625 0.00109498866368 5.58987045288 0.0737440362573 0.106053477462
5510.4 0.00108637218364 6.00366258621 0.0749444365501 0.102005817898 0.4375 0.3125 0.00109538203105 5.78069019318 0.0736916363239 0.106360477122
5529.6 0.00108671642374 6.03879928589 0.0749875605106 0.102173922009 0.0625 0.4375 0.00109549169429 5.49914741516 0.0737837105989 0.106220334352
5548.8 0.00108810595702 5.48748159409 0.0749358907342 0.102482763645 -0.1875 0.4375 0.00109553406946 5.69321775436 0.0737154483795 0.106372012416
5568.0 0.00108939933125 5.68409156799 0.0742494463921 0.103400306862 -0.4375 0.1875 0.0010952425655 5.80028581619 0.0736988708377 0.10630597915
5587.2 0.0010907035321 6.33869123459 0.0737818181515 0.104555210735 -0.4375 -0.1875 0.00109504722059 5.8390750885 0.0737015530467 0.106238316327
5606.4 0.00109160784632 6.60558700562 0.0737657621503 0.105153594751 -0.3125 -0.4375 0.00109530438203 6.16296720505 0.0736453533173 0.10657163409
5625.6 0.00109072600026 7.06705093384 0.07393014431 0.105040758539 0.0625 -0.4375 0.00109511450864 6.32889890671 0.0736825466156 0.106583660422
5644.8 0.00108965113759 7.06167984009 0.074611954391 0.104347991261 0.3125 -0.3125 0.00109516491648 6.44195842743 0.0736712366343 0.106684589571
5664.0 0.00108825787902 6.75719356537 0.0752179995179 0.103308247343 0.4375 0.0625 0.00109501590487 6.46047592163 0.0736676901579 0.106630222286
5683.2 0.00108814542182 6.47099924088 0.075138412416 0.103076454611 0.3125 0.3125 0.00109565327875 6.41591739655 0.0736157894135 0.106905435367
5702.4 0.00108877161983 5.94197320938 0.074350707233 0.103241551399 0.0625 0.4375 0.00109600799624 6.22343969345 0.0735601857305 0.106955060861
5721.6 0.00109053822234 5.6475071907 0.0739210322499 0.103998438283 -0.3125 0.3125 0.00109654827975 6.33123970032 0.0735744535923 0.107267710643
5740.8 0.00109187047929 5.59385633469 0.0741439238191 0.104509626882 -0.4375 0.0625 0.00109655002598 6.06617116928 0.0735767483711 0.107099312591
5760.0 0.00109309481923 5.38740539551 0.0743734538555 0.104883803456 -0.4375 -0.1875 0.00109668343794 5.98194074631 0.073614962399 0.107096774405
5779.2 0.00109385373071 5.3953204155 0.0744001492858 0.105227997305 -0.1875 -0.4375 0.00109725620132 6.11828041077 0.073593147099 0.107446617366
5798.4 0.00109018769581 6.39716482162 0.0743369609118 0.104194867587 0.1875 -0.4375 0.00109738623723 6.17464160919 0.0735818073153 0.107542760992
5817.6 0.00109159050044 7.22861337662 0.0736459642649 0.105638889548 0.4375 -0.1875 0.00109754595906 6.23830270767 0.0735887885094 0.107653962205
5836.8 0.00109296897426 7.1492023468 0.0735304355621 0.106235184261 0.4375 0.1875 0.0010974163888 6.23468351364 0.0736060738564 0.107587652843
5856.0 0.00109141808935 7.3889913559 0.0737413614988 0.105658759305 0.1875 0.4375 0.00109766353853 6.37040901184 0.0736202076077 0.107784752337
5875.2 0.00109365372919 7.28980779648 0.0740303844213 0.106500026957 -0.0625 0.4375 0.00109808868729 6.6763677597 0.0737018287182 0.108154283489
5894.4 0.00109297339804 7.38251972198 0.0747302547097 0.106060103006 -0.3125 0.3125 0.00109941593837 6.75031852722 0.0737596154213 0.108784426913
5913.6 0.00109488447197 7.07909059525 0.0750158429146 0.106603499163 -0.4375 0.0625 0.00109951430932 6.68306541443 0.0737492442131 0.108787116178
5932.8 0.00109393184539 6.791659832 0.074703797698 0.106056663934 -0.4375 -0.1875 0.00109935284127 6.36283445358 0.0736169889569 0.108544728895
5952.0 0.00109516421799 6.43880271912 0.0739375576377 0.106602646834 -0.1875 -0.4375 0.00109871767927 6.30391550064 0.0736021399498 0.108223763182
5971.2 0.00109568121843 5.85008478165 0.0737575516105 0.106516712208 0.1875 -0.3125 0.00109928729944 6.42599487305 0.0736454427242 0.108547112823
5990.4 0.00109523092397 5.71958351135 0.0739700719714 0.106172748807 0.3125 -0.1875 0.00109974644147 6.25732040405 0.0736130997539 0.108655327419
6009.6 0.0010948930867 6.14315462112 0.0740884542465 0.106240118695 0.3125 0.1875 0.00110033445526 6.36631917953 0.0736156105995 0.108990746282
6028.8 0.00109667435754 6.32953071594 0.0739587470889 0.107208738076 0.1875 0.3125 0.00109992618673 6.7117023468 0.0735523253679 0.109050559548
6048.0 0.0010942685185 7.13471984863 0.0738444328308 0.106716637532 -0.1875 0.4375 0.00109978928231 6.68611240387 0.0736444070935 0.108944355877
6067.2 0.00109517085366 7.74009227753 0.0734392032027 0.107708919734 -0.4375 0.1875 0.00110026844777 6.73563718796 0.0736121535301 0.109202487758
6086.4 0.00109571090434 7.85361766815 0.073356166482 0.108069788047 -0.4375 -0.0625 0.00110018986743 6.93532896042 0.0737289115787 0.109265193652
6105.6 0.00109632918611 7.61583757401 0.0739785209298 0.107968949689 -0.3125 -0.3125 0.00110043876339 6.94519948959 0.0738456100225 0.109349341608
6124.8 0.0010958876228 7.46918535233 0.0745107904077 0.107501187873 -0.0625 -0.4375 0.0011005657725 6.88562822342 0.0738828331232 0.109352814761
6144.0 0.00109711685218 7.23444700241 0.0749195292592 0.10775056652 0.1875 -0.4375 0.00110028777272 6.66149616241 0.0737724453211 0.109114046041
6163.2 0.00109524198342 7.21423053741 0.0750436112285 0.10685696047 0.4375 -0.1875 0.00110037229024 6.5216012001 0.073650598526 0.109095492151
6182.4 0.00109592149965 6.97628211975 0.0745200440288 0.107140321465 0.3125 0.1875 0.00110035319813 6.63582754135 0.0736779272556 0.109154670513
6201.6 0.00109594000969 6.01591968536 0.0738800317049 0.10670036481 0.0625 0.3125 0.00110092340037 6.55174350739 0.0736533775926 0.109362331571
6220.8 0.00109661882743 5.70259618759 0.0737313330173 0.10686731801 -0.1875 0.3125 0.00110087287612 6.63206577301 0.0736101418734 0.109406411584
6240.0 0.00109805050306 6.32876968384 0.0738167241216 0.107873857229 -0.4375 0.0625 0.00110062665772 6.78038549423 0.0735899209976 0.109399591307
6259.2 0.00109733059071 6.7557425499 0.0738605931401 0.107818346547 -0.4375 -0.1875 0.00110065063927 7.12456321716 0.0735125243664 0.109674995831
6278.4 0.00109720334876 7.33633899689 0.0739211291075 0.108163436021 -0.1875 -0.4375 0.00110082980245 7.2173500061 0.0735041424632 0.10982411353
6297.6 0.00109635898843 7.59841442108 0.0738665759563 0.108002417482 0.0625 -0.4375 0.0011007648427 7.51356649399 0.0734303593636 0.11003707264
6316.8 0.00109499611426 7.90836524963 0.0735577344894 0.107736128732 0.3125 -0.3125 0.00110030698124 7.50113296509 0.0735124871135 0.109799021866
6336.0 0.00109625898767 8.02851867676 0.0734098702669 0.10844132281 0.4375 -0.0625 0.00110007799231 7.36906147003 0.0737722888589 0.109519771696
6355.2 0.00109659438021 7.92534923553 0.0740457102656 0.108318229198 0.3125 0.1875 0.00110099662561 7.36518287659 0.0740812197328 0.109835020267
6374.4 0.00109711871482 7.59556150436 0.0753850266337 0.107888335678 0.0625 0.3125 0.00110209744889 7.34062051773 0.0742910429835 0.110245150877
6393.6 0.00109788391273 7.43638086319 0.0756060630083 0.108043511324 -0.1875 0.3125 0.00110205507372 7.13277769089 0.0741708427668 0.110112614679
6412.8 0.00109771883581 7.30256986618 0.0750036165118 0.108045593059 -0.4375 0.0625 0.00110141630284 6.99754524231 0.073976457119 0.109787116968
6432.0 0.00109794817399 6.62217473984 0.0740723535419 0.107943347801 -0.4375 -0.1875 0.00110145437066 6.66019773483 0.0737744197249 0.109637469608
6451.2 0.00109702895861 6.10428524017 0.0736188516021 0.107327336988 -0.1875 -0.4375 0.00110117171425 6.61255073547 0.0737270787358 0.109492843126
6470.4 0.00109590473585 6.48148107529 0.0735336020589 0.107086601913 0.1875 -0.4375 0.00110135984141 6.59306526184 0.0736986622214 0.109573007964
6489.6 0.00109299400356 7.06349134445 0.073468349874 0.106199924495 0.4375 -0.3125 0.0011018369114 6.99309587479 0.07364269346 0.110072239073
6508.8 0.00109812128358 6.73856687546 0.0735203102231 0.108265014534 0.4375 0.0625 0.00110241572838 6.97655296326 0.0736290737987 0.110323571293
6528.0 0.00109535269439 6.98611450195 0.0739394649863 0.107064581258 0.3125 0.3125 0.00110223074444 7.35366487503 0.0736157894135 0.110516298079
6547.2 0.00109658623114 7.29122304916 0.074184410274 0.107772958437 0.0625 0.4375 0.001102318638 7.61432123184 0.0736231580377 0.110745688453
6566.4 0.00110005983151 8.08561134338 0.0735129714012 0.110145586425 -0.3125 0.3125 0.00110278022476 7.6251206398 0.0736329779029 0.110955897526
6585.6 0.00109879428055 8.09450054169 0.0736259669065 0.109557335039 -0.4375 0.0625 0.00110260548536 7.67354249954 0.07380451262 0.110861867062
6604.8 0.00109868682921 7.73427820206 0.0746840313077 0.108903742404 -0.4375 -0.3125 0.00110222317744 7.51474142075 0.0738421753049 0.110565041437
6624.0 0.00109771720599 7.42615604401 0.0755290910602 0.107984033919 -0.1875 -0.4375 0.00110190489795 7.49340009689 0.0741836130619 0.110305529074
6643.2 0.00109717901796 7.27906847 0.0754840373993 0.107642625481 0.1875 -0.4375 0.00110277161002 7.52243185043 0.0741867050529 0.110711941101
6662.4 0.00109679694287 7.04966878891 0.074741140008 0.107523693392 0.4375 -0.3125 0.0011038032826 7.3051404953 0.0739044696093 0.111094867939
6681.6 0.00109664024785 6.45701789856 0.0740121081471 0.107260666932 0.4375 0.0625 0.00110407697503 7.27025175095 0.0739575847983 0.11117582422
6700.8 0.00109605898615 6.21294689178 0.0737279430032 0.106920931519 0.3125 0.3125 0.00110320863314 7.17817401886 0.0737615600228 0.110782831251
6720.0 0.00109721568879 6.54151201248 0.0736326351762 0.107688619776 0.0625 0.4375 0.00110311608296 7.3214468956 0.0736764967442 0.110868907242
6739.2 0.00109957414679 6.96731519699 0.0735512152314 0.109065579216 -0.3125 0.3125 0.0011036231881 7.43130111694 0.0737065598369 0.111167604916
6758.4 0.00110125949141 7.23832035065 0.073867559433 0.109922561005 -0.4375 0.0625 0.00110423495062 7.68668317795 0.0737085342407 0.111623676544
6777.6 0.00110047694761 7.4548034668 0.0740654915571 0.109675237921 -0.3125 -0.3125 0.00110364507418 7.63470125198 0.0737298280001 0.111318282892
6796.8 0.00109915446956 7.90299415588 0.0739044770598 0.109481784507 -0.0625 -0.4375 0.00110314891208 7.8328294754 0.0737592577934 0.111242941257
6816.0 0.00109818496276 8.20758056641 0.0736954435706 0.109362844385 0.1875 -0.4375 0.00110367021989 7.90188980103 0.0739115774632 0.111483051929
6835.2 0.00109775608871 7.90622758865 0.0743266418576 0.108736640934 0.4375 -0.1875 0.00110430421773 7.89235782623 0.0739690586925 0.111739168526
6854.4 0.00109803059604 7.6069149971 0.0748846307397 0.108453011178 0.4375 0.0625 0.0011045410065 7.82450056076 0.0742595419288 0.111703935047
6873.6 0.00109972106293 7.24501752853 0.0756630301476 0.10870299136 0.3125 0.3125 0.00110434379894 7.70378684998 0.074224114418 0.111531105742
6892.8 0.00109837017953 7.26107692719 0.0753159970045 0.108213428233 -0.0625 0.4375 0.00110401620623 7.69096279144 0.0740722939372 0.111420915843
6912.0 0.00109994108789 7.38028764725 0.0747218132019 0.109183774174 -0.3125 0.3125 0.0011042811675 7.50543117523 0.0738909095526 0.111459479845
6931.2 0.00110112619586 6.69884395599 0.0737470537424 0.109523618348 -0.4375 -0.0625 0.00110467884224 7.56213665009 0.0739215537906 0.111668049814
6950.4 0.00109923898708 6.79811620712 0.0736562237144 0.108767243635 -0.3125 -0.3125 0.00110488838982 7.44467353821 0.0737827122211 0.111717600369
6969.6 0.00110007612966 7.03784227371 0.0735997036099 0.109328398553 -0.0625 -0.5625 0.00110479525756 7.72995042801 0.0738524273038 0.111863332339
6988.8 0.00109800859354 7.09578084946 0.0737922415137 0.108385450896 0.1875 -0.4375 0.00110380374826 7.707654953 0.0738760381937 0.111398602348
7008.0 0.00109710008837 6.85587644577 0.0743428319693 0.107637169561 0.4375 -0.1875 0.00110401050188 7.85587644577 0.0738981068134 0.11160163423
7027.2 0.00109861895908 6.83819913864 0.0746464133263 0.108218585438 0.4375 0.1875 0.00110500270966 7.94573402405 0.0739159733057 0.112105612071
7046.4 0.00110255088657 7.93347406387 0.0740841254592 0.110960472306 0.1875 0.4375 0.0011055044597 8.03117656708 0.0739537551999 0.112381708864
7065.6 0.00109939696267 8.06198596954 0.0739487037063 0.10970329915 -0.0625 0.4375 0.00110531889368 8.09995365143 0.0741672739387 0.112288352492
7084.8 0.00109992339276 7.85743904114 0.0744217261672 0.109632958059 -0.3125 0.3125 0.00110440608114 7.95339822769 0.074514426291 0.111668995808
7104.0 0.00110086903442 7.02005004883 0.0756214633584 0.10906625563 -0.4375 -0.0625 0.00110470294021 7.9488863945 0.0745372995734 0.111789933363
7123.2 0.00109955319203 6.64834594727 0.0758222937584 0.108160839492 -0.3125 -0.3125 0.00110547721852 7.85066699982 0.0747221410275 0.112000586382
7142.4 0.00110071478412 7.17838954926 0.0752838999033 0.109212986278 -0.0625 -0.5625 0.00110567547381 7.91061592102 0.0743745863438 0.112238799028
7161.6 0.00109883514233 7.0727391243 0.0745863690972 0.108502488451 0.3125 -0.4375 0.0011051564943 7.89801645279 0.074419952929 0.111986008049
7180.8 0.00109766738024 6.70450544357 0.0740285217762 0.107885595644 0.4375 -0.1875 0.0011048495071 7.82028388977 0.07418949157 0.111858161124
7200.0 0.00109854654875 6.76017808914 0.0738485977054 0.10837289369 0.4375 0.0625 0.00110507302452 7.76982545853 0.0740174651146 0.111968746014
7219.2 0.0011009372538 7.09630966187 0.0737492442131 0.109712222337 0.1875 0.3125 0.00110553321429 7.77862548828 0.0740307867527 0.112175522805
7238.4 0.00110064621549 7.12333774567 0.0739539787173 0.109540175103 -0.0625 0.3125 0.0011052446207 7.82520246506 0.0740846097469 0.112068300875
7257.6 0.00110197463073 7.20184898376 0.0744551122189 0.110040739857 -0.3125 0.1875 0.00110520550516 7.98474025726 0.0741364881396 0.112159485026
7276.8 0.00110207253601 7.78059673309 0.0742908418179 0.110564854416 -0.4375 -0.0625 0.00110543612391 8.09290504456 0.0742075815797 0.112322699946
7296.0 0.00110216706526 8.04925251007 0.0741115361452 0.110872890268 -0.3125 -0.3125 0.00110568339005 8.07870197296 0.0743172839284 0.112388263071
7315.2 0.00110085192136 7.78196763992 0.0744628161192 0.109972348505 -0.0625 -0.5625 0.00110559957102 7.9759979248 0.0745109915733 0.112214961419
7334.4 0.00109928718302 7.05500078201 0.0751942396164 0.108510664431 0.3125 -0.4375 0.00110556418076 7.9640750885 0.0745284035802 0.112184950909
7353.6 0.00109781813808 6.44868135452 0.0756519883871 0.107297278686 0.4375 -0.1875 0.00110483099706 7.81474399567 0.0747709944844 0.111671816501
7372.8 0.00109799194615 6.28500986099 0.0757160484791 0.107249743575 0.4375 0.1875 0.00110487127677 7.88766813278 0.0746471360326 0.111783906336
7392.0 0.00109940906987 6.73578643799 0.0754505395889 0.108265801992 0.1875 0.3125 0.00110527477227 7.82739210129 0.0747207403183 0.111893205428
7411.2 0.00110071373638 7.34814786911 0.0746836662292 0.109515846027 -0.0625 0.3125 0.00110566220246 7.88289499283 0.0745175480843 0.112168680459
7430.4 0.00110385031439 7.65584039688 0.0741403326392 0.111301900464 -0.3125 0.1875 0.00110589980613 7.93539094925 0.0743460431695 0.112365609017
7449.6 0.00110224355012 7.38226127625 0.0739794373512 0.11043476693 -0.4375 -0.0625 0.00110546441283 7.9673371315 0.0742886587977 0.112215023246
7468.8 0.00110245577525 7.31481266022 0.074234046042 0.110402592066 -0.1875 -0.4375 0.00110559351742 7.95319795609 0.0743257626891 0.11225008222
7488.0 0.00110083748586 7.04800367355 0.0746347084641 0.109367683135 0.0625 -0.4375 0.00110534147825 7.92738866806 0.0742881596088 0.112129989544
7507.2 0.00109928869642 7.16397953033 0.0746903046966 0.108741462662 0.3125 -0.4375 0.00110537407454 7.98130321503 0.0743893831968 0.112155770932
7526.4 0.00109793653246 7.60401678085 0.0744454786181 0.108539558281 0.4375 -0.1875 0.00110491982196 7.94308376312 0.0744396448135 0.111910488749
7545.6 0.00109831092414 7.95724010468 0.0742621570826 0.109044014732 0.4375 0.1875 0.00110533542465 7.89384031296 0.0745269358158 0.112029911246
7564.8 0.00110031268559 7.79396867752 0.0744812786579 0.109736845041 0.1875 0.3125 0.00110614195 7.71120023727 0.074720941484 0.112185260731
7584.0 0.00110231910367 7.17602109909 0.0750403106213 0.110001278528 -0.0625 0.3125 0.00110628106631 7.51895046234 0.0749364644289 0.112044319467
7603.2 0.00110120186582 6.41070413589 0.0755660310388 0.108825216693 -0.3125 0.1875 0.00110579153989 7.61839294434 0.0748877823353 0.111912851541
7622.4 0.00110234413296 6.85869264603 0.0753181278706 0.109703487025 -0.3125 -0.1875 0.00110565777868 7.51862192154 0.0749674364924 0.111758293178
7641.6 0.00110243656673 7.27902507782 0.0749777182937 0.110145014569 -0.1875 -0.4375 0.00110575172585 7.72485208511 0.0747639983892 0.112010433319
7660.8 0.00110094877891 7.44017934799 0.0744298398495 0.109766074441 0.0625 -0.4375 0.00110590644181 7.84353303909 0.0745803043246 0.112227237259
7680.0 0.00109919754323 7.30962705612 0.0740445256233 0.108999209583 0.3125 -0.3125 0.00110567070078 7.89108181 0.074454843998 0.112197545671
7699.2 0.00109807774425 7.19810581207 0.0740093663335 0.108426527167 0.4375 -0.0625 0.00110535090789 7.89590597153 0.0744055882096 0.112074629518
7718.4 0.00109898101073 7.11191654205 0.0743028074503 0.108681330874 0.4375 0.1875 0.00110571063124 7.86977720261 0.0744472742081 0.112200893401
7737.6 0.00110105366912 7.13402891159 0.0746227130294 0.109530374897 0.1875 0.3125 0.00110624276567 7.84249353409 0.0744294896722 0.112420231469
7756.8 0.0011019052472 7.56817102432 0.0745405182242 0.11025416693 -0.1875 0.3125 0.00110640749335 7.83585357666 0.0744731426239 0.1124748215
7776.0 0.00110350036994 7.85235309601 0.0743815004826 0.111228499139 -0.3125 0.0625 0.00110603636131 7.79322862625 0.0745089352131 0.112266674596
7795.2 0.00110366207082 7.67540597916 0.0745875239372 0.111098679429 -0.3125 -0.1875 0.001106091775 7.66652297974 0.0746477767825 0.112151775642
7814.4 0.00110201397911 7.28981876373 0.0748892277479 0.109990586393 -0.1875 -0.4375 0.00110624555964 7.55326843262 0.074777007103 0.112100908229
7833.6 0.00110152375419 6.48022413254 0.0754250437021 0.109056269463 0.1875 -0.4375 0.00110631377902 7.43703269958 0.0748497620225 0.112025717798
7852.8 0.00109980173875 6.10149669647 0.0755072683096 0.10801602348 0.4375 -0.3125 0.00110618059989 7.47068071365 0.0748472064734 0.111991728892
7872.0 0.00109879660886 6.03729629517 0.0753638669848 0.10756536754 0.4375 -0.0625 0.00110596593004 7.39622402191 0.0749325603247 0.111816723593
7891.2 0.00109937938396 6.41324853897 0.0751249492168 0.108137261729 0.3125 0.3125 0.00110602134373 7.36262655258 0.0749397724867 0.111814569934
7910.4 0.00110170035623 7.3776307106 0.0745614245534 0.11001507586 0.0625 0.4375 0.00110659515485 7.55136203766 0.0747760459781 0.112254823311
7929.6 0.00110314926133 7.6997461319 0.0743512883782 0.110959701714 -0.1875 0.3125 0.00110700610094 7.73574256897 0.0745930448174 0.112625300477
7948.8 0.00110383087303 7.78270196915 0.0742734000087 0.111351981866 -0.3125 0.0625 0.00110647664405 7.79908657074 0.074478790164 0.112475014852
7968.0 0.00110369024333 7.60587835312 0.0744776427746 0.111094123768 -0.3125 -0.1875 0.00110611738637 7.75157737732 0.0744870379567 0.112276312069
7987.2 0.00110254832543 7.66566038132 0.0745093747973 0.110620340967 -0.1875 -0.4375 0.00110610120464 7.62752246857 0.0745987221599 0.112143102156
8006.4 0.00110123876948 7.86860513687 0.074406273663 0.110230909527 0.1875 -0.4375 0.00110664358363 7.64594650269 0.0745645686984 0.112406605184
8025.6 0.00109993235674 7.89330482483 0.074423968792 0.109665205495 0.4375 -0.3125 0.00110692426097 7.48966741562 0.0747038125992 0.112378274125
8044.8 0.00109937193338 7.64954042435 0.0746241435409 0.109160595235 0.4375 -0.0625 0.00110688083805 7.2358455658 0.0748829990625 0.112123106612
8064.0 0.00110139197204 7.30909156799 0.0748380497098 0.109742874843 0.3125 0.1875 0.00110628374387 7.08292531967 0.0749938040972 0.111718322355
8083.2 0.00110163970385 6.73992729187 0.0752347335219 0.109335593642 0.0625 0.3125 0.00110657548066 7.02310705185 0.0750392749906 0.111792633522
8102.4 0.00110394414514 6.39797878265 0.0754084810615 0.110098561226 -0.1875 0.3125 0.00110713904724 7.2125082016 0.0749248713255 0.112209398013
8121.6 0.00110496371053 6.54824638367 0.0752631500363 0.110692664514 -0.3125 0.0625 0.00110709352884 7.2385187149 0.0749103575945 0.112211278038
8140.8 0.00110445299651 7.1906709671 0.0748580023646 0.111018465916 -0.3125 -0.3125 0.00110679958016 7.26519727707 0.0748728141189 0.112110044834
8160.0 0.00110285717528 7.70201683044 0.0744093209505 0.110814495172 -0.0625 -0.4375 0.00110658910125 7.45100975037 0.0747374668717 0.112191687208
8179.2 0.00110146810766 7.6605424881 0.0743092298508 0.110196030807 0.1875 -0.4375 0.00110685010441 7.58192920685 0.0746084228158 0.112439751362
8198.4 0.00110061839223 7.42110919952 0.0745418593287 0.109570863663 0.4375 -0.1875 0.00110736966599 7.57979011536 0.0746017470956 0.112670385029
8217.6 0.00109996786341 7.42344760895 0.0746772736311 0.109241784516 0.4375 0.0625 0.0011072170455 7.57287597656 0.074566565454 0.112608443781
8236.8 0.00110003456939 7.67728424072 0.074567809701 0.109492993847 0.3125 0.3125 0.00110652856529 7.44647073746 0.0746467411518 0.112188734231
8256.0 0.00110130093526 7.8510017395 0.0744404345751 0.110234219759 0.0625 0.3125 0.00110614544246 7.3890376091 0.0746659263968 0.11197112505
8275.2 0.00110357615631 7.6970243454 0.0745230466127 0.111095720697 -0.1875 0.3125 0.00110668072011 7.09469079971 0.0748878791928 0.111935179515
8294.4 0.00110537 7.21318149567 0.074852347374 0.111444412143 -0.3125 0.0625 0.00110743567348 6.94516849518 0.0749907568097 0.112135512894
8313.6 0.00110529677477 6.7102227211 0.0752133131027 0.110962161019 -0.3125 -0.3125 0.00110739492811 7.09859609604 0.0748814567924 0.112257798391
8332.8 0.0011038108496 6.33463335037 0.0753751769662 0.110008924995 -0.0625 -0.4375 0.00110719760414 6.97447347641 0.074973076582 0.1120554611
8352.0 0.00110382703133 6.26942539215 0.0753302946687 0.10998839287 0.3125 -0.3125 0.00110723974649 6.82267427444 0.075062930584 0.111946872715
8371.2 0.00109994760714 6.12165927887 0.0751183927059 0.108210705658 0.4375 -0.1875 0.00110756815411 7.11766529083 0.0748725906014 0.112350746813
8390.4 0.00110311037861 7.07483911514 0.0747374817729 0.110373355899 0.4375 0.1875 0.00110753707122 7.05771255493 0.0749006271362 0.112286882504
8409.6 0.00110060803127 7.33259963989 0.0744735524058 0.109519523659 0.1875 0.3125 0.00110700004734 7.31368923187 0.0747444704175 0.112272056979
8428.8 0.00110184471123 7.71717691422 0.0743744373322 0.110387359849 -0.0625 0.4375 0.00110671133734 7.27147626877 0.0747370794415 0.112115809236
8448.0 0.00110369815957 7.79024553299 0.0744380131364 0.111249986801 -0.3125 0.1875 0.00110701017547 7.39582395554 0.0746513307095 0.112364433853
8467.2 0.00110523798503 7.82260942459 0.0744457021356 0.111955386514 -0.3125 -0.0625 0.00110758212395 7.48227357864 0.0745737850666 0.112703626981
8486.4 0.00110519782174 7.82772254944 0.074463956058 0.111936171606 -0.3125 -0.3125 0.00110769411549 7.16820430756 0.0747692286968 0.112472596191
8505.6 0.00110383320134 7.67750692368 0.074573546648 0.111180316345 -0.0625 -0.4375 0.00110738247167 7.06584501266 0.0748404413462 0.112241802986
8524.8 0.00110225228127 7.39306545258 0.074765868485 0.1102117008 0.3125 -0.3125 0.00110703776591 7.17581367493 0.0747642889619 0.112187390155
8544.0 0.0011009152513 7.25907182693 0.0748792141676 0.109481047182 0.4375 -0.1875 0.00110757129733 6.84056711197 0.0749960839748 0.112126036578
8563.2 0.00110210070852 6.79292058945 0.0752306059003 0.10957821527 0.3125 0.1875 0.00110832985956 6.82987451553 0.075004607439 0.112455207083
8582.4 0.00110285065603 6.45569372177 0.0753517225385 0.109659945067 0.1875 0.3125 0.00110844126903 6.73047208786 0.0750529766083 0.112428614872
8601.6 0.00110343890265 6.24882030487 0.0752908140421 0.109812353769 -0.0625 0.3125 0.00110774638597 6.77256584167 0.075018376112 0.112155186667
8620.8 0.00110407744069 6.46876049042 0.0750866681337 0.110299026446 -0.3125 0.1875 0.00110730284359 7.00298643112 0.0748753100634 0.112151846245
8640.0 0.00110409827903 7.41844415665 0.0745736137033 0.11111019014 -0.4375 -0.0625 0.00110760878306 7.23525047302 0.0747250020504 0.112493698081
8659.2 0.00110530655365 7.71615219116 0.0744602531195 0.111897197931 -0.3125 -0.3125 0.00110852869693 7.38023853302 0.0746317729354 0.113032659989
8678.4 0.00110412028152 7.80157709122 0.0744647681713 0.111438106511 0.0625 -0.4375 0.00110822520219 7.30192279816 0.0746822729707 0.112826133569
8697.6 0.00110278243665 7.77450847626 0.0745194777846 0.110806890292 0.3125 -0.3125 0.0011076919036 7.35035800934 0.0746480822563 0.112634967291
8716.8 0.00110173004214 7.78077077866 0.0745403915644 0.110338451307 0.4375 -0.1875 0.00110777909867 7.18399047852 0.0747437253594 0.112528843445
8736.0 0.00110287219286 7.94377088547 0.0745085701346 0.110984349719 0.3125 0.1875 0.00110795651563 7.29941749573 0.0746757388115 0.112706999933
