# 1:time 2:flux 3:mass
0 0 0
4.8 0 0
9.6 0 0
14.4 0 0
19.2 0 0
24 0 0
28.8 0 0
33.6 0 0
38.4 0 0
43.2 0 0
48 0 0
52.8 0 0
57.6 0 0
62.4 0 0
67.2 0 0
72 0 0
76.8 0 0
81.6 0 0
86.4 0 0
91.2 0 0
96 0 0
100.8 0 0
105.6 0 0
110.4 0 0
115.2 0 0
120 0 0
124.8 0 0
129.6 0 0
134.4 0 0
139.2 0 0
144 0 0
148.8 0 0
153.6 0 0
158.4 0 0
163.2 0 0
168 0 0
172.8 0 0
177.6 0 0
182.4 0 0
187.2 0 0
192 0 0
196.8 0 0
201.6 0 0
206.4 0 0
211.2 0 0
216 0 0
220.8 0 0
225.6 0 0
230.4 0 0
235.2 0 0
240 0 0
244.8 0 0
249.6 0 0
254.4 0 0
259.2 0 0
264 0 0
268.8 0 0
273.6 0 0
278.4 0 0
283.2 0 0
288 0 0
292.8 0 0
297.6 0 0
302.4 0 0
307.2 0 0
312 0 0
316.8 0 0
321.6 0 0
326.4 0 0
331.2 0 0
336 0 0
340.8 0 0
345.6 0 0
350.4 0 0
355.2 0 0
360 0 0
364.8 0 0
369.6 0 0
374.4 0 0
379.2 0 0
384 0 0
388.8 0 0
393.6 0 0
398.4 0 0
403.2 0 0
408 0 0
412.8 0 0
417.6 0 0
422.4 0 0
427.2 0 0
432 0 0
436.8 0 0
441.6 0 0
446.4 0 0
451.2 0 0
456 0 0
460.8 0 0
465.6 0 0
470.4 0 0
475.2 0 0
480 0 0
484.8 0 0
489.6 0 0
494.4 0 0
499.2 0 0
504 0 0
508.8 0 0
513.6 0 0
518.4 0 0
523.2 0 0
528 0 0
532.8 0 0
537.6 0 0
542.4 0 0
547.2 0 0
552 0 0
556.8 0 0
561.6 0 0
566.4 0 0
571.2 0 0
576 0 0
580.8 0 0
585.6 0 0
590.4 0 0
595.2 0 0
600 0 0
604.8 0 0
609.6 0 0
614.4 0 0
619.2 0 0
624 0 0
628.8 0 0
633.6 0 0
638.4 0 0
643.2 0 0
648 0 0
652.8 0 0
657.6 0 0
662.4 0 0
667.2 0 0
672 0 0
676.8 0 0
681.6 0 0
686.4 0 0
691.2 0 0
696 0 0
700.8 0 0
705.6 0 0
710.4 0 0
715.2 0 0
720 0 0
724.8 0 0
729.6 0 0
734.4 0 0
739.2 0 0
744 0 0
748.8 0 0
753.6 0 0
758.4 0 0
763.2 0 0
768 0 0
772.8 0 0
777.6 0 0
782.4 0 0
787.2 0 0
792 0 0
796.8 0 0
801.6 0 0
806.4 0 0
811.2 0 0
816 0 0
820.8 0 0
825.6 0 0
830.4 0 0
835.2 0 0
840 0 0
844.8 0 0
849.6 0 0
854.4 0 0
859.2 0 0
864 0 0
868.8 0 0
873.6 0 0
878.4 0 0
883.2 0 0
888 0 0
892.8 0 0
897.6 0 0
902.4 0 0
907.2 0 0
912 0 0
916.8 0 0
921.6 1.58266e-12 7.59675e-12
926.4 9.62758e-12 5.38091e-11
931.2 2.40652e-11 1.69322e-10
936 4.79283e-11 3.99378e-10
940.8 7.46324e-11 7.57613e-10
945.6 9.70583e-11 1.22349e-09
950.4 1.26799e-10 1.83213e-09
955.2 1.57041e-10 2.58593e-09
960 1.93099e-10 3.5128e-09
964.8 2.17898e-10 4.55871e-09
969.6 2.55027e-10 5.78284e-09
974.4 2.84237e-10 7.14718e-09
979.2 3.14254e-10 8.6556e-09
984 3.55137e-10 1.03603e-08
988.8 3.88198e-10 1.22236e-08
993.6 4.33602e-10 1.43049e-08
998.4 4.68745e-10 1.65549e-08
1003.2 4.89854e-10 1.89062e-08
1008 5.06404e-10 2.13369e-08
1012.8 5.33181e-10 2.38962e-08
1017.6 5.67429e-10 2.66198e-08
1022.4 5.88834e-10 2.94462e-08
1027.2 6.01584e-10 3.23338e-08
1032 6.11686e-10 3.52699e-08
1036.8 6.20818e-10 3.82499e-08
1041.6 6.42186e-10 4.13324e-08
1046.4 6.55037e-10 4.44765e-08
1051.2 6.63916e-10 4.76633e-08
1056 6.70158e-10 5.08801e-08
1060.8 6.7176e-10 5.41045e-08
1065.6 6.64736e-10 5.72953e-08
1070.4 6.6064e-10 6.04663e-08
1075.2 6.68116e-10 6.36733e-08
1080 6.63567e-10 6.68584e-08
1084.8 6.53935e-10 6.99973e-08
1089.6 6.40985e-10 7.3074e-08
1094.4 6.31262e-10 7.61041e-08
1099.2 6.20944e-10 7.90846e-08
1104 6.05673e-10 8.19918e-08
1108.8 5.85411e-10 8.48018e-08
1113.6 5.75054e-10 8.75621e-08
1118.4 5.51309e-10 9.02084e-08
1123.2 5.40014e-10 9.28004e-08
1128 5.25454e-10 9.53226e-08
1132.8 5.10547e-10 9.77732e-08
1137.6 4.97181e-10 1.0016e-07
1142.4 4.86937e-10 1.02497e-07
1147.2 4.74374e-10 1.04774e-07
1152 4.58607e-10 1.06975e-07
1156.8 4.42025e-10 1.09097e-07
1161.6 4.19485e-10 1.11111e-07
1166.4 4.10804e-10 1.13082e-07
1171.2 3.9876e-10 1.14996e-07
1176 3.90952e-10 1.16873e-07
1180.8 3.83752e-10 1.18715e-07
1185.6 3.72548e-10 1.20503e-07
1190.4 3.6602e-10 1.2226e-07
1195.2 3.55874e-10 1.23968e-07
1200 3.45648e-10 1.25627e-07
1204.8 3.41064e-10 1.27265e-07
1209.6 3.34914e-10 1.28872e-07
1214.4 3.32262e-10 1.30467e-07
1219.2 3.31099e-10 1.32056e-07
1224 3.31858e-10 1.33649e-07
1228.8 3.4173e-10 1.3529e-07
1233.6 3.48885e-10 1.36964e-07
1238.4 3.58582e-10 1.38685e-07
1243.2 3.7035e-10 1.40463e-07
1248 3.93476e-10 1.42352e-07
1252.8 4.09125e-10 1.44316e-07
1257.6 4.27685e-10 1.46368e-07
1262.4 4.61668e-10 1.48584e-07
1267.2 4.89365e-10 1.50933e-07
1272 5.11862e-10 1.5339e-07
1276.8 5.38473e-10 1.55975e-07
1281.6 5.66108e-10 1.58692e-07
1286.4 6.11611e-10 1.61628e-07
1291.2 6.38877e-10 1.64695e-07
1296 6.73366e-10 1.67927e-07
1300.8 7.02787e-10 1.713e-07
1305.6 7.31987e-10 1.74814e-07
1310.4 7.6573e-10 1.78489e-07
1315.2 7.94178e-10 1.82301e-07
1320 8.34117e-10 1.86305e-07
1324.8 8.73641e-10 1.90499e-07
1329.6 9.15331e-10 1.94892e-07
1334.4 9.47223e-10 1.99439e-07
1339.2 9.75418e-10 2.04121e-07
1344 1.01563e-09 2.08996e-07
1348.8 1.05913e-09 2.1408e-07
1353.6 1.09475e-09 2.19334e-07
1358.4 1.13478e-09 2.24781e-07
1363.2 1.1843e-09 2.30466e-07
1368 1.21836e-09 2.36314e-07
1372.8 1.27776e-09 2.42447e-07
1377.6 1.32702e-09 2.48817e-07
1382.4 1.3751e-09 2.55418e-07
1387.2 1.42299e-09 2.62248e-07
1392 1.45878e-09 2.6925e-07
1396.8 1.50386e-09 2.76469e-07
1401.6 1.5475e-09 2.83897e-07
1406.4 1.57697e-09 2.91466e-07
1411.2 1.61611e-09 2.99223e-07
1416 1.65351e-09 3.0716e-07
1420.8 1.67982e-09 3.15223e-07
1425.6 1.71234e-09 3.23443e-07
1430.4 1.74423e-09 3.31815e-07
1435.2 1.76229e-09 3.40274e-07
1440 1.78095e-09 3.48823e-07
1444.8 1.80602e-09 3.57491e-07
1449.6 1.82365e-09 3.66245e-07
1454.4 1.8444e-09 3.75098e-07
1459.2 1.85705e-09 3.84012e-07
1464 1.87258e-09 3.93e-07
1468.8 1.88222e-09 4.02035e-07
1473.6 1.89313e-09 4.11122e-07
1478.4 1.90451e-09 4.20264e-07
1483.2 1.9196e-09 4.29478e-07
1488 1.92665e-09 4.38725e-07
1492.8 1.93984e-09 4.48037e-07
1497.6 1.94893e-09 4.57392e-07
1502.4 1.95675e-09 4.66784e-07
1507.2 1.96338e-09 4.76208e-07
1512 1.97037e-09 4.85666e-07
1516.8 1.97098e-09 4.95127e-07
1521.6 1.97744e-09 5.04618e-07
1526.4 1.97933e-09 5.14119e-07
1531.2 1.98078e-09 5.23627e-07
1536 1.98672e-09 5.33163e-07
1540.8 1.98485e-09 5.42691e-07
1545.6 1.98713e-09 5.52229e-07
1550.4 1.98582e-09 5.61761e-07
1555.2 1.98182e-09 5.71273e-07
1560 1.97949e-09 5.80775e-07
1564.8 1.97606e-09 5.9026e-07
1569.6 1.97449e-09 5.99738e-07
1574.4 1.96699e-09 6.09179e-07
1579.2 1.95659e-09 6.18571e-07
1584 1.95144e-09 6.27938e-07
1588.8 1.94723e-09 6.37284e-07
1593.6 1.94281e-09 6.4661e-07
1598.4 1.94488e-09 6.55945e-07
1603.2 1.94365e-09 6.65275e-07
1608 1.94387e-09 6.74606e-07
1612.8 1.93639e-09 6.839e-07
1617.6 1.93745e-09 6.932e-07
1622.4 1.92885e-09 7.02458e-07
1627.2 1.92282e-09 7.11688e-07
1632 1.90698e-09 7.20841e-07
1636.8 1.89989e-09 7.29961e-07
1641.6 1.89664e-09 7.39065e-07
1646.4 1.88638e-09 7.48119e-07
1651.2 1.88113e-09 7.57149e-07
1656 1.87055e-09 7.66127e-07
1660.8 1.85887e-09 7.7505e-07
1665.6 1.84593e-09 7.83911e-07
1670.4 1.84155e-09 7.9275e-07
1675.2 1.83047e-09 8.01536e-07
1680 1.82111e-09 8.10278e-07
1684.8 1.82039e-09 8.19015e-07
1689.6 1.81352e-09 8.2772e-07
1694.4 1.80855e-09 8.36401e-07
1699.2 1.7991e-09 8.45037e-07
1704 1.79162e-09 8.53637e-07
1708.8 1.77752e-09 8.62169e-07
1713.6 1.76499e-09 8.70641e-07
1718.4 1.75829e-09 8.79081e-07
1723.2 1.75062e-09 8.87484e-07
1728 1.73967e-09 8.95834e-07
1732.8 1.73477e-09 9.04161e-07
1737.6 1.7287e-09 9.12459e-07
1742.4 1.72639e-09 9.20745e-07
1747.2 1.7271e-09 9.29036e-07
1752 1.7208e-09 9.37295e-07
1756.8 1.71987e-09 9.45551e-07
1761.6 1.71873e-09 9.53801e-07
1766.4 1.71991e-09 9.62056e-07
1771.2 1.7185e-09 9.70305e-07
1776 1.72585e-09 9.78589e-07
1780.8 1.72857e-09 9.86886e-07
1785.6 1.72891e-09 9.95185e-07
1790.4 1.73853e-09 1.00353e-06
1795.2 1.74441e-09 1.0119e-06
1800 1.74961e-09 1.0203e-06
1804.8 1.75571e-09 1.02873e-06
1809.6 1.77016e-09 1.03723e-06
1814.4 1.78421e-09 1.04579e-06
1819.2 1.80054e-09 1.05443e-06
1824 1.8191e-09 1.06316e-06
1828.8 1.83969e-09 1.07199e-06
1833.6 1.86002e-09 1.08092e-06
1838.4 1.87957e-09 1.08994e-06
1843.2 1.89921e-09 1.09906e-06
1848 1.92141e-09 1.10828e-06
1852.8 1.94614e-09 1.11762e-06
1857.6 1.98245e-09 1.12714e-06
1862.4 2.0219e-09 1.13685e-06
1867.2 2.06547e-09 1.14676e-06
1872 2.12237e-09 1.15695e-06
1876.8 2.17876e-09 1.16741e-06
1881.6 2.24039e-09 1.17816e-06
1886.4 2.29293e-09 1.18917e-06
1891.2 2.35338e-09 1.20046e-06
1896 2.41301e-09 1.21204e-06
1900.8 2.46668e-09 1.22388e-06
1905.6 2.52008e-09 1.23598e-06
1910.4 2.57988e-09 1.24836e-06
1915.2 2.65404e-09 1.2611e-06
1920 2.73721e-09 1.27424e-06
1924.8 2.81317e-09 1.28775e-06
1929.6 2.87108e-09 1.30153e-06
1934.4 2.92161e-09 1.31555e-06
1939.2 2.96953e-09 1.3298e-06
1944 3.03029e-09 1.34435e-06
1948.8 3.09459e-09 1.3592e-06
1953.6 3.15881e-09 1.37437e-06
1958.4 3.22448e-09 1.38984e-06
1963.2 3.2752e-09 1.40556e-06
1968 3.3201e-09 1.4215e-06
1972.8 3.3453e-09 1.43756e-06
1977.6 3.35711e-09 1.45367e-06
1982.4 3.35975e-09 1.4698e-06
1987.2 3.3523e-09 1.48589e-06
1992 3.34318e-09 1.50194e-06
1996.8 3.31304e-09 1.51784e-06
2001.6 3.27945e-09 1.53358e-06
2006.4 3.24677e-09 1.54917e-06
2011.2 3.21969e-09 1.56462e-06
2016 3.18692e-09 1.57992e-06
2020.8 3.15638e-09 1.59507e-06
2025.6 3.10897e-09 1.60999e-06
2030.4 3.07667e-09 1.62476e-06
2035.2 3.05673e-09 1.63943e-06
2040 3.0322e-09 1.65399e-06
2044.8 2.99625e-09 1.66837e-06
2049.6 2.9617e-09 1.68258e-06
2054.4 2.94415e-09 1.69672e-06
2059.2 2.91388e-09 1.7107e-06
2064 2.92634e-09 1.72475e-06
2068.8 2.9323e-09 1.73882e-06
2073.6 2.95238e-09 1.753e-06
2078.4 2.99337e-09 1.76736e-06
2083.2 3.03831e-09 1.78195e-06
2088 3.08268e-09 1.79674e-06
2092.8 3.09582e-09 1.8116e-06
2097.6 3.11889e-09 1.82658e-06
2102.4 3.11443e-09 1.84152e-06
2107.2 3.10385e-09 1.85642e-06
2112 3.06403e-09 1.87113e-06
2116.8 3.03849e-09 1.88571e-06
2121.6 2.99914e-09 1.90011e-06
2126.4 2.95068e-09 1.91427e-06
2131.2 2.89904e-09 1.92819e-06
2136 2.85481e-09 1.94189e-06
2140.8 2.82729e-09 1.95546e-06
2145.6 2.80283e-09 1.96892e-06
2150.4 2.77641e-09 1.98224e-06
2155.2 2.7617e-09 1.9955e-06
2160 2.74262e-09 2.00866e-06
2164.8 2.72937e-09 2.02177e-06
2169.6 2.72591e-09 2.03485e-06
2174.4 2.74356e-09 2.04802e-06
2179.2 2.75899e-09 2.06126e-06
2184 2.78089e-09 2.07461e-06
2188.8 2.81178e-09 2.08811e-06
2193.6 2.839e-09 2.10173e-06
2198.4 2.86631e-09 2.11549e-06
2203.2 2.91047e-09 2.12946e-06
2208 2.95747e-09 2.14366e-06
2212.8 3.00618e-09 2.15809e-06
2217.6 3.07207e-09 2.17283e-06
2222.4 3.16219e-09 2.18801e-06
2227.2 3.2651e-09 2.20369e-06
2232 3.39869e-09 2.22e-06
2236.8 3.52981e-09 2.23694e-06
2241.6 3.65344e-09 2.25448e-06
2246.4 3.76492e-09 2.27255e-06
2251.2 3.83481e-09 2.29096e-06
2256 3.88693e-09 2.30961e-06
2260.8 3.92283e-09 2.32844e-06
2265.6 3.99158e-09 2.3476e-06
2270.4 4.02571e-09 2.36693e-06
2275.2 4.02324e-09 2.38624e-06
2280 4.0115e-09 2.40549e-06
2284.8 4.02277e-09 2.4248e-06
2289.6 3.99716e-09 2.44399e-06
2294.4 3.99142e-09 2.46315e-06
2299.2 3.99566e-09 2.48233e-06
2304 3.98835e-09 2.50147e-06
2308.8 4.02381e-09 2.52079e-06
2313.6 4.07836e-09 2.54036e-06
2318.4 4.1632e-09 2.56035e-06
2323.2 4.27378e-09 2.58086e-06
2328 4.40614e-09 2.60201e-06
2332.8 4.54411e-09 2.62382e-06
2337.6 4.72022e-09 2.64648e-06
2342.4 4.91738e-09 2.67008e-06
2347.2 5.43781e-09 2.69618e-06
2352 6.59293e-09 2.72783e-06
2356.8 8.16251e-09 2.76701e-06
2361.6 1.03439e-08 2.81666e-06
2366.4 1.42938e-08 2.88527e-06
2371.2 1.95073e-08 2.9789e-06
2376 2.51993e-08 3.09986e-06
2380.8 3.14587e-08 3.25086e-06
2385.6 3.7644e-08 3.43155e-06
2390.4 4.34685e-08 3.6402e-06
2395.2 4.87491e-08 3.8742e-06
2400 5.38187e-08 4.13253e-06
2404.8 5.91131e-08 4.41627e-06
2409.6 6.43893e-08 4.72534e-06
2414.4 6.96343e-08 5.05958e-06
2419.2 7.59525e-08 5.42416e-06
2424 8.33506e-08 5.82424e-06
2428.8 9.07673e-08 6.25992e-06
2433.6 9.7653e-08 6.72866e-06
2438.4 1.03768e-07 7.22674e-06
2443.2 1.08686e-07 7.74844e-06
2448 1.12495e-07 8.28841e-06
2452.8 1.15952e-07 8.84498e-06
2457.6 1.1924e-07 9.41734e-06
2462.4 1.2275e-07 1.00065e-05
2467.2 1.26231e-07 1.06124e-05
2472 1.29475e-07 1.12339e-05
2476.8 1.32887e-07 1.18718e-05
2481.6 1.36543e-07 1.25272e-05
2486.4 1.39964e-07 1.3199e-05
2491.2 1.43152e-07 1.38861e-05
2496 1.46059e-07 1.45872e-05
2500.8 1.48616e-07 1.53006e-05
2505.6 1.5086e-07 1.60247e-05
2510.4 1.53162e-07 1.67599e-05
2515.2 1.55695e-07 1.75072e-05
2520 1.58599e-07 1.82685e-05
2524.8 1.6172e-07 1.90448e-05
2529.6 1.64749e-07 1.98356e-05
2534.4 1.67273e-07 2.06385e-05
2539.2 1.69434e-07 2.14517e-05
2544 1.71151e-07 2.22733e-05
2548.8 1.72643e-07 2.3102e-05
2553.6 1.73845e-07 2.39364e-05
2558.4 1.74839e-07 2.47756e-05
2563.2 1.75665e-07 2.56188e-05
2568 1.7639e-07 2.64655e-05
2572.8 1.77041e-07 2.73153e-05
2577.6 1.77442e-07 2.8167e-05
2582.4 1.77522e-07 2.90191e-05
2587.2 1.77406e-07 2.98707e-05
2592 1.77127e-07 3.07209e-05
2596.8 1.76879e-07 3.15699e-05
2601.6 1.76659e-07 3.24179e-05
2606.4 1.76492e-07 3.3265e-05
2611.2 1.76179e-07 3.41107e-05
2616 1.75856e-07 3.49548e-05
2620.8 1.75623e-07 3.57978e-05
2625.6 1.75276e-07 3.66391e-05
2630.4 1.74545e-07 3.74769e-05
2635.2 1.735e-07 3.83097e-05
2640 1.7256e-07 3.9138e-05
2644.8 1.71904e-07 3.99632e-05
2649.6 1.71576e-07 4.07867e-05
2654.4 1.71472e-07 4.16098e-05
2659.2 1.71329e-07 4.24322e-05
2664 1.71088e-07 4.32534e-05
2668.8 1.70739e-07 4.40729e-05
2673.6 1.70278e-07 4.48903e-05
2678.4 1.69721e-07 4.57049e-05
2683.2 1.69083e-07 4.65165e-05
2688 1.68347e-07 4.73246e-05
2692.8 1.67426e-07 4.81282e-05
2697.6 1.66368e-07 4.89268e-05
2702.4 1.65314e-07 4.97203e-05
2707.2 1.64386e-07 5.05094e-05
2712 1.63665e-07 5.12949e-05
2716.8 1.63172e-07 5.20782e-05
2721.6 1.62818e-07 5.28597e-05
2726.4 1.62385e-07 5.36392e-05
2731.2 1.61752e-07 5.44156e-05
2736 1.60995e-07 5.51883e-05
2740.8 1.60183e-07 5.59572e-05
2745.6 1.59413e-07 5.67224e-05
2750.4 1.58732e-07 5.74843e-05
2755.2 1.58171e-07 5.82435e-05
2760 1.57737e-07 5.90007e-05
2764.8 1.57332e-07 5.97559e-05
2769.6 1.56872e-07 6.05088e-05
2774.4 1.56337e-07 6.12593e-05
2779.2 1.55716e-07 6.20067e-05
2784 1.54961e-07 6.27505e-05
2788.8 1.54104e-07 6.34902e-05
2793.6 1.53192e-07 6.42255e-05
2798.4 1.52329e-07 6.49567e-05
2803.2 1.51842e-07 6.56856e-05
2808 1.51767e-07 6.6414e-05
2812.8 1.52265e-07 6.71449e-05
2817.6 1.53072e-07 6.78797e-05
2822.4 1.53787e-07 6.86178e-05
2827.2 1.54532e-07 6.93596e-05
2832 1.5577e-07 7.01073e-05
2836.8 1.58195e-07 7.08666e-05
2841.6 1.61598e-07 7.16423e-05
2846.4 1.65464e-07 7.24365e-05
2851.2 1.69969e-07 7.32524e-05
2856 1.74466e-07 7.40898e-05
2860.8 1.78595e-07 7.49471e-05
2865.6 1.82712e-07 7.58241e-05
2870.4 1.8708e-07 7.67221e-05
2875.2 1.91495e-07 7.76412e-05
2880 1.95332e-07 7.85788e-05
2884.8 1.98083e-07 7.95296e-05
2889.6 1.99834e-07 8.04888e-05
2894.4 2.02692e-07 8.14618e-05
2899.2 2.05798e-07 8.24496e-05
2904 2.10999e-07 8.34624e-05
2908.8 2.15819e-07 8.44983e-05
2913.6 2.20377e-07 8.55561e-05
2918.4 2.23408e-07 8.66285e-05
2923.2 2.23123e-07 8.76995e-05
2928 2.26117e-07 8.87848e-05
2932.8 2.31662e-07 8.98968e-05
2937.6 2.37746e-07 9.1038e-05
2942.4 2.45293e-07 9.22154e-05
2947.2 2.52586e-07 9.34278e-05
2952 2.5953e-07 9.46735e-05
2956.8 2.67204e-07 9.59561e-05
2961.6 2.76006e-07 9.7281e-05
2966.4 2.85678e-07 9.86522e-05
2971.2 2.96085e-07 0.000100073
2976 3.05257e-07 0.000101539
2980.8 3.12499e-07 0.000103039
2985.6 3.17272e-07 0.000104562
2990.4 3.20686e-07 0.000106101
2995.2 3.2466e-07 0.000107659
3000 3.28931e-07 0.000109238
3004.8 3.3247e-07 0.000110834
3009.6 3.35714e-07 0.000112445
3014.4 3.39304e-07 0.000114074
3019.2 3.42401e-07 0.000115718
3024 3.44904e-07 0.000117373
3028.8 3.48203e-07 0.000119044
3033.6 3.50653e-07 0.000120728
3038.4 3.53176e-07 0.000122423
3043.2 3.55744e-07 0.00012413
3048 3.57275e-07 0.000125845
3052.8 3.59394e-07 0.00012757
3057.6 3.6102e-07 0.000129303
3062.4 3.61267e-07 0.000131037
3067.2 3.60476e-07 0.000132768
3072 3.59009e-07 0.000134491
3076.8 3.58451e-07 0.000136212
3081.6 3.57801e-07 0.000137929
3086.4 3.55469e-07 0.000139635
3091.2 3.55575e-07 0.000141342
3096 3.53763e-07 0.00014304
3100.8 3.52121e-07 0.00014473
3105.6 3.50817e-07 0.000146414
3110.4 3.47644e-07 0.000148083
3115.2 3.44786e-07 0.000149738
3120 3.41958e-07 0.000151379
3124.8 3.39487e-07 0.000153009
3129.6 3.37338e-07 0.000154628
3134.4 3.35175e-07 0.000156237
3139.2 3.33496e-07 0.000157838
3144 3.30149e-07 0.000159422
3148.8 3.28375e-07 0.000160998
3153.6 3.25612e-07 0.000162561
3158.4 3.21952e-07 0.000164107
3163.2 3.20234e-07 0.000165644
3168 3.17167e-07 0.000167166
3172.8 3.12742e-07 0.000168667
3177.6 3.09534e-07 0.000170153
3182.4 3.06109e-07 0.000171623
3187.2 3.00328e-07 0.000173064
3192 2.97022e-07 0.00017449
3196.8 2.92648e-07 0.000175895
3201.6 2.88949e-07 0.000177282
3206.4 2.83771e-07 0.000178644
3211.2 2.79422e-07 0.000179985
3216 2.72701e-07 0.000181294
3220.8 2.64859e-07 0.000182565
3225.6 2.58289e-07 0.000183805
3230.4 2.50236e-07 0.000185006
3235.2 2.41701e-07 0.000186166
3240 2.27507e-07 0.000187258
3244.8 2.20243e-07 0.000188315
3249.6 2.16317e-07 0.000189354
3254.4 2.08617e-07 0.000190355
3259.2 2.02123e-07 0.000191325
3264 1.91657e-07 0.000192245
3268.8 1.89441e-07 0.000193155
3273.6 1.84814e-07 0.000194042
3278.4 1.83827e-07 0.000194924
3283.2 1.79511e-07 0.000195786
3288 1.78545e-07 0.000196643
3292.8 1.78775e-07 0.000197501
3297.6 1.8115e-07 0.00019837
3302.4 1.75243e-07 0.000199211
3307.2 1.76966e-07 0.000200061
3312 1.7921e-07 0.000200921
3316.8 1.8325e-07 0.000201801
3321.6 1.84601e-07 0.000202687
3326.4 1.85737e-07 0.000203578
3331.2 1.91693e-07 0.000204498
3336 1.96459e-07 0.000205441
3340.8 1.97701e-07 0.00020639
3345.6 2.00661e-07 0.000207354
3350.4 1.99983e-07 0.000208314
3355.2 2.03219e-07 0.000209289
3360 2.06534e-07 0.00021028
3364.8 2.11222e-07 0.000211294
3369.6 2.14017e-07 0.000212322
3374.4 2.17088e-07 0.000213364
3379.2 2.17001e-07 0.000214405
3384 2.19754e-07 0.00021546
3388.8 2.21678e-07 0.000216524
3393.6 2.24766e-07 0.000217603
3398.4 2.28167e-07 0.000218698
3403.2 2.32094e-07 0.000219812
3408 2.36603e-07 0.000220948
3412.8 2.38188e-07 0.000222091
3417.6 2.40063e-07 0.000223243
3422.4 2.41607e-07 0.000224403
3427.2 2.44322e-07 0.000225576
3432 2.49638e-07 0.000226774
3436.8 2.54818e-07 0.000227997
3441.6 2.62385e-07 0.000229257
3446.4 2.65256e-07 0.00023053
3451.2 2.70489e-07 0.000231828
3456 2.78058e-07 0.000233163
3460.8 2.83136e-07 0.000234522
3465.6 2.85303e-07 0.000235892
3470.4 2.90797e-07 0.000237287
3475.2 2.95979e-07 0.000238708
3480 3.00072e-07 0.000240148
3484.8 3.0548e-07 0.000241615
3489.6 3.0863e-07 0.000243096
3494.4 3.13614e-07 0.000244601
3499.2 3.18254e-07 0.000246129
3504 3.19481e-07 0.000247663
3508.8 3.26617e-07 0.00024923
3513.6 3.31592e-07 0.000250822
3518.4 3.36357e-07 0.000252436
3523.2 3.42029e-07 0.000254078
3528 3.45778e-07 0.000255738
3532.8 3.45508e-07 0.000257396
3537.6 3.51319e-07 0.000259083
3542.4 3.56322e-07 0.000260793
3547.2 3.58964e-07 0.000262516
3552 3.62482e-07 0.000264256
3556.8 3.63644e-07 0.000266002
3561.6 3.61152e-07 0.000267735
3566.4 3.57837e-07 0.000269453
3571.2 3.5646e-07 0.000271164
3576 3.55582e-07 0.00027287
3580.8 3.53598e-07 0.000274568
3585.6 3.55729e-07 0.000276275
3590.4 3.52816e-07 0.000277969
3595.2 3.4571e-07 0.000279628
3600 3.40143e-07 0.000281261
3604.8 3.34038e-07 0.000282864
3609.6 3.23911e-07 0.000284419
3614.4 3.13164e-07 0.000285922
3619.2 3.04612e-07 0.000287384
3624 2.9569e-07 0.000288804
3628.8 2.75902e-07 0.000290128
3633.6 2.50706e-07 0.000291331
3638.4 2.3518e-07 0.00029246
3643.2 2.12973e-07 0.000293482
3648 1.98015e-07 0.000294433
3652.8 1.85422e-07 0.000295323
3657.6 1.72123e-07 0.000296149
3662.4 1.56819e-07 0.000296902
3667.2 1.35889e-07 0.000297554
3672 1.25921e-07 0.000298159
3676.8 1.16684e-07 0.000298719
3681.6 1.04131e-07 0.000299219
3686.4 9.61269e-08 0.00029968
3691.2 8.88128e-08 0.000300106
3696 8.123e-08 0.000300496
3700.8 7.64105e-08 0.000300863
3705.6 7.04488e-08 0.000301201
3710.4 6.61241e-08 0.000301518
3715.2 5.88951e-08 0.000301801
3720 5.73067e-08 0.000302076
3724.8 5.41168e-08 0.000302336
3729.6 5.01812e-08 0.000302577
3734.4 4.68601e-08 0.000302802
3739.2 4.405e-08 0.000303013
3744 4.12701e-08 0.000303211
3748.8 3.87251e-08 0.000303397
3753.6 3.66762e-08 0.000303573
3758.4 3.53353e-08 0.000303743
3763.2 3.27415e-08 0.0003039
3768 3.06547e-08 0.000304047
3772.8 2.93558e-08 0.000304188
3777.6 2.82708e-08 0.000304324
3782.4 2.71403e-08 0.000304454
3787.2 2.57609e-08 0.000304578
3792 2.42665e-08 0.000304694
3796.8 2.35763e-08 0.000304807
3801.6 2.37638e-08 0.000304921
3806.4 2.33779e-08 0.000305034
3811.2 2.25879e-08 0.000305142
3816 2.12921e-08 0.000305244
3820.8 2.1005e-08 0.000305345
3825.6 2.0737e-08 0.000305445
3830.4 2.04039e-08 0.000305543
3835.2 2.02206e-08 0.00030564
3840 2.00723e-08 0.000305736
3844.8 1.99762e-08 0.000305832
3849.6 1.99248e-08 0.000305927
3854.4 1.96591e-08 0.000306022
3859.2 1.97097e-08 0.000306116
3864 1.96007e-08 0.000306211
3868.8 1.93692e-08 0.000306303
3873.6 1.94676e-08 0.000306397
3878.4 1.93745e-08 0.00030649
3883.2 1.88545e-08 0.00030658
3888 1.82459e-08 0.000306668
3892.8 1.78078e-08 0.000306753
3897.6 1.70849e-08 0.000306835
3902.4 1.67877e-08 0.000306916
3907.2 1.62498e-08 0.000306994
3912 1.54368e-08 0.000307068
3916.8 1.49952e-08 0.00030714
3921.6 1.47455e-08 0.000307211
3926.4 1.42704e-08 0.000307279
3931.2 1.42012e-08 0.000307348
3936 1.41153e-08 0.000307415
3940.8 1.40943e-08 0.000307483
3945.6 1.42234e-08 0.000307551
3950.4 1.37961e-08 0.000307617
3955.2 1.3508e-08 0.000307682
3960 1.32719e-08 0.000307746
3964.8 1.34492e-08 0.000307811
3969.6 1.34901e-08 0.000307875
3974.4 1.36698e-08 0.000307941
3979.2 1.36507e-08 0.000308006
3984 1.33618e-08 0.000308071
3988.8 1.34838e-08 0.000308135
3993.6 1.3797e-08 0.000308202
3998.4 1.36862e-08 0.000308267
4003.2 1.3794e-08 0.000308333
4008 1.37856e-08 0.0003084
4012.8 1.3776e-08 0.000308466
4017.6 1.3786e-08 0.000308532
4022.4 1.38811e-08 0.000308599
4027.2 1.35149e-08 0.000308663
4032 1.33571e-08 0.000308728
4036.8 1.33823e-08 0.000308792
4041.6 1.29765e-08 0.000308854
4046.4 1.31954e-08 0.000308917
4051.2 1.29896e-08 0.00030898
4056 1.27858e-08 0.000309041
4060.8 1.2886e-08 0.000309103
4065.6 1.28297e-08 0.000309165
4070.4 1.2984e-08 0.000309227
4075.2 1.2686e-08 0.000309288
4080 1.26663e-08 0.000309349
4084.8 1.26799e-08 0.000309409
4089.6 1.26643e-08 0.00030947
4094.4 1.22417e-08 0.000309529
4099.2 1.1995e-08 0.000309587
4104 1.20416e-08 0.000309644
4108.8 1.19683e-08 0.000309702
4113.6 1.2172e-08 0.00030976
4118.4 1.21234e-08 0.000309818
4123.2 1.19674e-08 0.000309876
4128 1.15596e-08 0.000309931
4132.8 1.14579e-08 0.000309986
4137.6 1.11256e-08 0.00031004
4142.4 1.10454e-08 0.000310093
4147.2 1.08266e-08 0.000310145
4152 1.06986e-08 0.000310196
4156.8 1.06353e-08 0.000310247
4161.6 1.05025e-08 0.000310298
4166.4 1.09207e-08 0.00031035
4171.2 1.08669e-08 0.000310402
4176 1.03969e-08 0.000310452
4180.8 9.86179e-09 0.000310499
4185.6 9.17318e-09 0.000310543
4190.4 8.73957e-09 0.000310585
4195.2 8.63788e-09 0.000310627
4200 8.37033e-09 0.000310667
4204.8 8.13955e-09 0.000310706
4209.6 8.03924e-09 0.000310745
4214.4 7.76555e-09 0.000310782
4219.2 7.41207e-09 0.000310818
4224 6.5327e-09 0.000310849
4228.8 6.23689e-09 0.000310879
4233.6 6.04776e-09 0.000310908
4238.4 5.73418e-09 0.000310935
4243.2 5.45778e-09 0.000310962
4248 5.35731e-09 0.000310987
4252.8 4.96385e-09 0.000311011
4257.6 4.849e-09 0.000311034
4262.4 4.633e-09 0.000311057
4267.2 4.45945e-09 0.000311078
4272 4.48027e-09 0.0003111
4276.8 4.62343e-09 0.000311122
4281.6 4.54387e-09 0.000311144
4286.4 4.15056e-09 0.000311163
4291.2 4.14551e-09 0.000311183
4296 4.27375e-09 0.000311204
4300.8 4.19997e-09 0.000311224
4305.6 4.15696e-09 0.000311244
4310.4 4.10903e-09 0.000311264
4315.2 3.99774e-09 0.000311283
4320 3.77514e-09 0.000311301
4324.8 3.78096e-09 0.000311319
4329.6 3.82968e-09 0.000311338
4334.4 3.82771e-09 0.000311356
4339.2 3.78321e-09 0.000311374
4344 3.97925e-09 0.000311393
4348.8 4.00397e-09 0.000311412
4353.6 3.8433e-09 0.000311431
4358.4 3.87175e-09 0.000311449
4363.2 3.92216e-09 0.000311468
4368 3.91632e-09 0.000311487
4372.8 4.10948e-09 0.000311507
4377.6 3.90841e-09 0.000311526
4382.4 3.83262e-09 0.000311544
4387.2 3.79251e-09 0.000311562
4392 3.76959e-09 0.00031158
4396.8 3.78643e-09 0.000311598
4401.6 3.90333e-09 0.000311617
4406.4 3.33825e-09 0.000311633
4411.2 3.06497e-09 0.000311648
4416 3.11676e-09 0.000311663
4420.8 2.69555e-09 0.000311676
4425.6 2.59571e-09 0.000311688
4430.4 2.40068e-09 0.0003117
4435.2 2.23545e-09 0.00031171
4440 2.049e-09 0.00031172
4444.8 1.91552e-09 0.00031173
4449.6 1.67592e-09 0.000311738
4454.4 1.63213e-09 0.000311745
4459.2 1.57727e-09 0.000311753
4464 1.57321e-09 0.000311761
4468.8 1.58572e-09 0.000311768
4473.6 1.63721e-09 0.000311776
4478.4 1.6261e-09 0.000311784
4483.2 1.53396e-09 0.000311791
4488 1.53378e-09 0.000311799
4492.8 1.373e-09 0.000311805
4497.6 1.29524e-09 0.000311811
4502.4 1.14034e-09 0.000311817
4507.2 1.2028e-09 0.000311823
4512 1.15209e-09 0.000311828
4516.8 1.14822e-09 0.000311834
4521.6 1.12151e-09 0.000311839
4526.4 1.1536e-09 0.000311845
4531.2 1.1857e-09 0.00031185
4536 1.1606e-09 0.000311856
4540.8 1.22479e-09 0.000311862
4545.6 1.3786e-09 0.000311868
4550.4 1.44069e-09 0.000311875
4555.2 1.43144e-09 0.000311882
4560 1.51051e-09 0.000311889
4564.8 1.53179e-09 0.000311897
4569.6 1.48221e-09 0.000311904
4574.4 1.50189e-09 0.000311911
4579.2 1.58657e-09 0.000311919
4584 1.69888e-09 0.000311927
4588.8 1.66112e-09 0.000311935
4593.6 1.70714e-09 0.000311943
4598.4 1.69244e-09 0.000311951
4603.2 1.71031e-09 0.000311959
4608 1.72651e-09 0.000311968
4612.8 1.72247e-09 0.000311976
4617.6 1.65847e-09 0.000311984
4622.4 1.64479e-09 0.000311992
4627.2 1.76891e-09 0.000312
4632 1.74731e-09 0.000312009
4636.8 1.74581e-09 0.000312017
4641.6 1.70305e-09 0.000312025
4646.4 1.84434e-09 0.000312034
4651.2 1.83813e-09 0.000312043
4656 1.82908e-09 0.000312052
4660.8 1.85982e-09 0.000312061
4665.6 1.72952e-09 0.000312069
4670.4 1.74056e-09 0.000312077
4675.2 1.77633e-09 0.000312086
4680 1.8488e-09 0.000312095
4684.8 1.83826e-09 0.000312103
4689.6 1.72321e-09 0.000312112
4694.4 1.68211e-09 0.00031212
4699.2 1.75493e-09 0.000312128
4704 1.77087e-09 0.000312137
4708.8 1.7854e-09 0.000312145
4713.6 1.80557e-09 0.000312154
4718.4 1.74095e-09 0.000312162
4723.2 1.61375e-09 0.00031217
4728 1.67173e-09 0.000312178
4732.8 1.57163e-09 0.000312186
4737.6 1.51663e-09 0.000312193
4742.4 1.59484e-09 0.000312201
4747.2 1.58675e-09 0.000312208
4752 1.4999e-09 0.000312215
4756.8 1.36138e-09 0.000312222
4761.6 1.26663e-09 0.000312228
4766.4 1.20049e-09 0.000312234
4771.2 1.19384e-09 0.000312239
4776 9.91997e-10 0.000312244
4780.8 1.01329e-09 0.000312249
4785.6 9.77358e-10 0.000312254
4790.4 9.79355e-10 0.000312258
4795.2 9.68434e-10 0.000312263
4800 9.70615e-10 0.000312268
4804.8 9.34286e-10 0.000312272
4809.6 7.95381e-10 0.000312276
4814.4 7.69006e-10 0.00031228
4819.2 6.95785e-10 0.000312283
4824 7.12249e-10 0.000312287
4828.8 6.77563e-10 0.00031229
4833.6 6.25082e-10 0.000312293
4838.4 5.8088e-10 0.000312296
4843.2 5.67727e-10 0.000312298
4848 5.46531e-10 0.000312301
4852.8 4.7618e-10 0.000312303
4857.6 4.34405e-10 0.000312305
4862.4 2.839e-10 0.000312307
4867.2 2.87576e-10 0.000312308
4872 2.56187e-10 0.000312309
4876.8 2.52553e-10 0.00031231
4881.6 2.20481e-10 0.000312312
4886.4 2.20687e-10 0.000312313
4891.2 2.1398e-10 0.000312314
4896 2.10363e-10 0.000312315
4900.8 2.02854e-10 0.000312316
4905.6 1.84974e-10 0.000312316
4910.4 1.57672e-10 0.000312317
4915.2 1.51403e-10 0.000312318
4920 9.08669e-10 0.000312322
4924.8 1.04883e-09 0.000312327
4929.6 1.10602e-09 0.000312333
4934.4 1.14424e-09 0.000312338
4939.2 1.15441e-09 0.000312344
4944 1.19748e-09 0.000312349
4948.8 1.77519e-09 0.000312358
4953.6 1.79723e-09 0.000312367
4958.4 2.34508e-09 0.000312378
4963.2 3.53617e-09 0.000312395
4968 1.79821e-09 0.000312403
4972.8 1.79298e-09 0.000312412
4977.6 1.77858e-09 0.000312421
4982.4 1.08854e-09 0.000312426
4987.2 1.08354e-09 0.000312431
4992 1.08535e-09 0.000312436
4996.8 1.08893e-09 0.000312441
5001.6 1.09582e-09 0.000312447
5006.4 1.1068e-09 0.000312452
5011.2 1.12543e-09 0.000312457
5016 0 0.000312457
5020.8 0 0.000312457
5025.6 0 0.000312457
5030.4 0 0.000312457
5035.2 0 0.000312457
5040 0 0.000312457
5044.8 0 0.000312457
5049.6 0 0.000312457
5054.4 0 0.000312457
5059.2 0 0.000312457
5064 0 0.000312457
5068.8 0 0.000312457
5073.6 0 0.000312457
5078.4 0 0.000312457
5083.2 0 0.000312457
5088 0 0.000312457
5092.8 0 0.000312457
5097.6 0 0.000312457
5102.4 0 0.000312457
5107.2 0 0.000312457
5112 0 0.000312457
5116.8 0 0.000312457
5121.6 0 0.000312457
5126.4 0 0.000312457
5131.2 0 0.000312457
5136 0 0.000312457
5140.8 0 0.000312457
5145.6 0 0.000312457
5150.4 0 0.000312457
5155.2 0 0.000312457
5160 0 0.000312457
5164.8 0 0.000312457
5169.6 0 0.000312457
5174.4 0 0.000312457
5179.2 0 0.000312457
5184 0 0.000312457
5188.8 0 0.000312457
5193.6 0 0.000312457
5198.4 0 0.000312457
5203.2 0 0.000312457
5208 0 0.000312457
5212.8 0 0.000312457
5217.6 0 0.000312457
5222.4 0 0.000312457
5227.2 0 0.000312457
5232 0 0.000312457
5236.8 0 0.000312457
5241.6 0 0.000312457
5246.4 0 0.000312457
5251.2 0 0.000312457
5256 0 0.000312457
5260.8 0 0.000312457
5265.6 0 0.000312457
5270.4 0 0.000312457
5275.2 0 0.000312457
5280 0 0.000312457
5284.8 0 0.000312457
5289.6 0 0.000312457
5294.4 0 0.000312457
5299.2 0 0.000312457
5304 0 0.000312457
5308.8 0 0.000312457
5313.6 0 0.000312457
5318.4 0 0.000312457
5323.2 0 0.000312457
5328 0 0.000312457
5332.8 0 0.000312457
5337.6 0 0.000312457
5342.4 0 0.000312457
5347.2 0 0.000312457
5352 0 0.000312457
5356.8 0 0.000312457
5361.6 0 0.000312457
5366.4 0 0.000312457
5371.2 0 0.000312457
5376 0 0.000312457
5380.8 0 0.000312457
5385.6 0 0.000312457
5390.4 0 0.000312457
5395.2 0 0.000312457
5400 0 0.000312457
5404.8 0 0.000312457
5409.6 0 0.000312457
5414.4 0 0.000312457
5419.2 0 0.000312457
5424 0 0.000312457
5428.8 0 0.000312457
5433.6 0 0.000312457
5438.4 0 0.000312457
5443.2 0 0.000312457
5448 0 0.000312457
5452.8 0 0.000312457
5457.6 0 0.000312457
5462.4 0 0.000312457
5467.2 0 0.000312457
5472 0 0.000312457
5476.8 0 0.000312457
5481.6 0 0.000312457
5486.4 0 0.000312457
5491.2 0 0.000312457
5496 4.16843e-12 0.000312457
5500.8 1.24095e-11 0.000312458
5505.6 1.65725e-11 0.000312458
5510.4 2.35629e-11 0.000312458
5515.2 2.89896e-11 0.000312458
5520 5.16986e-11 0.000312458
5524.8 7.11664e-11 0.000312458
5529.6 8.4657e-11 0.000312459
5534.4 9.80908e-11 0.000312459
5539.2 1.29199e-10 0.00031246
5544 1.50146e-10 0.000312461
5548.8 1.71496e-10 0.000312461
5553.6 1.82645e-10 0.000312462
5558.4 2.15717e-10 0.000312463
5563.2 2.29097e-10 0.000312464
5568 2.53724e-10 0.000312466
5572.8 2.67823e-10 0.000312467
5577.6 2.87007e-10 0.000312468
5582.4 2.99201e-10 0.00031247
5587.2 3.27618e-10 0.000312471
5592 3.32357e-10 0.000312473
5596.8 3.47166e-10 0.000312475
5601.6 3.6334e-10 0.000312476
5606.4 3.69886e-10 0.000312478
5611.2 4.36781e-10 0.00031248
5616 4.62681e-10 0.000312482
5620.8 5.02028e-10 0.000312485
5625.6 5.2117e-10 0.000312487
5630.4 5.42618e-10 0.00031249
5635.2 5.62998e-10 0.000312493
5640 5.55942e-10 0.000312495
5644.8 5.90049e-10 0.000312498
5649.6 5.93265e-10 0.000312501
5654.4 5.93897e-10 0.000312504
5659.2 6.16263e-10 0.000312507
5664 6.11437e-10 0.00031251
5668.8 6.30155e-10 0.000312513
5673.6 6.34314e-10 0.000312516
5678.4 6.45835e-10 0.000312519
5683.2 6.37573e-10 0.000312522
5688 6.4348e-10 0.000312525
5692.8 6.30829e-10 0.000312528
5697.6 6.3357e-10 0.000312531
5702.4 5.88225e-10 0.000312534
5707.2 5.71274e-10 0.000312537
5712 5.37849e-10 0.000312539
5716.8 4.90422e-10 0.000312542
5721.6 4.79818e-10 0.000312544
5726.4 4.4819e-10 0.000312546
5731.2 4.17598e-10 0.000312548
5736 3.97163e-10 0.00031255
5740.8 3.63105e-10 0.000312552
5745.6 3.26899e-10 0.000312553
5750.4 2.84226e-10 0.000312555
5755.2 2.71342e-10 0.000312556
5760 2.48783e-10 0.000312557
5764.8 2.27733e-10 0.000312558
5769.6 2.25155e-10 0.000312559
5774.4 2.20649e-10 0.00031256
5779.2 2.09781e-10 0.000312561
5784 1.93655e-10 0.000312562
5788.8 1.78206e-10 0.000312563
5793.6 1.43264e-10 0.000312564
5798.4 1.41854e-10 0.000312565
5803.2 1.17806e-10 0.000312565
5808 1.1301e-10 0.000312566
5812.8 1.08311e-10 0.000312566
5817.6 9.61101e-11 0.000312567
5822.4 9.13559e-11 0.000312567
5827.2 8.5168e-11 0.000312568
5832 8.38038e-11 0.000312568
5836.8 7.89164e-11 0.000312568
5841.6 5.92823e-11 0.000312569
5846.4 5.49366e-11 0.000312569
5851.2 2.81569e-11 0.000312569
5856 2.38836e-11 0.000312569
5860.8 2.68927e-11 0.000312569
5865.6 2.29315e-11 0.000312569
5870.4 1.92217e-11 0.000312569
5875.2 2.21244e-11 0.00031257
5880 1.85712e-11 0.00031257
5884.8 1.51656e-11 0.00031257
5889.6 5.93786e-12 0.00031257
5894.4 0 0.00031257
5899.2 0 0.00031257
5904 0 0.00031257
5908.8 0 0.00031257
5913.6 0 0.00031257
5918.4 0 0.00031257
5923.2 0 0.00031257
5928 0 0.00031257
5932.8 0 0.00031257
5937.6 0 0.00031257
5942.4 0 0.00031257
5947.2 0 0.00031257
5952 0 0.00031257
5956.8 0 0.00031257
5961.6 0 0.00031257
5966.4 0 0.00031257
5971.2 0 0.00031257
5976 0 0.00031257
5980.8 0 0.00031257
5985.6 0 0.00031257
5990.4 0 0.00031257
5995.2 0 0.00031257
6000 0 0.00031257
6004.8 0 0.00031257
6009.6 0 0.00031257
6014.4 0 0.00031257
6019.2 0 0.00031257
6024 0 0.00031257
6028.8 0 0.00031257
6033.6 0 0.00031257
6038.4 0 0.00031257
6043.2 0 0.00031257
6048 0 0.00031257
6052.8 0 0.00031257
6057.6 0 0.00031257
6062.4 0 0.00031257
6067.2 0 0.00031257
6072 0 0.00031257
6076.8 0 0.00031257
6081.6 0 0.00031257
6086.4 0 0.00031257
6091.2 0 0.00031257
6096 0 0.00031257
6100.8 0 0.00031257
6105.6 0 0.00031257
6110.4 0 0.00031257
6115.2 0 0.00031257
6120 0 0.00031257
6124.8 0 0.00031257
6129.6 0 0.00031257
6134.4 0 0.00031257
6139.2 0 0.00031257
6144 0 0.00031257
6148.8 0 0.00031257
6153.6 0 0.00031257
6158.4 0 0.00031257
6163.2 0 0.00031257
6168 0 0.00031257
6172.8 0 0.00031257
6177.6 0 0.00031257
6182.4 0 0.00031257
6187.2 0 0.00031257
6192 0 0.00031257
6196.8 0 0.00031257
6201.6 0 0.00031257
6206.4 0 0.00031257
6211.2 0 0.00031257
6216 0 0.00031257
6220.8 0 0.00031257
6225.6 0 0.00031257
6230.4 0 0.00031257
6235.2 0 0.00031257
6240 0 0.00031257
6244.8 0 0.00031257
6249.6 0 0.00031257
6254.4 0 0.00031257
6259.2 0 0.00031257
6264 0 0.00031257
6268.8 0 0.00031257
6273.6 0 0.00031257
6278.4 0 0.00031257
6283.2 0 0.00031257
6288 0 0.00031257
6292.8 0 0.00031257
6297.6 0 0.00031257
6302.4 0 0.00031257
6307.2 0 0.00031257
6312 0 0.00031257
6316.8 0 0.00031257
6321.6 0 0.00031257
6326.4 0 0.00031257
6331.2 0 0.00031257
6336 0 0.00031257
6340.8 0 0.00031257
6345.6 0 0.00031257
6350.4 0 0.00031257
6355.2 0 0.00031257
6360 0 0.00031257
6364.8 0 0.00031257
6369.6 0 0.00031257
6374.4 0 0.00031257
6379.2 0 0.00031257
6384 0 0.00031257
6388.8 0 0.00031257
6393.6 0 0.00031257
6398.4 0 0.00031257
6403.2 0 0.00031257
6408 0 0.00031257
6412.8 0 0.00031257
6417.6 0 0.00031257
6422.4 0 0.00031257
6427.2 0 0.00031257
6432 0 0.00031257
6436.8 0 0.00031257
6441.6 0 0.00031257
6446.4 0 0.00031257
6451.2 0 0.00031257
6456 0 0.00031257
6460.8 0 0.00031257
6465.6 0 0.00031257
6470.4 0 0.00031257
6475.2 0 0.00031257
6480 0 0.00031257
6484.8 0 0.00031257
6489.6 0 0.00031257
6494.4 0 0.00031257
6499.2 0 0.00031257
6504 0 0.00031257
6508.8 0 0.00031257
6513.6 0 0.00031257
6518.4 0 0.00031257
6523.2 0 0.00031257
6528 0 0.00031257
6532.8 0 0.00031257
6537.6 0 0.00031257
6542.4 0 0.00031257
6547.2 0 0.00031257
6552 0 0.00031257
6556.8 0 0.00031257
6561.6 0 0.00031257
6566.4 0 0.00031257
6571.2 0 0.00031257
6576 0 0.00031257
6580.8 0 0.00031257
6585.6 0 0.00031257
6590.4 0 0.00031257
6595.2 0 0.00031257
6600 0 0.00031257
6604.8 0 0.00031257
6609.6 0 0.00031257
6614.4 0 0.00031257
6619.2 0 0.00031257
6624 0 0.00031257
6628.8 0 0.00031257
6633.6 0 0.00031257
6638.4 0 0.00031257
6643.2 0 0.00031257
6648 0 0.00031257
6652.8 0 0.00031257
6657.6 0 0.00031257
6662.4 0 0.00031257
6667.2 0 0.00031257
6672 0 0.00031257
6676.8 0 0.00031257
6681.6 0 0.00031257
6686.4 0 0.00031257
6691.2 0 0.00031257
6696 0 0.00031257
6700.8 0 0.00031257
6705.6 0 0.00031257
6710.4 0 0.00031257
6715.2 0 0.00031257
6720 0 0.00031257
6724.8 0 0.00031257
6729.6 0 0.00031257
6734.4 0 0.00031257
6739.2 0 0.00031257
6744 0 0.00031257
6748.8 0 0.00031257
6753.6 0 0.00031257
6758.4 0 0.00031257
6763.2 0 0.00031257
6768 0 0.00031257
6772.8 0 0.00031257
6777.6 0 0.00031257
6782.4 0 0.00031257
6787.2 0 0.00031257
6792 0 0.00031257
6796.8 0 0.00031257
6801.6 0 0.00031257
6806.4 0 0.00031257
6811.2 0 0.00031257
6816 0 0.00031257
6820.8 0 0.00031257
6825.6 0 0.00031257
6830.4 0 0.00031257
6835.2 0 0.00031257
6840 0 0.00031257
6844.8 0 0.00031257
6849.6 0 0.00031257
6854.4 0 0.00031257
6859.2 0 0.00031257
6864 0 0.00031257
6868.8 0 0.00031257
6873.6 0 0.00031257
6878.4 0 0.00031257
6883.2 0 0.00031257
6888 0 0.00031257
6892.8 0 0.00031257
6897.6 0 0.00031257
6902.4 0 0.00031257
6907.2 0 0.00031257
6912 0 0.00031257
6916.8 0 0.00031257
6921.6 0 0.00031257
6926.4 0 0.00031257
6931.2 0 0.00031257
6936 0 0.00031257
6940.8 0 0.00031257
6945.6 0 0.00031257
6950.4 0 0.00031257
6955.2 0 0.00031257
6960 0 0.00031257
6964.8 0 0.00031257
6969.6 0 0.00031257
6974.4 0 0.00031257
6979.2 0 0.00031257
6984 0 0.00031257
6988.8 0 0.00031257
6993.6 0 0.00031257
6998.4 0 0.00031257
7003.2 0 0.00031257
7008 0 0.00031257
7012.8 0 0.00031257
7017.6 0 0.00031257
7022.4 0 0.00031257
7027.2 0 0.00031257
7032 0 0.00031257
7036.8 0 0.00031257
7041.6 0 0.00031257
7046.4 0 0.00031257
7051.2 0 0.00031257
7056 0 0.00031257
7060.8 0 0.00031257
7065.6 0 0.00031257
7070.4 0 0.00031257
7075.2 0 0.00031257
7080 0 0.00031257
7084.8 0 0.00031257
7089.6 0 0.00031257
7094.4 0 0.00031257
7099.2 0 0.00031257
7104 0 0.00031257
7108.8 0 0.00031257
7113.6 0 0.00031257
7118.4 0 0.00031257
7123.2 0 0.00031257
7128 0 0.00031257
7132.8 0 0.00031257
7137.6 0 0.00031257
7142.4 0 0.00031257
7147.2 0 0.00031257
7152 0 0.00031257
7156.8 0 0.00031257
7161.6 0 0.00031257
7166.4 0 0.00031257
7171.2 0 0.00031257
7176 0 0.00031257
7180.8 0 0.00031257
7185.6 0 0.00031257
7190.4 0 0.00031257
7195.2 0 0.00031257
7200 0 0.00031257
7204.8 0 0.00031257
7209.6 0 0.00031257
7214.4 0 0.00031257
7219.2 0 0.00031257
7224 0 0.00031257
7228.8 0 0.00031257
7233.6 0 0.00031257
7238.4 0 0.00031257
7243.2 0 0.00031257
7248 0 0.00031257
7252.8 0 0.00031257
7257.6 0 0.00031257
7262.4 0 0.00031257
7267.2 0 0.00031257
7272 0 0.00031257
7276.8 0 0.00031257
7281.6 0 0.00031257
7286.4 0 0.00031257
7291.2 0 0.00031257
7296 0 0.00031257
7300.8 0 0.00031257
7305.6 0 0.00031257
7310.4 0 0.00031257
7315.2 0 0.00031257
7320 0 0.00031257
7324.8 0 0.00031257
7329.6 0 0.00031257
7334.4 0 0.00031257
7339.2 0 0.00031257
7344 0 0.00031257
7348.8 0 0.00031257
7353.6 0 0.00031257
7358.4 0 0.00031257
7363.2 0 0.00031257
7368 0 0.00031257
7372.8 0 0.00031257
7377.6 0 0.00031257
7382.4 0 0.00031257
7387.2 0 0.00031257
7392 0 0.00031257
7396.8 0 0.00031257
7401.6 0 0.00031257
7406.4 0 0.00031257
7411.2 0 0.00031257
7416 0 0.00031257
7420.8 0 0.00031257
7425.6 0 0.00031257
7430.4 0 0.00031257
7435.2 0 0.00031257
7440 0 0.00031257
7444.8 0 0.00031257
7449.6 0 0.00031257
7454.4 0 0.00031257
7459.2 0 0.00031257
7464 0 0.00031257
7468.8 0 0.00031257
7473.6 0 0.00031257
7478.4 0 0.00031257
7483.2 0 0.00031257
7488 0 0.00031257
7492.8 0 0.00031257
7497.6 0 0.00031257
7502.4 0 0.00031257
7507.2 0 0.00031257
7512 0 0.00031257
7516.8 0 0.00031257
7521.6 0 0.00031257
7526.4 0 0.00031257
7531.2 0 0.00031257
7536 0 0.00031257
7540.8 0 0.00031257
7545.6 0 0.00031257
7550.4 0 0.00031257
7555.2 0 0.00031257
7560 0 0.00031257
7564.8 0 0.00031257
7569.6 0 0.00031257
7574.4 0 0.00031257
7579.2 0 0.00031257
7584 0 0.00031257
7588.8 0 0.00031257
7593.6 0 0.00031257
7598.4 0 0.00031257
7603.2 0 0.00031257
7608 0 0.00031257
7612.8 0 0.00031257
7617.6 0 0.00031257
7622.4 0 0.00031257
7627.2 0 0.00031257
7632 0 0.00031257
7636.8 0 0.00031257
7641.6 0 0.00031257
7646.4 0 0.00031257
7651.2 0 0.00031257
7656 0 0.00031257
7660.8 0 0.00031257
7665.6 0 0.00031257
7670.4 0 0.00031257
7675.2 0 0.00031257
7680 0 0.00031257
7684.8 0 0.00031257
7689.6 0 0.00031257
7694.4 0 0.00031257
7699.2 0 0.00031257
7704 0 0.00031257
7708.8 0 0.00031257
7713.6 0 0.00031257
7718.4 0 0.00031257
7723.2 0 0.00031257
7728 0 0.00031257
7732.8 0 0.00031257
7737.6 0 0.00031257
7742.4 0 0.00031257
7747.2 0 0.00031257
7752 0 0.00031257
7756.8 0 0.00031257
7761.6 0 0.00031257
7766.4 0 0.00031257
7771.2 0 0.00031257
7776 0 0.00031257
7780.8 0 0.00031257
7785.6 0 0.00031257
7790.4 0 0.00031257
7795.2 0 0.00031257
7800 0 0.00031257
7804.8 0 0.00031257
7809.6 0 0.00031257
7814.4 0 0.00031257
7819.2 0 0.00031257
7824 0 0.00031257
7828.8 0 0.00031257
7833.6 0 0.00031257
7838.4 0 0.00031257
7843.2 0 0.00031257
7848 0 0.00031257
7852.8 0 0.00031257
7857.6 0 0.00031257
7862.4 0 0.00031257
7867.2 0 0.00031257
7872 0 0.00031257
7876.8 0 0.00031257
7881.6 0 0.00031257
7886.4 0 0.00031257
7891.2 0 0.00031257
7896 0 0.00031257
7900.8 0 0.00031257
7905.6 0 0.00031257
7910.4 0 0.00031257
7915.2 0 0.00031257
7920 0 0.00031257
7924.8 0 0.00031257
7929.6 0 0.00031257
7934.4 0 0.00031257
7939.2 0 0.00031257
7944 0 0.00031257
7948.8 0 0.00031257
7953.6 0 0.00031257
7958.4 0 0.00031257
7963.2 0 0.00031257
7968 0 0.00031257
7972.8 0 0.00031257
7977.6 0 0.00031257
7982.4 0 0.00031257
7987.2 0 0.00031257
7992 0 0.00031257
7996.8 0 0.00031257
8001.6 0 0.00031257
8006.4 0 0.00031257
8011.2 0 0.00031257
8016 0 0.00031257
8020.8 0 0.00031257
8025.6 0 0.00031257
8030.4 0 0.00031257
8035.2 0 0.00031257
8040 0 0.00031257
8044.8 0 0.00031257
8049.6 0 0.00031257
8054.4 0 0.00031257
8059.2 0 0.00031257
8064 0 0.00031257
8068.8 0 0.00031257
8073.6 0 0.00031257
8078.4 0 0.00031257
8083.2 0 0.00031257
8088 0 0.00031257
8092.8 0 0.00031257
8097.6 0 0.00031257
8102.4 0 0.00031257
8107.2 0 0.00031257
8112 0 0.00031257
8116.8 0 0.00031257
8121.6 0 0.00031257
8126.4 0 0.00031257
8131.2 0 0.00031257
8136 0 0.00031257
8140.8 0 0.00031257
8145.6 0 0.00031257
8150.4 0 0.00031257
8155.2 0 0.00031257
8160 0 0.00031257
8164.8 0 0.00031257
8169.6 0 0.00031257
8174.4 0 0.00031257
8179.2 0 0.00031257
8184 0 0.00031257
8188.8 0 0.00031257
8193.6 0 0.00031257
8198.4 0 0.00031257
8203.2 0 0.00031257
8208 0 0.00031257
8212.8 0 0.00031257
8217.6 0 0.00031257
8222.4 0 0.00031257
8227.2 0 0.00031257
8232 0 0.00031257
8236.8 0 0.00031257
8241.6 0 0.00031257
8246.4 0 0.00031257
8251.2 0 0.00031257
8256 0 0.00031257
8260.8 0 0.00031257
8265.6 0 0.00031257
8270.4 0 0.00031257
8275.2 0 0.00031257
8280 0 0.00031257
8284.8 0 0.00031257
8289.6 0 0.00031257
8294.4 0 0.00031257
8299.2 0 0.00031257
8304 0 0.00031257
8308.8 0 0.00031257
8313.6 0 0.00031257
8318.4 0 0.00031257
8323.2 0 0.00031257
8328 0 0.00031257
8332.8 0 0.00031257
8337.6 0 0.00031257
8342.4 0 0.00031257
8347.2 0 0.00031257
8352 0 0.00031257
8356.8 0 0.00031257
8361.6 0 0.00031257
8366.4 0 0.00031257
8371.2 0 0.00031257
8376 0 0.00031257
8380.8 0 0.00031257
8385.6 0 0.00031257
8390.4 0 0.00031257
8395.2 0 0.00031257
8400 0 0.00031257
8404.8 0 0.00031257
8409.6 0 0.00031257
8414.4 0 0.00031257
8419.2 0 0.00031257
8424 0 0.00031257
8428.8 0 0.00031257
8433.6 0 0.00031257
8438.4 0 0.00031257
8443.2 0 0.00031257
8448 0 0.00031257
8452.8 0 0.00031257
8457.6 0 0.00031257
8462.4 0 0.00031257
8467.2 0 0.00031257
8472 0 0.00031257
8476.8 0 0.00031257
8481.6 0 0.00031257
8486.4 0 0.00031257
8491.2 0 0.00031257
8496 0 0.00031257
8500.8 0 0.00031257
8505.6 0 0.00031257
8510.4 0 0.00031257
8515.2 0 0.00031257
8520 0 0.00031257
8524.8 0 0.00031257
8529.6 0 0.00031257
8534.4 0 0.00031257
8539.2 0 0.00031257
8544 0 0.00031257
8548.8 0 0.00031257
8553.6 0 0.00031257
8558.4 0 0.00031257
8563.2 0 0.00031257
8568 0 0.00031257
8572.8 0 0.00031257
8577.6 0 0.00031257
8582.4 0 0.00031257
8587.2 0 0.00031257
8592 0 0.00031257
8596.8 0 0.00031257
8601.6 0 0.00031257
8606.4 0 0.00031257
8611.2 0 0.00031257
8616 0 0.00031257
8620.8 0 0.00031257
8625.6 0 0.00031257
8630.4 0 0.00031257
8635.2 0 0.00031257
8640 0 0.00031257
8644.8 0 0.00031257
8649.6 0 0.00031257
8654.4 0 0.00031257
8659.2 0 0.00031257
8664 0 0.00031257
8668.8 0 0.00031257
8673.6 0 0.00031257
8678.4 0 0.00031257
8683.2 0 0.00031257
8688 0 0.00031257
8692.8 0 0.00031257
8697.6 0 0.00031257
8702.4 0 0.00031257
8707.2 0 0.00031257
8712 0 0.00031257
8716.8 0 0.00031257
8721.6 0 0.00031257
8726.4 0 0.00031257
8731.2 0 0.00031257
8736 0 0.00031257
