# 1:time 2:flux 3:mass
0 0 0
4.8 0 0
9.6 0 0
14.4 0 0
19.2 0 0
24 0 0
28.8 0 0
33.6 0 0
38.4 0 0
43.2 0 0
48 0 0
52.8 0 0
57.6 0 0
62.4 0 0
67.2 0 0
72 0 0
76.8 0 0
81.6 0 0
86.4 0 0
91.2 0 0
96 0 0
100.8 0 0
105.6 0 0
110.4 0 0
115.2 0 0
120 0 0
124.8 0 0
129.6 0 0
134.4 0 0
139.2 0 0
144 0 0
148.8 0 0
153.6 0 0
158.4 0 0
163.2 0 0
168 0 0
172.8 0 0
177.6 0 0
182.4 0 0
187.2 0 0
192 0 0
196.8 0 0
201.6 0 0
206.4 0 0
211.2 0 0
216 0 0
220.8 0 0
225.6 0 0
230.4 0 0
235.2 0 0
240 0 0
244.8 0 0
249.6 0 0
254.4 0 0
259.2 0 0
264 0 0
268.8 0 0
273.6 0 0
278.4 0 0
283.2 0 0
288 0 0
292.8 0 0
297.6 0 0
302.4 0 0
307.2 0 0
312 0 0
316.8 0 0
321.6 0 0
326.4 0 0
331.2 0 0
336 0 0
340.8 0 0
345.6 0 0
350.4 0 0
355.2 0 0
360 0 0
364.8 0 0
369.6 0 0
374.4 0 0
379.2 0 0
384 0 0
388.8 0 0
393.6 0 0
398.4 0 0
403.2 0 0
408 0 0
412.8 0 0
417.6 0 0
422.4 0 0
427.2 0 0
432 0 0
436.8 0 0
441.6 0 0
446.4 0 0
451.2 0 0
456 0 0
460.8 0 0
465.6 0 0
470.4 0 0
475.2 0 0
480 0 0
484.8 0 0
489.6 0 0
494.4 0 0
499.2 0 0
504 0 0
508.8 0 0
513.6 0 0
518.4 0 0
523.2 0 0
528 0 0
532.8 0 0
537.6 0 0
542.4 0 0
547.2 0 0
552 0 0
556.8 0 0
561.6 0 0
566.4 0 0
571.2 0 0
576 0 0
580.8 0 0
585.6 0 0
590.4 0 0
595.2 0 0
600 0 0
604.8 0 0
609.6 0 0
614.4 0 0
619.2 0 0
624 0 0
628.8 0 0
633.6 0 0
638.4 0 0
643.2 0 0
648 0 0
652.8 0 0
657.6 0 0
662.4 0 0
667.2 0 0
672 0 0
676.8 0 0
681.6 0 0
686.4 0 0
691.2 0 0
696 0 0
700.8 0 0
705.6 0 0
710.4 0 0
715.2 0 0
720 0 0
724.8 0 0
729.6 0 0
734.4 0 0
739.2 0 0
744 0 0
748.8 0 0
753.6 0 0
758.4 0 0
763.2 0 0
768 0 0
772.8 0 0
777.6 0 0
782.4 0 0
787.2 0 0
792 0 0
796.8 0 0
801.6 0 0
806.4 0 0
811.2 0 0
816 0 0
820.8 0 0
825.6 0 0
830.4 0 0
835.2 0 0
840 0 0
844.8 0 0
849.6 0 0
854.4 0 0
859.2 0 0
864 0 0
868.8 0 0
873.6 0 0
878.4 0 0
883.2 0 0
888 0 0
892.8 0 0
897.6 0 0
902.4 0 0
907.2 0 0
912 0 0
916.8 0 0
921.6 0 0
926.4 0 0
931.2 0 0
936 0 0
940.8 0 0
945.6 0 0
950.4 0 0
955.2 0 0
960 0 0
964.8 0 0
969.6 0 0
974.4 0 0
979.2 0 0
984 0 0
988.8 0 0
993.6 0 0
998.4 0 0
1003.2 0 0
1008 0 0
1012.8 0 0
1017.6 0 0
1022.4 0 0
1027.2 0 0
1032 0 0
1036.8 0 0
1041.6 0 0
1046.4 0 0
1051.2 0 0
1056 0 0
1060.8 0 0
1065.6 0 0
1070.4 0 0
1075.2 0 0
1080 0 0
1084.8 0 0
1089.6 0 0
1094.4 0 0
1099.2 0 0
1104 0 0
1108.8 0 0
1113.6 0 0
1118.4 0 0
1123.2 0 0
1128 0 0
1132.8 0 0
1137.6 0 0
1142.4 0 0
1147.2 0 0
1152 0 0
1156.8 0 0
1161.6 0 0
1166.4 0 0
1171.2 0 0
1176 0 0
1180.8 0 0
1185.6 0 0
1190.4 0 0
1195.2 0 0
1200 0 0
1204.8 0 0
1209.6 0 0
1214.4 0 0
1219.2 0 0
1224 0 0
1228.8 0 0
1233.6 0 0
1238.4 0 0
1243.2 0 0
1248 0 0
1252.8 0 0
1257.6 0 0
1262.4 0 0
1267.2 0 0
1272 0 0
1276.8 0 0
1281.6 0 0
1286.4 0 0
1291.2 0 0
1296 0 0
1300.8 0 0
1305.6 0 0
1310.4 0 0
1315.2 0 0
1320 0 0
1324.8 0 0
1329.6 0 0
1334.4 0 0
1339.2 0 0
1344 0 0
1348.8 0 0
1353.6 0 0
1358.4 0 0
1363.2 0 0
1368 0 0
1372.8 0 0
1377.6 0 0
1382.4 0 0
1387.2 0 0
1392 0 0
1396.8 0 0
1401.6 0 0
1406.4 0 0
1411.2 0 0
1416 0 0
1420.8 0 0
1425.6 0 0
1430.4 0 0
1435.2 0 0
1440 0 0
1444.8 0 0
1449.6 0 0
1454.4 0 0
1459.2 0 0
1464 0 0
1468.8 0 0
1473.6 0 0
1478.4 0 0
1483.2 0 0
1488 0 0
1492.8 0 0
1497.6 0 0
1502.4 0 0
1507.2 0 0
1512 0 0
1516.8 0 0
1521.6 0 0
1526.4 0 0
1531.2 0 0
1536 0 0
1540.8 0 0
1545.6 0 0
1550.4 0 0
1555.2 0 0
1560 2.41516e-12 1.15928e-11
1564.8 3.65397e-12 2.91318e-11
1569.6 9.74222e-12 7.58945e-11
1574.4 1.22799e-11 1.34838e-10
1579.2 1.72565e-11 2.17669e-10
1584 1.98783e-11 3.13085e-10
1588.8 2.24682e-11 4.20933e-10
1593.6 2.50966e-11 5.41396e-10
1598.4 3.26567e-11 6.98149e-10
1603.2 3.54556e-11 8.68336e-10
1608 4.30545e-11 1.075e-09
1612.8 4.34083e-11 1.28336e-09
1617.6 4.62265e-11 1.50524e-09
1622.4 5.14904e-11 1.7524e-09
1627.2 5.44524e-11 2.01377e-09
1632 5.72315e-11 2.28848e-09
1636.8 6.36757e-11 2.59412e-09
1641.6 6.91095e-11 2.92585e-09
1646.4 7.56568e-11 3.289e-09
1651.2 8.10966e-11 3.67827e-09
1656 8.52291e-11 4.08736e-09
1660.8 8.80568e-11 4.51004e-09
1665.6 8.847e-11 4.93469e-09
1670.4 9.61785e-11 5.39635e-09
1675.2 9.90759e-11 5.87191e-09
1680 1.04376e-10 6.37292e-09
1684.8 1.07468e-10 6.88877e-09
1689.6 1.12401e-10 7.42829e-09
1694.4 1.13837e-10 7.97471e-09
1699.2 1.24057e-10 8.57019e-09
1704 1.30662e-10 9.19736e-09
1708.8 1.44892e-10 9.89284e-09
1713.6 1.55863e-10 1.0641e-08
1718.4 1.60035e-10 1.14092e-08
1723.2 1.68034e-10 1.22157e-08
1728 1.81143e-10 1.30852e-08
1732.8 1.94084e-10 1.40168e-08
1737.6 1.98559e-10 1.49699e-08
1742.4 2.06977e-10 1.59634e-08
1747.2 2.13411e-10 1.69878e-08
1752 2.1996e-10 1.80436e-08
1756.8 2.36335e-10 1.9178e-08
1761.6 2.43158e-10 2.03451e-08
1766.4 2.53717e-10 2.1563e-08
1771.2 2.67356e-10 2.28463e-08
1776 2.71573e-10 2.41498e-08
1780.8 2.81881e-10 2.55029e-08
1785.6 2.96869e-10 2.69278e-08
1790.4 3.02539e-10 2.838e-08
1795.2 3.11684e-10 2.98761e-08
1800 3.25204e-10 3.14371e-08
1804.8 3.28824e-10 3.30154e-08
1809.6 3.4033e-10 3.4649e-08
1814.4 3.49687e-10 3.63275e-08
1819.2 3.57728e-10 3.80446e-08
1824 3.67964e-10 3.98108e-08
1828.8 3.79754e-10 4.16336e-08
1833.6 4.0219e-10 4.35642e-08
1838.4 4.18851e-10 4.55746e-08
1843.2 4.3971e-10 4.76852e-08
1848 4.68443e-10 4.99338e-08
1852.8 4.89679e-10 5.22842e-08
1857.6 5.10447e-10 5.47344e-08
1862.4 5.29289e-10 5.7275e-08
1867.2 5.69401e-10 6.00081e-08
1872 6.09421e-10 6.29333e-08
1876.8 6.32095e-10 6.59674e-08
1881.6 6.48647e-10 6.90809e-08
1886.4 6.79909e-10 7.23444e-08
1891.2 7.05297e-10 7.57299e-08
1896 7.4124e-10 7.92878e-08
1900.8 7.65875e-10 8.2964e-08
1905.6 7.81987e-10 8.67175e-08
1910.4 7.99891e-10 9.0557e-08
1915.2 8.07875e-10 9.44348e-08
1920 8.2996e-10 9.84186e-08
1924.8 8.56052e-10 1.02528e-07
1929.6 8.66645e-10 1.06688e-07
1934.4 8.7521e-10 1.10889e-07
1939.2 8.97967e-10 1.15199e-07
1944 9.04258e-10 1.19539e-07
1948.8 9.20804e-10 1.23959e-07
1953.6 9.35488e-10 1.28449e-07
1958.4 9.63139e-10 1.33073e-07
1963.2 9.87809e-10 1.37814e-07
1968 1.00164e-09 1.42622e-07
1972.8 1.00664e-09 1.47454e-07
1977.6 1.01875e-09 1.52344e-07
1982.4 1.02719e-09 1.57274e-07
1987.2 1.02743e-09 1.62206e-07
1992 1.04214e-09 1.67208e-07
1996.8 1.0365e-09 1.72183e-07
2001.6 1.03803e-09 1.77166e-07
2006.4 1.02938e-09 1.82107e-07
2011.2 1.02926e-09 1.87047e-07
2016 1.0169e-09 1.91928e-07
2020.8 1.00475e-09 1.96751e-07
2025.6 9.93451e-10 2.0152e-07
2030.4 9.93058e-10 2.06287e-07
2035.2 1.00517e-09 2.11111e-07
2040 1.0201e-09 2.16008e-07
2044.8 1.02883e-09 2.20946e-07
2049.6 1.03733e-09 2.25925e-07
2054.4 1.04886e-09 2.3096e-07
2059.2 1.06897e-09 2.36091e-07
2064 1.08167e-09 2.41283e-07
2068.8 1.10622e-09 2.46593e-07
2073.6 1.11934e-09 2.51966e-07
2078.4 1.12711e-09 2.57376e-07
2083.2 1.13824e-09 2.62839e-07
2088 1.16035e-09 2.68409e-07
2092.8 1.17198e-09 2.74034e-07
2097.6 1.18823e-09 2.79738e-07
2102.4 1.19807e-09 2.85489e-07
2107.2 1.22562e-09 2.91372e-07
2112 1.23808e-09 2.97314e-07
2116.8 1.25594e-09 3.03343e-07
2121.6 1.28331e-09 3.09503e-07
2126.4 1.29689e-09 3.15728e-07
2131.2 1.30992e-09 3.22016e-07
2136 1.32835e-09 3.28392e-07
2140.8 1.33763e-09 3.34812e-07
2145.6 1.35292e-09 3.41306e-07
2150.4 1.36643e-09 3.47865e-07
2155.2 1.37327e-09 3.54457e-07
2160 1.38504e-09 3.61105e-07
2164.8 1.40372e-09 3.67843e-07
2169.6 1.41552e-09 3.74637e-07
2174.4 1.42646e-09 3.81484e-07
2179.2 1.43667e-09 3.8838e-07
2184 1.4548e-09 3.95363e-07
2188.8 1.47106e-09 4.02424e-07
2193.6 1.48479e-09 4.09551e-07
2198.4 1.50167e-09 4.16759e-07
2203.2 1.52286e-09 4.24069e-07
2208 1.53931e-09 4.31458e-07
2212.8 1.55667e-09 4.3893e-07
2217.6 1.5793e-09 4.4651e-07
2222.4 1.60352e-09 4.54207e-07
2227.2 1.61101e-09 4.6194e-07
2232 1.63029e-09 4.69766e-07
2236.8 1.64692e-09 4.77671e-07
2241.6 1.67144e-09 4.85694e-07
2246.4 1.69209e-09 4.93816e-07
2251.2 1.71486e-09 5.02047e-07
2256 1.7288e-09 5.10345e-07
2260.8 1.74483e-09 5.18721e-07
2265.6 1.76796e-09 5.27207e-07
2270.4 1.7891e-09 5.35794e-07
2275.2 1.80475e-09 5.44457e-07
2280 1.82929e-09 5.53238e-07
2284.8 1.85488e-09 5.62141e-07
2289.6 1.87355e-09 5.71134e-07
2294.4 1.89781e-09 5.80244e-07
2299.2 1.91563e-09 5.89439e-07
2304 1.93851e-09 5.98744e-07
2308.8 1.96156e-09 6.08159e-07
2313.6 1.98696e-09 6.17697e-07
2318.4 2.01461e-09 6.27367e-07
2323.2 2.02778e-09 6.371e-07
2328 2.04605e-09 6.46921e-07
2332.8 2.05406e-09 6.56781e-07
2337.6 2.06207e-09 6.66679e-07
2342.4 2.07423e-09 6.76635e-07
2347.2 2.07966e-09 6.86617e-07
2352 2.08728e-09 6.96636e-07
2356.8 2.09911e-09 7.06712e-07
2361.6 2.11262e-09 7.16852e-07
2366.4 2.12235e-09 7.2704e-07
2371.2 2.13539e-09 7.3729e-07
2376 2.15581e-09 7.47638e-07
2380.8 2.17881e-09 7.58096e-07
2385.6 2.1979e-09 7.68646e-07
2390.4 2.20499e-09 7.7923e-07
2395.2 2.21687e-09 7.89871e-07
2400 2.23374e-09 8.00593e-07
2404.8 2.24792e-09 8.11383e-07
2409.6 2.26214e-09 8.22241e-07
2414.4 2.28272e-09 8.33198e-07
2419.2 2.29881e-09 8.44232e-07
2424 2.31331e-09 8.55336e-07
2428.8 2.33641e-09 8.66551e-07
2433.6 2.36696e-09 8.77912e-07
2438.4 2.38784e-09 8.89374e-07
2443.2 2.40644e-09 9.00925e-07
2448 2.4231e-09 9.12556e-07
2452.8 2.43995e-09 9.24268e-07
2457.6 2.45047e-09 9.3603e-07
2462.4 2.45875e-09 9.47832e-07
2467.2 2.47407e-09 9.59707e-07
2472 2.48065e-09 9.71614e-07
2476.8 2.49627e-09 9.83597e-07
2481.6 2.50556e-09 9.95623e-07
2486.4 2.5245e-09 1.00774e-06
2491.2 2.54124e-09 1.01994e-06
2496 2.57886e-09 1.03232e-06
2500.8 2.60674e-09 1.04483e-06
2505.6 2.64337e-09 1.05752e-06
2510.4 2.68987e-09 1.07043e-06
2515.2 2.74083e-09 1.08359e-06
2520 2.82557e-09 1.09715e-06
2524.8 2.91353e-09 1.11113e-06
2529.6 3.01946e-09 1.12563e-06
2534.4 3.15674e-09 1.14078e-06
2539.2 3.31921e-09 1.15671e-06
2544 3.50728e-09 1.17355e-06
2548.8 3.73032e-09 1.19145e-06
2553.6 3.96829e-09 1.2105e-06
2558.4 4.23775e-09 1.23084e-06
2563.2 4.56371e-09 1.25275e-06
2568 5.04464e-09 1.27696e-06
2572.8 5.99034e-09 1.30571e-06
2577.6 7.51212e-09 1.34177e-06
2582.4 9.34094e-09 1.38661e-06
2587.2 1.12323e-08 1.44052e-06
2592 1.31382e-08 1.50359e-06
2596.8 1.50747e-08 1.57595e-06
2601.6 1.71844e-08 1.65843e-06
2606.4 1.95787e-08 1.75241e-06
2611.2 2.20676e-08 1.85833e-06
2616 2.44467e-08 1.97568e-06
2620.8 2.67422e-08 2.10404e-06
2625.6 2.89329e-08 2.24292e-06
2630.4 3.10271e-08 2.39185e-06
2635.2 3.30883e-08 2.55067e-06
2640 3.51007e-08 2.71916e-06
2644.8 3.71576e-08 2.89751e-06
2649.6 3.95088e-08 3.08715e-06
2654.4 4.24496e-08 3.29091e-06
2659.2 4.59883e-08 3.51166e-06
2664 4.96878e-08 3.75016e-06
2668.8 5.29688e-08 4.00441e-06
2673.6 5.58233e-08 4.27236e-06
2678.4 5.85243e-08 4.55328e-06
2683.2 6.12483e-08 4.84727e-06
2688 6.40579e-08 5.15475e-06
2692.8 6.69059e-08 5.47589e-06
2697.6 6.96926e-08 5.81042e-06
2702.4 7.22986e-08 6.15745e-06
2707.2 7.45969e-08 6.51552e-06
2712 7.65567e-08 6.88299e-06
2716.8 7.82231e-08 7.25846e-06
2721.6 7.9652e-08 7.64079e-06
2726.4 8.09044e-08 8.02913e-06
2731.2 8.20669e-08 8.42305e-06
2736 8.32125e-08 8.82247e-06
2740.8 8.43863e-08 9.22753e-06
2745.6 8.56129e-08 9.63847e-06
2750.4 8.68919e-08 1.00556e-05
2755.2 8.82306e-08 1.04791e-05
2760 8.96333e-08 1.09093e-05
2764.8 9.10899e-08 1.13465e-05
2769.6 9.26199e-08 1.17911e-05
2774.4 9.42182e-08 1.22434e-05
2779.2 9.58292e-08 1.27033e-05
2784 9.73816e-08 1.31708e-05
2788.8 9.88599e-08 1.36453e-05
2793.6 1.00293e-07 1.41267e-05
2798.4 1.0169e-07 1.46148e-05
2803.2 1.02986e-07 1.51091e-05
2808 1.04112e-07 1.56089e-05
2812.8 1.05102e-07 1.61134e-05
2817.6 1.06039e-07 1.66224e-05
2822.4 1.06962e-07 1.71358e-05
2827.2 1.07876e-07 1.76536e-05
2832 1.08752e-07 1.81756e-05
2836.8 1.0954e-07 1.87014e-05
2841.6 1.10195e-07 1.92303e-05
2846.4 1.10732e-07 1.97618e-05
2851.2 1.11191e-07 2.02955e-05
2856 1.11595e-07 2.08312e-05
2860.8 1.11955e-07 2.13686e-05
2865.6 1.12282e-07 2.19075e-05
2870.4 1.1254e-07 2.24477e-05
2875.2 1.12696e-07 2.29887e-05
2880 1.1277e-07 2.353e-05
2884.8 1.12785e-07 2.40713e-05
2889.6 1.12755e-07 2.46126e-05
2894.4 1.12683e-07 2.51534e-05
2899.2 1.1256e-07 2.56937e-05
2904 1.12383e-07 2.62332e-05
2908.8 1.1216e-07 2.67715e-05
2913.6 1.11903e-07 2.73087e-05
2918.4 1.11626e-07 2.78445e-05
2923.2 1.11333e-07 2.83789e-05
2928 1.11026e-07 2.89118e-05
2932.8 1.10704e-07 2.94432e-05
2937.6 1.10374e-07 2.9973e-05
2942.4 1.10049e-07 3.05012e-05
2947.2 1.09751e-07 3.1028e-05
2952 1.09497e-07 3.15536e-05
2956.8 1.09289e-07 3.20782e-05
2961.6 1.09107e-07 3.26019e-05
2966.4 1.08922e-07 3.31247e-05
2971.2 1.08711e-07 3.36465e-05
2976 1.08446e-07 3.41671e-05
2980.8 1.08121e-07 3.46861e-05
2985.6 1.07739e-07 3.52032e-05
2990.4 1.07315e-07 3.57183e-05
2995.2 1.06866e-07 3.62313e-05
3000 1.06407e-07 3.6742e-05
3004.8 1.05951e-07 3.72506e-05
3009.6 1.05506e-07 3.7757e-05
3014.4 1.05079e-07 3.82614e-05
3019.2 1.04675e-07 3.87638e-05
3024 1.04286e-07 3.92644e-05
3028.8 1.03906e-07 3.97631e-05
3033.6 1.03529e-07 4.02601e-05
3038.4 1.03135e-07 4.07551e-05
3043.2 1.02721e-07 4.12482e-05
3048 1.02286e-07 4.17392e-05
3052.8 1.01832e-07 4.2228e-05
3057.6 1.01354e-07 4.27145e-05
3062.4 1.00854e-07 4.31986e-05
3067.2 1.00342e-07 4.36802e-05
3072 9.98207e-08 4.41593e-05
3076.8 9.9293e-08 4.4636e-05
3081.6 9.87674e-08 4.511e-05
3086.4 9.82517e-08 4.55816e-05
3091.2 9.77529e-08 4.60509e-05
3096 9.72921e-08 4.65179e-05
3100.8 9.69154e-08 4.69831e-05
3105.6 9.66671e-08 4.74471e-05
3110.4 9.65595e-08 4.79105e-05
3115.2 9.65519e-08 4.8374e-05
3120 9.65901e-08 4.88376e-05
3124.8 9.66412e-08 4.93015e-05
3129.6 9.66958e-08 4.97656e-05
3134.4 9.67754e-08 5.02302e-05
3139.2 9.69217e-08 5.06954e-05
3144 9.71875e-08 5.11619e-05
3148.8 9.76418e-08 5.16306e-05
3153.6 9.83262e-08 5.21025e-05
3158.4 9.92623e-08 5.2579e-05
3163.2 1.0045e-07 5.30611e-05
3168 1.0184e-07 5.355e-05
3172.8 1.03374e-07 5.40462e-05
3177.6 1.04958e-07 5.455e-05
3182.4 1.06518e-07 5.50613e-05
3187.2 1.08011e-07 5.55797e-05
3192 1.09426e-07 5.6105e-05
3196.8 1.10697e-07 5.66363e-05
3201.6 1.11845e-07 5.71732e-05
3206.4 1.12958e-07 5.77154e-05
3211.2 1.14154e-07 5.82633e-05
3216 1.15526e-07 5.88178e-05
3220.8 1.1711e-07 5.93799e-05
3225.6 1.18992e-07 5.99511e-05
3230.4 1.21185e-07 6.05328e-05
3235.2 1.23733e-07 6.11267e-05
3240 1.26568e-07 6.17342e-05
3244.8 1.29524e-07 6.23559e-05
3249.6 1.3245e-07 6.29917e-05
3254.4 1.35282e-07 6.36411e-05
3259.2 1.38e-07 6.43035e-05
3264 1.40703e-07 6.49788e-05
3268.8 1.43527e-07 6.56678e-05
3273.6 1.46585e-07 6.63714e-05
3278.4 1.49871e-07 6.70908e-05
3283.2 1.53393e-07 6.7827e-05
3288 1.57012e-07 6.85807e-05
3292.8 1.60605e-07 6.93516e-05
3297.6 1.64086e-07 7.01392e-05
3302.4 1.67456e-07 7.0943e-05
3307.2 1.70761e-07 7.17627e-05
3312 1.74052e-07 7.25981e-05
3316.8 1.7732e-07 7.34492e-05
3321.6 1.80564e-07 7.4316e-05
3326.4 1.83753e-07 7.5198e-05
3331.2 1.8679e-07 7.60946e-05
3336 1.89589e-07 7.70046e-05
3340.8 1.92146e-07 7.79269e-05
3345.6 1.94517e-07 7.88606e-05
3350.4 1.9677e-07 7.98051e-05
3355.2 1.99009e-07 8.07603e-05
3360 2.01301e-07 8.17266e-05
3364.8 2.03663e-07 8.27041e-05
3369.6 2.06083e-07 8.36933e-05
3374.4 2.08544e-07 8.46943e-05
3379.2 2.11027e-07 8.57073e-05
3384 2.13521e-07 8.67322e-05
3388.8 2.16015e-07 8.7769e-05
3393.6 2.18457e-07 8.88176e-05
3398.4 2.20812e-07 8.98775e-05
3403.2 2.22995e-07 9.09479e-05
3408 2.2495e-07 9.20277e-05
3412.8 2.26603e-07 9.31154e-05
3417.6 2.27892e-07 9.42092e-05
3422.4 2.28797e-07 9.53075e-05
3427.2 2.29346e-07 9.64083e-05
3432 2.29601e-07 9.75104e-05
3436.8 2.29666e-07 9.86128e-05
3441.6 2.29603e-07 9.97149e-05
3446.4 2.29448e-07 0.000100816
3451.2 2.29217e-07 0.000101917
3456 2.28912e-07 0.000103015
3460.8 2.28527e-07 0.000104112
3465.6 2.28048e-07 0.000105207
3470.4 2.27454e-07 0.000106299
3475.2 2.2674e-07 0.000107387
3480 2.25943e-07 0.000108471
3484.8 2.25166e-07 0.000109552
3489.6 2.24529e-07 0.00011063
3494.4 2.24183e-07 0.000111706
3499.2 2.24221e-07 0.000112782
3504 2.24633e-07 0.000113861
3508.8 2.25254e-07 0.000114942
3513.6 2.25884e-07 0.000116026
3518.4 2.26428e-07 0.000117113
3523.2 2.26816e-07 0.000118202
3528 2.27064e-07 0.000119292
3532.8 2.2736e-07 0.000120383
3537.6 2.27801e-07 0.000121476
3542.4 2.28346e-07 0.000122572
3547.2 2.28948e-07 0.000123671
3552 2.29645e-07 0.000124774
3556.8 2.30568e-07 0.00012588
3561.6 2.31704e-07 0.000126993
3566.4 2.32949e-07 0.000128111
3571.2 2.34057e-07 0.000129234
3576 2.3486e-07 0.000130361
3580.8 2.35432e-07 0.000131492
3585.6 2.35938e-07 0.000132624
3590.4 2.36412e-07 0.000133759
3595.2 2.36808e-07 0.000134896
3600 2.37075e-07 0.000136033
3604.8 2.37287e-07 0.000137172
3609.6 2.37586e-07 0.000138313
3614.4 2.38062e-07 0.000139456
3619.2 2.38696e-07 0.000140601
3624 2.39485e-07 0.000141751
3628.8 2.40524e-07 0.000142905
3633.6 2.4179e-07 0.000144066
3638.4 2.43273e-07 0.000145234
3643.2 2.44917e-07 0.000146409
3648 2.46704e-07 0.000147593
3652.8 2.48676e-07 0.000148787
3657.6 2.50721e-07 0.000149991
3662.4 2.52458e-07 0.000151202
3667.2 2.53352e-07 0.000152418
3672 2.52862e-07 0.000153632
3676.8 2.54011e-07 0.000154851
3681.6 2.55221e-07 0.000156076
3686.4 2.56616e-07 0.000157308
3691.2 2.58276e-07 0.000158548
3696 2.60595e-07 0.000159799
3700.8 2.63585e-07 0.000161064
3705.6 2.66575e-07 0.000162344
3710.4 2.68947e-07 0.000163635
3715.2 2.71068e-07 0.000164936
3720 2.72961e-07 0.000166246
3724.8 2.74755e-07 0.000167565
3729.6 2.76374e-07 0.000168891
3734.4 2.77777e-07 0.000170225
3739.2 2.79146e-07 0.000171565
3744 2.80011e-07 0.000172909
3748.8 2.81162e-07 0.000174258
3753.6 2.8236e-07 0.000175613
3758.4 2.83218e-07 0.000176973
3763.2 2.83802e-07 0.000178335
3768 2.85049e-07 0.000179703
3772.8 2.86032e-07 0.000181076
3777.6 2.86577e-07 0.000182452
3782.4 2.86786e-07 0.000183829
3787.2 2.87033e-07 0.000185206
3792 2.87523e-07 0.000186586
3796.8 2.88089e-07 0.000187969
3801.6 2.88111e-07 0.000189352
3806.4 2.88579e-07 0.000190737
3811.2 2.88948e-07 0.000192124
3816 2.89499e-07 0.000193514
3820.8 2.90141e-07 0.000194907
3825.6 2.90528e-07 0.000196301
3830.4 2.90816e-07 0.000197697
3835.2 2.91159e-07 0.000199095
3840 2.91324e-07 0.000200493
3844.8 2.91649e-07 0.000201893
3849.6 2.91758e-07 0.000203293
3854.4 2.91687e-07 0.000204693
3859.2 2.92143e-07 0.000206096
3864 2.92043e-07 0.000207497
3868.8 2.92216e-07 0.0002089
3873.6 2.92353e-07 0.000210303
3878.4 2.92917e-07 0.000211709
3883.2 2.92464e-07 0.000213113
3888 2.93488e-07 0.000214522
3892.8 2.94801e-07 0.000215937
3897.6 2.96291e-07 0.000217359
3902.4 2.97562e-07 0.000218787
3907.2 2.98984e-07 0.000220223
3912 3.00634e-07 0.000221666
3916.8 3.02337e-07 0.000223117
3921.6 3.05193e-07 0.000224582
3926.4 3.06631e-07 0.000226054
3931.2 3.07625e-07 0.00022753
3936 3.09069e-07 0.000229014
3940.8 3.10091e-07 0.000230502
3945.6 3.10365e-07 0.000231992
3950.4 3.10798e-07 0.000233484
3955.2 3.11345e-07 0.000234978
3960 3.11188e-07 0.000236472
3964.8 3.10809e-07 0.000237964
3969.6 3.0868e-07 0.000239445
3974.4 3.07645e-07 0.000240922
3979.2 3.06455e-07 0.000242393
3984 3.04137e-07 0.000243853
3988.8 3.02082e-07 0.000245303
3993.6 3.00649e-07 0.000246746
3998.4 2.96807e-07 0.000248171
4003.2 2.94043e-07 0.000249582
4008 2.93881e-07 0.000250993
4012.8 2.91499e-07 0.000252392
4017.6 2.8874e-07 0.000253778
4022.4 2.85595e-07 0.000255149
4027.2 2.83455e-07 0.000256509
4032 2.81555e-07 0.000257861
4036.8 2.77949e-07 0.000259195
4041.6 2.75907e-07 0.000260519
4046.4 2.73795e-07 0.000261834
4051.2 2.7159e-07 0.000263137
4056 2.70724e-07 0.000264437
4060.8 2.68384e-07 0.000265725
4065.6 2.67112e-07 0.000267007
4070.4 2.64588e-07 0.000268277
4075.2 2.63096e-07 0.00026954
4080 2.61557e-07 0.000270795
4084.8 2.6095e-07 0.000272048
4089.6 2.60627e-07 0.000273299
4094.4 2.59715e-07 0.000274546
4099.2 2.59658e-07 0.000275792
4104 2.58048e-07 0.000277031
4108.8 2.57462e-07 0.000278266
4113.6 2.56361e-07 0.000279497
4118.4 2.54327e-07 0.000280718
4123.2 2.53681e-07 0.000281935
4128 2.5266e-07 0.000283148
4132.8 2.50417e-07 0.00028435
4137.6 2.49855e-07 0.00028555
4142.4 2.48226e-07 0.000286741
4147.2 2.47304e-07 0.000287928
4152 2.45741e-07 0.000289108
4156.8 2.44481e-07 0.000290281
4161.6 2.42861e-07 0.000291447
4166.4 2.41758e-07 0.000292607
4171.2 2.40959e-07 0.000293764
4176 2.40009e-07 0.000294916
4180.8 2.38904e-07 0.000296063
4185.6 2.38114e-07 0.000297206
4190.4 2.37754e-07 0.000298347
4195.2 2.36953e-07 0.000299484
4200 2.36182e-07 0.000300618
4204.8 2.34961e-07 0.000301746
4209.6 2.34175e-07 0.00030287
4214.4 2.34978e-07 0.000303998
4219.2 2.34614e-07 0.000305124
4224 2.34785e-07 0.000306251
4228.8 2.34054e-07 0.000307374
4233.6 2.33085e-07 0.000308493
4238.4 2.32279e-07 0.000309608
4243.2 2.3222e-07 0.000310723
4248 2.31291e-07 0.000311833
4252.8 2.29963e-07 0.000312937
4257.6 2.2876e-07 0.000314035
4262.4 2.27677e-07 0.000315128
4267.2 2.26283e-07 0.000316214
4272 2.25437e-07 0.000317296
4276.8 2.24959e-07 0.000318376
4281.6 2.24567e-07 0.000319454
4286.4 2.2277e-07 0.000320523
4291.2 2.21355e-07 0.000321585
4296 2.20392e-07 0.000322643
4300.8 2.20555e-07 0.000323702
4305.6 2.2036e-07 0.00032476
4310.4 2.19372e-07 0.000325813
4315.2 2.1908e-07 0.000326864
4320 2.18334e-07 0.000327912
4324.8 2.173e-07 0.000328955
4329.6 2.16607e-07 0.000329995
4334.4 2.16091e-07 0.000331032
4339.2 2.13719e-07 0.000332058
4344 2.13447e-07 0.000333083
4348.8 2.1241e-07 0.000334102
4353.6 2.11302e-07 0.000335116
4358.4 2.09757e-07 0.000336123
4363.2 2.05981e-07 0.000337112
4368 2.04475e-07 0.000338093
4372.8 2.0391e-07 0.000339072
4377.6 2.00169e-07 0.000340033
4382.4 1.97311e-07 0.00034098
4387.2 1.96854e-07 0.000341925
4392 1.90917e-07 0.000342841
4396.8 1.89359e-07 0.00034375
4401.6 1.85706e-07 0.000344642
4406.4 1.83288e-07 0.000345521
4411.2 1.80419e-07 0.000346387
4416 1.77205e-07 0.000347238
4420.8 1.70649e-07 0.000348057
4425.6 1.65137e-07 0.00034885
4430.4 1.608e-07 0.000349622
4435.2 1.56394e-07 0.000350372
4440 1.52365e-07 0.000351104
4444.8 1.47462e-07 0.000351812
4449.6 1.43517e-07 0.0003525
4454.4 1.38553e-07 0.000353165
4459.2 1.3243e-07 0.000353801
4464 1.27181e-07 0.000354412
4468.8 1.21108e-07 0.000354993
4473.6 1.13845e-07 0.000355539
4478.4 1.06137e-07 0.000356049
4483.2 1.02528e-07 0.000356541
4488 9.73032e-08 0.000357008
4492.8 9.2985e-08 0.000357454
4497.6 8.91007e-08 0.000357882
4502.4 8.44148e-08 0.000358287
4507.2 8.03312e-08 0.000358673
4512 7.61574e-08 0.000359038
4516.8 7.22718e-08 0.000359385
4521.6 6.84387e-08 0.000359714
4526.4 6.50513e-08 0.000360026
4531.2 6.20128e-08 0.000360324
4536 6.1109e-08 0.000360617
4540.8 5.66066e-08 0.000360889
4545.6 5.44897e-08 0.00036115
4550.4 5.31905e-08 0.000361406
4555.2 5.12415e-08 0.000361652
4560 5.0637e-08 0.000361895
4564.8 4.85949e-08 0.000362128
4569.6 4.67876e-08 0.000362352
4574.4 4.57535e-08 0.000362572
4579.2 4.47814e-08 0.000362787
4584 4.25274e-08 0.000362991
4588.8 4.14688e-08 0.00036319
4593.6 4.05548e-08 0.000363385
4598.4 3.93428e-08 0.000363574
4603.2 3.90689e-08 0.000363761
4608 3.85013e-08 0.000363946
4612.8 3.71917e-08 0.000364125
4617.6 3.66276e-08 0.0003643
4622.4 3.5982e-08 0.000364473
4627.2 3.59962e-08 0.000364646
4632 3.56286e-08 0.000364817
4636.8 3.55046e-08 0.000364987
4641.6 3.53457e-08 0.000365157
4646.4 3.50634e-08 0.000365325
4651.2 3.5067e-08 0.000365494
4656 3.4597e-08 0.00036566
4660.8 3.48264e-08 0.000365827
4665.6 3.47373e-08 0.000365994
4670.4 3.4582e-08 0.00036616
4675.2 3.4604e-08 0.000366326
4680 3.48827e-08 0.000366493
4684.8 3.51441e-08 0.000366662
4689.6 3.56772e-08 0.000366833
4694.4 3.56346e-08 0.000367004
4699.2 3.52688e-08 0.000367173
4704 3.49753e-08 0.000367341
4708.8 3.55503e-08 0.000367512
4713.6 3.5386e-08 0.000367682
4718.4 3.53747e-08 0.000367852
4723.2 3.4812e-08 0.000368019
4728 3.49389e-08 0.000368186
4732.8 3.48315e-08 0.000368354
4737.6 3.4652e-08 0.00036852
4742.4 3.5002e-08 0.000368688
4747.2 3.49704e-08 0.000368856
4752 3.48533e-08 0.000369023
4756.8 3.44317e-08 0.000369188
4761.6 3.40467e-08 0.000369352
4766.4 3.36545e-08 0.000369513
4771.2 3.37682e-08 0.000369675
4776 3.33483e-08 0.000369835
4780.8 3.22937e-08 0.00036999
4785.6 3.20173e-08 0.000370144
4790.4 3.17961e-08 0.000370297
4795.2 3.04894e-08 0.000370443
4800 2.98185e-08 0.000370586
4804.8 2.95376e-08 0.000370728
4809.6 2.8978e-08 0.000370867
4814.4 2.81078e-08 0.000371002
4819.2 2.68295e-08 0.000371131
4824 2.62105e-08 0.000371257
4828.8 2.54352e-08 0.000371379
4833.6 2.47834e-08 0.000371498
4838.4 2.40944e-08 0.000371613
4843.2 2.38044e-08 0.000371728
4848 2.32177e-08 0.000371839
4852.8 2.26929e-08 0.000371948
4857.6 2.22185e-08 0.000372055
4862.4 2.15447e-08 0.000372158
4867.2 2.10963e-08 0.000372259
4872 2.01375e-08 0.000372356
4876.8 1.96736e-08 0.00037245
4881.6 1.91319e-08 0.000372542
4886.4 1.84686e-08 0.000372631
4891.2 1.83492e-08 0.000372719
4896 1.80933e-08 0.000372806
4900.8 1.80771e-08 0.000372893
4905.6 1.75036e-08 0.000372977
4910.4 1.70856e-08 0.000373059
4915.2 1.61552e-08 0.000373136
4920 1.51951e-08 0.000373209
4924.8 1.49937e-08 0.000373281
4929.6 1.44944e-08 0.000373351
4934.4 1.40999e-08 0.000373418
4939.2 1.38383e-08 0.000373485
4944 1.34396e-08 0.000373549
4948.8 1.34781e-08 0.000373614
4953.6 1.31914e-08 0.000373677
4958.4 1.30725e-08 0.00037374
4963.2 1.29497e-08 0.000373802
4968 1.27715e-08 0.000373863
4972.8 1.26701e-08 0.000373924
4977.6 1.25655e-08 0.000373985
4982.4 1.24591e-08 0.000374044
4987.2 1.24447e-08 0.000374104
4992 1.21755e-08 0.000374163
4996.8 1.21428e-08 0.000374221
5001.6 1.19772e-08 0.000374278
5006.4 1.20051e-08 0.000374336
5011.2 1.18639e-08 0.000374393
5016 1.17773e-08 0.000374449
5020.8 1.16644e-08 0.000374505
5025.6 1.163e-08 0.000374561
5030.4 1.16651e-08 0.000374617
5035.2 1.15676e-08 0.000374673
5040 1.15137e-08 0.000374728
5044.8 1.13215e-08 0.000374782
5049.6 1.1243e-08 0.000374836
5054.4 1.12914e-08 0.000374891
5059.2 1.11873e-08 0.000374944
5064 1.11023e-08 0.000374998
5068.8 1.10406e-08 0.00037505
5073.6 1.0999e-08 0.000375103
5078.4 1.09432e-08 0.000375156
5083.2 1.08608e-08 0.000375208
5088 1.07408e-08 0.00037526
5092.8 1.07396e-08 0.000375311
5097.6 1.06633e-08 0.000375362
5102.4 1.0511e-08 0.000375413
5107.2 1.03438e-08 0.000375462
5112 1.03732e-08 0.000375512
5116.8 1.03809e-08 0.000375562
5121.6 1.03653e-08 0.000375612
5126.4 1.02056e-08 0.000375661
5131.2 1.01219e-08 0.000375709
5136 1.01237e-08 0.000375758
5140.8 9.82083e-09 0.000375805
5145.6 9.67703e-09 0.000375851
5150.4 9.62355e-09 0.000375898
5155.2 9.67024e-09 0.000375944
5160 9.51251e-09 0.00037599
5164.8 9.50891e-09 0.000376035
5169.6 9.42345e-09 0.000376081
5174.4 9.39705e-09 0.000376126
5179.2 9.45749e-09 0.000376171
5184 9.50287e-09 0.000376217
5188.8 9.42962e-09 0.000376262
5193.6 9.50088e-09 0.000376308
5198.4 9.62095e-09 0.000376354
5203.2 9.55902e-09 0.0003764
5208 9.56764e-09 0.000376446
5212.8 9.55374e-09 0.000376491
5217.6 9.51239e-09 0.000376537
5222.4 9.31905e-09 0.000376582
5227.2 9.17899e-09 0.000376626
5232 8.98732e-09 0.000376669
5236.8 9.03832e-09 0.000376712
5241.6 9.05345e-09 0.000376756
5246.4 9.01852e-09 0.000376799
5251.2 9.00647e-09 0.000376842
5256 8.83838e-09 0.000376885
5260.8 8.78868e-09 0.000376927
5265.6 8.51004e-09 0.000376968
5270.4 8.43958e-09 0.000377008
5275.2 8.36056e-09 0.000377048
5280 8.27863e-09 0.000377088
5284.8 8.31042e-09 0.000377128
5289.6 8.29086e-09 0.000377168
5294.4 8.36812e-09 0.000377208
5299.2 8.38142e-09 0.000377248
5304 8.53132e-09 0.000377289
5308.8 8.56187e-09 0.00037733
5313.6 8.49578e-09 0.000377371
5318.4 8.49981e-09 0.000377412
5323.2 8.27694e-09 0.000377452
5328 8.04034e-09 0.00037749
5332.8 7.82475e-09 0.000377528
5337.6 7.74874e-09 0.000377565
5342.4 7.57643e-09 0.000377601
5347.2 7.39008e-09 0.000377637
5352 7.30818e-09 0.000377672
5356.8 7.28392e-09 0.000377707
5361.6 7.14815e-09 0.000377741
5366.4 7.11906e-09 0.000377775
5371.2 6.95176e-09 0.000377809
5376 6.76535e-09 0.000377841
5380.8 6.8014e-09 0.000377874
5385.6 6.70849e-09 0.000377906
5390.4 6.69347e-09 0.000377938
5395.2 6.58747e-09 0.00037797
5400 6.473e-09 0.000378001
5404.8 6.4034e-09 0.000378032
5409.6 6.39803e-09 0.000378062
5414.4 6.32182e-09 0.000378093
5419.2 6.24905e-09 0.000378123
5424 6.18076e-09 0.000378152
5428.8 6.14813e-09 0.000378182
5433.6 6.0258e-09 0.000378211
5438.4 5.99211e-09 0.00037824
5443.2 5.90914e-09 0.000378268
5448 5.81827e-09 0.000378296
5452.8 5.76683e-09 0.000378324
5457.6 5.79507e-09 0.000378351
5462.4 5.58145e-09 0.000378378
5467.2 5.54359e-09 0.000378405
5472 5.48813e-09 0.000378431
5476.8 5.46382e-09 0.000378457
5481.6 5.39988e-09 0.000378483
5486.4 5.35412e-09 0.000378509
5491.2 5.29735e-09 0.000378534
5496 5.20726e-09 0.000378559
5500.8 5.28375e-09 0.000378585
5505.6 5.42147e-09 0.000378611
5510.4 5.38214e-09 0.000378637
5515.2 5.87054e-09 0.000378665
5520 5.91479e-09 0.000378693
5524.8 6.23497e-09 0.000378723
5529.6 6.38396e-09 0.000378754
5534.4 6.43351e-09 0.000378785
5539.2 6.58717e-09 0.000378816
5544 7.09748e-09 0.00037885
5548.8 7.43482e-09 0.000378886
5553.6 8.2572e-09 0.000378926
5558.4 8.76306e-09 0.000378968
5563.2 9.8346e-09 0.000379015
5568 1.05643e-08 0.000379066
5572.8 1.09945e-08 0.000379118
5577.6 1.17865e-08 0.000379175
5582.4 1.1915e-08 0.000379232
5587.2 1.19073e-08 0.000379289
5592 1.16288e-08 0.000379345
5596.8 1.19825e-08 0.000379403
5601.6 1.17169e-08 0.000379459
5606.4 1.19011e-08 0.000379516
5611.2 1.24035e-08 0.000379575
5616 1.20326e-08 0.000379633
5620.8 1.25803e-08 0.000379694
5625.6 1.31481e-08 0.000379757
5630.4 1.31374e-08 0.00037982
5635.2 1.28059e-08 0.000379881
5640 1.24272e-08 0.000379941
5644.8 1.24071e-08 0.00038
5649.6 1.25639e-08 0.000380061
5654.4 1.26068e-08 0.000380121
5659.2 1.19894e-08 0.000380179
5664 1.16678e-08 0.000380235
5668.8 1.16005e-08 0.000380291
5673.6 1.18207e-08 0.000380347
5678.4 1.1789e-08 0.000380404
5683.2 1.12996e-08 0.000380458
5688 1.1088e-08 0.000380511
5692.8 1.07365e-08 0.000380563
5697.6 1.08547e-08 0.000380615
5702.4 1.05961e-08 0.000380666
5707.2 1.08426e-08 0.000380718
5712 1.10777e-08 0.000380771
5716.8 1.02265e-08 0.00038082
5721.6 9.72749e-09 0.000380867
5726.4 9.39806e-09 0.000380912
5731.2 9.00933e-09 0.000380955
5736 9.06266e-09 0.000380999
5740.8 9.02719e-09 0.000381042
5745.6 8.03558e-09 0.000381081
5750.4 7.57455e-09 0.000381117
5755.2 7.53438e-09 0.000381153
5760 7.63669e-09 0.00038119
5764.8 7.43512e-09 0.000381225
5769.6 6.90895e-09 0.000381259
5774.4 6.90443e-09 0.000381292
5779.2 7.00537e-09 0.000381325
5784 6.07864e-09 0.000381355
5788.8 6.11976e-09 0.000381384
5793.6 5.90432e-09 0.000381412
5798.4 5.84574e-09 0.00038144
5803.2 5.7547e-09 0.000381468
5808 5.27542e-09 0.000381493
5812.8 4.74012e-09 0.000381516
5817.6 4.37159e-09 0.000381537
5822.4 4.32155e-09 0.000381558
5827.2 4.31119e-09 0.000381578
5832 3.99696e-09 0.000381598
5836.8 3.97989e-09 0.000381617
5841.6 3.71677e-09 0.000381635
5846.4 3.42121e-09 0.000381651
5851.2 3.12871e-09 0.000381666
5856 2.48814e-09 0.000381678
5860.8 1.38329e-09 0.000381685
5865.6 1.33751e-09 0.000381691
5870.4 7.76615e-10 0.000381695
5875.2 7.62393e-10 0.000381698
5880 7.47954e-10 0.000381702
5884.8 7.45803e-10 0.000381706
5889.6 7.10177e-10 0.000381709
5894.4 4.30421e-10 0.000381711
5899.2 4.29215e-10 0.000381713
5904 3.69351e-10 0.000381715
5908.8 3.14032e-10 0.000381716
5913.6 4.82209e-11 0.000381717
5918.4 3.41721e-11 0.000381717
5923.2 3.39992e-11 0.000381717
5928 3.38322e-11 0.000381717
5932.8 3.36823e-11 0.000381717
5937.6 3.35549e-11 0.000381717
5942.4 3.34436e-11 0.000381718
5947.2 0 0.000381718
5952 0 0.000381718
5956.8 0 0.000381718
5961.6 0 0.000381718
5966.4 0 0.000381718
5971.2 0 0.000381718
5976 0 0.000381718
5980.8 0 0.000381718
5985.6 0 0.000381718
5990.4 0 0.000381718
5995.2 0 0.000381718
6000 0 0.000381718
6004.8 0 0.000381718
6009.6 0 0.000381718
6014.4 0 0.000381718
6019.2 0 0.000381718
6024 0 0.000381718
6028.8 0 0.000381718
6033.6 0 0.000381718
6038.4 0 0.000381718
6043.2 0 0.000381718
6048 0 0.000381718
6052.8 0 0.000381718
6057.6 0 0.000381718
6062.4 0 0.000381718
6067.2 0 0.000381718
6072 0 0.000381718
6076.8 0 0.000381718
6081.6 0 0.000381718
6086.4 0 0.000381718
6091.2 0 0.000381718
6096 0 0.000381718
6100.8 0 0.000381718
6105.6 6.56366e-12 0.000381718
6110.4 1.24914e-11 0.000381718
6115.2 1.72045e-11 0.000381718
6120 2.52475e-11 0.000381718
6124.8 4.00164e-11 0.000381718
6129.6 5.91094e-11 0.000381718
6134.4 7.3673e-11 0.000381719
6139.2 1.13752e-10 0.000381719
6144 1.57477e-10 0.00038172
6148.8 1.94026e-10 0.000381721
6153.6 2.24234e-10 0.000381722
6158.4 2.62594e-10 0.000381723
6163.2 3.52928e-10 0.000381725
6168 3.85728e-10 0.000381727
6172.8 4.15856e-10 0.000381729
6177.6 4.52568e-10 0.000381731
6182.4 4.84067e-10 0.000381733
6187.2 5.07891e-10 0.000381736
6192 5.52933e-10 0.000381738
6196.8 5.94396e-10 0.000381741
6201.6 6.41149e-10 0.000381744
6206.4 7.04177e-10 0.000381748
6211.2 7.35066e-10 0.000381751
6216 7.58016e-10 0.000381755
6220.8 8.09368e-10 0.000381759
6225.6 8.42654e-10 0.000381763
6230.4 8.82555e-10 0.000381767
6235.2 9.35762e-10 0.000381772
6240 9.5502e-10 0.000381776
6244.8 1.02489e-09 0.000381781
6249.6 1.03096e-09 0.000381786
6254.4 1.09301e-09 0.000381791
6259.2 1.09725e-09 0.000381797
6264 1.0758e-09 0.000381802
6268.8 1.07391e-09 0.000381807
6273.6 1.07597e-09 0.000381812
6278.4 1.04449e-09 0.000381817
6283.2 1.01853e-09 0.000381822
6288 1.00648e-09 0.000381827
6292.8 9.80924e-10 0.000381831
6297.6 9.66556e-10 0.000381836
6302.4 9.3355e-10 0.000381841
6307.2 9.25796e-10 0.000381845
6312 8.89301e-10 0.000381849
6316.8 8.84941e-10 0.000381854
6321.6 8.74056e-10 0.000381858
6326.4 8.57372e-10 0.000381862
6331.2 8.53445e-10 0.000381866
6336 8.38456e-10 0.00038187
6340.8 8.61357e-10 0.000381874
6345.6 8.41821e-10 0.000381878
6350.4 8.48717e-10 0.000381882
6355.2 8.35133e-10 0.000381886
6360 8.22089e-10 0.00038189
6364.8 8.28702e-10 0.000381894
6369.6 8.20433e-10 0.000381898
6374.4 8.12365e-10 0.000381902
6379.2 8.22751e-10 0.000381906
6384 8.30557e-10 0.00038191
6388.8 8.226e-10 0.000381914
6393.6 8.18028e-10 0.000381918
6398.4 8.4465e-10 0.000381922
6403.2 8.41593e-10 0.000381926
6408 8.43133e-10 0.00038193
6412.8 8.75413e-10 0.000381934
6417.6 9.01704e-10 0.000381938
6422.4 9.14205e-10 0.000381943
6427.2 9.1427e-10 0.000381947
6432 9.27585e-10 0.000381952
6436.8 9.1907e-10 0.000381956
6441.6 9.56283e-10 0.000381961
6446.4 9.58832e-10 0.000381965
6451.2 9.89393e-10 0.00038197
6456 9.89382e-10 0.000381975
6460.8 9.75807e-10 0.000381979
6465.6 9.75682e-10 0.000381984
6470.4 9.72392e-10 0.000381989
6475.2 9.73393e-10 0.000381994
6480 9.77848e-10 0.000381998
6484.8 9.8112e-10 0.000382003
6489.6 9.817e-10 0.000382008
6494.4 9.86927e-10 0.000382012
6499.2 9.74741e-10 0.000382017
6504 9.70069e-10 0.000382022
6508.8 9.71484e-10 0.000382026
6513.6 9.68746e-10 0.000382031
6518.4 9.62864e-10 0.000382036
6523.2 9.55884e-10 0.00038204
6528 9.45565e-10 0.000382045
6532.8 9.52051e-10 0.000382049
6537.6 9.62012e-10 0.000382054
6542.4 9.58889e-10 0.000382059
6547.2 9.51036e-10 0.000382063
6552 9.55372e-10 0.000382068
6556.8 9.59544e-10 0.000382072
6561.6 9.71488e-10 0.000382077
6566.4 9.84638e-10 0.000382082
6571.2 9.86777e-10 0.000382086
6576 9.83706e-10 0.000382091
6580.8 9.87579e-10 0.000382096
6585.6 9.98902e-10 0.000382101
6590.4 1.00636e-09 0.000382106
6595.2 1.03547e-09 0.00038211
6600 1.03261e-09 0.000382115
6604.8 1.0374e-09 0.00038212
6609.6 1.0285e-09 0.000382125
6614.4 1.04701e-09 0.00038213
6619.2 1.02481e-09 0.000382135
6624 1.00117e-09 0.00038214
6628.8 1.0068e-09 0.000382145
6633.6 1.00865e-09 0.00038215
6638.4 9.84887e-10 0.000382155
6643.2 9.73496e-10 0.000382159
6648 9.49951e-10 0.000382164
6652.8 9.84699e-10 0.000382168
6657.6 9.91898e-10 0.000382173
6662.4 9.90303e-10 0.000382178
6667.2 9.80956e-10 0.000382183
6672 9.93129e-10 0.000382187
6676.8 9.89887e-10 0.000382192
6681.6 9.88296e-10 0.000382197
6686.4 9.94866e-10 0.000382202
6691.2 9.92448e-10 0.000382206
6696 9.82301e-10 0.000382211
6700.8 9.79473e-10 0.000382216
6705.6 9.76416e-10 0.000382221
6710.4 9.43555e-10 0.000382225
6715.2 9.30066e-10 0.00038223
6720 9.17473e-10 0.000382234
6724.8 9.40139e-10 0.000382239
6729.6 9.35214e-10 0.000382243
6734.4 9.28829e-10 0.000382247
6739.2 9.18109e-10 0.000382252
6744 8.84951e-10 0.000382256
6748.8 8.8051e-10 0.00038226
6753.6 8.74496e-10 0.000382265
6758.4 8.68746e-10 0.000382269
6763.2 8.43499e-10 0.000382273
6768 8.12776e-10 0.000382277
6772.8 7.93659e-10 0.00038228
6777.6 7.72745e-10 0.000382284
6782.4 7.74081e-10 0.000382288
6787.2 7.57892e-10 0.000382292
6792 7.22325e-10 0.000382295
6796.8 7.26699e-10 0.000382298
6801.6 6.95035e-10 0.000382302
6806.4 6.91328e-10 0.000382305
6811.2 6.58238e-10 0.000382308
6816 6.29072e-10 0.000382311
6820.8 5.99297e-10 0.000382314
6825.6 5.81033e-10 0.000382317
6830.4 5.51238e-10 0.00038232
6835.2 5.48182e-10 0.000382322
6840 5.24114e-10 0.000382325
6844.8 5.33021e-10 0.000382327
6849.6 5.09798e-10 0.00038233
6854.4 4.94831e-10 0.000382332
6859.2 4.79092e-10 0.000382334
6864 4.67025e-10 0.000382337
6868.8 4.53896e-10 0.000382339
6873.6 4.32925e-10 0.000382341
6878.4 4.28012e-10 0.000382343
6883.2 4.03693e-10 0.000382345
6888 3.96631e-10 0.000382347
6892.8 4.01054e-10 0.000382349
6897.6 3.78749e-10 0.000382351
6902.4 3.71661e-10 0.000382352
6907.2 3.67549e-10 0.000382354
6912 3.65103e-10 0.000382356
6916.8 3.56662e-10 0.000382358
6921.6 3.49386e-10 0.000382359
6926.4 3.47035e-10 0.000382361
6931.2 3.23041e-10 0.000382362
6936 3.11327e-10 0.000382364
6940.8 3.14123e-10 0.000382365
6945.6 3.13676e-10 0.000382367
6950.4 2.79935e-10 0.000382368
6955.2 2.63929e-10 0.00038237
6960 2.59858e-10 0.000382371
6964.8 2.53991e-10 0.000382372
6969.6 2.39712e-10 0.000382373
6974.4 2.37475e-10 0.000382374
6979.2 2.20207e-10 0.000382375
6984 2.05858e-10 0.000382376
6988.8 1.78429e-10 0.000382377
6993.6 1.73228e-10 0.000382378
6998.4 1.5633e-10 0.000382379
7003.2 1.56239e-10 0.00038238
7008 1.02543e-10 0.00038238
7012.8 7.16233e-11 0.00038238
7017.6 7.04084e-11 0.000382381
7022.4 6.71899e-11 0.000382381
7027.2 5.04025e-11 0.000382381
7032 4.52826e-11 0.000382382
7036.8 5.84986e-11 0.000382382
7041.6 5.85613e-11 0.000382382
7046.4 5.86385e-11 0.000382382
7051.2 5.87224e-11 0.000382383
7056 1.4365e-11 0.000382383
7060.8 1.44104e-11 0.000382383
7065.6 0 0.000382383
7070.4 0 0.000382383
7075.2 0 0.000382383
7080 0 0.000382383
7084.8 0 0.000382383
7089.6 0 0.000382383
7094.4 0 0.000382383
7099.2 0 0.000382383
7104 0 0.000382383
7108.8 0 0.000382383
7113.6 0 0.000382383
7118.4 0 0.000382383
7123.2 0 0.000382383
7128 0 0.000382383
7132.8 0 0.000382383
7137.6 0 0.000382383
7142.4 0 0.000382383
7147.2 0 0.000382383
7152 0 0.000382383
7156.8 0 0.000382383
7161.6 0 0.000382383
7166.4 0 0.000382383
7171.2 0 0.000382383
7176 0 0.000382383
7180.8 0 0.000382383
7185.6 0 0.000382383
7190.4 0 0.000382383
7195.2 0 0.000382383
7200 0 0.000382383
7204.8 0 0.000382383
7209.6 0 0.000382383
7214.4 0 0.000382383
7219.2 0 0.000382383
7224 0 0.000382383
7228.8 0 0.000382383
7233.6 0 0.000382383
7238.4 0 0.000382383
7243.2 0 0.000382383
7248 0 0.000382383
7252.8 0 0.000382383
7257.6 0 0.000382383
7262.4 0 0.000382383
7267.2 0 0.000382383
7272 0 0.000382383
7276.8 0 0.000382383
7281.6 0 0.000382383
7286.4 0 0.000382383
7291.2 0 0.000382383
7296 0 0.000382383
7300.8 0 0.000382383
7305.6 0 0.000382383
7310.4 0 0.000382383
7315.2 0 0.000382383
7320 0 0.000382383
7324.8 0 0.000382383
7329.6 0 0.000382383
7334.4 0 0.000382383
7339.2 0 0.000382383
7344 0 0.000382383
7348.8 0 0.000382383
7353.6 0 0.000382383
7358.4 0 0.000382383
7363.2 0 0.000382383
7368 0 0.000382383
7372.8 0 0.000382383
7377.6 0 0.000382383
7382.4 0 0.000382383
7387.2 0 0.000382383
7392 0 0.000382383
7396.8 0 0.000382383
7401.6 0 0.000382383
7406.4 0 0.000382383
7411.2 0 0.000382383
7416 0 0.000382383
7420.8 0 0.000382383
7425.6 0 0.000382383
7430.4 0 0.000382383
7435.2 0 0.000382383
7440 0 0.000382383
7444.8 0 0.000382383
7449.6 0 0.000382383
7454.4 0 0.000382383
7459.2 0 0.000382383
7464 0 0.000382383
7468.8 0 0.000382383
7473.6 0 0.000382383
7478.4 0 0.000382383
7483.2 0 0.000382383
7488 0 0.000382383
7492.8 0 0.000382383
7497.6 0 0.000382383
7502.4 0 0.000382383
7507.2 0 0.000382383
7512 0 0.000382383
7516.8 0 0.000382383
7521.6 0 0.000382383
7526.4 0 0.000382383
7531.2 0 0.000382383
7536 0 0.000382383
7540.8 0 0.000382383
7545.6 0 0.000382383
7550.4 0 0.000382383
7555.2 0 0.000382383
7560 0 0.000382383
7564.8 0 0.000382383
7569.6 0 0.000382383
7574.4 0 0.000382383
7579.2 0 0.000382383
7584 0 0.000382383
7588.8 0 0.000382383
7593.6 0 0.000382383
7598.4 0 0.000382383
7603.2 0 0.000382383
7608 0 0.000382383
7612.8 0 0.000382383
7617.6 0 0.000382383
7622.4 0 0.000382383
7627.2 0 0.000382383
7632 0 0.000382383
7636.8 0 0.000382383
7641.6 0 0.000382383
7646.4 0 0.000382383
7651.2 0 0.000382383
7656 0 0.000382383
7660.8 0 0.000382383
7665.6 0 0.000382383
7670.4 0 0.000382383
7675.2 0 0.000382383
7680 0 0.000382383
7684.8 0 0.000382383
7689.6 0 0.000382383
7694.4 0 0.000382383
7699.2 0 0.000382383
7704 0 0.000382383
7708.8 0 0.000382383
7713.6 0 0.000382383
7718.4 0 0.000382383
7723.2 0 0.000382383
7728 0 0.000382383
7732.8 0 0.000382383
7737.6 0 0.000382383
7742.4 0 0.000382383
7747.2 0 0.000382383
7752 0 0.000382383
7756.8 0 0.000382383
7761.6 0 0.000382383
7766.4 0 0.000382383
7771.2 0 0.000382383
7776 0 0.000382383
7780.8 0 0.000382383
7785.6 0 0.000382383
7790.4 0 0.000382383
7795.2 0 0.000382383
7800 0 0.000382383
7804.8 0 0.000382383
7809.6 0 0.000382383
7814.4 0 0.000382383
7819.2 0 0.000382383
7824 0 0.000382383
7828.8 0 0.000382383
7833.6 0 0.000382383
7838.4 0 0.000382383
7843.2 0 0.000382383
7848 0 0.000382383
7852.8 0 0.000382383
7857.6 0 0.000382383
7862.4 0 0.000382383
7867.2 0 0.000382383
7872 0 0.000382383
7876.8 0 0.000382383
7881.6 0 0.000382383
7886.4 0 0.000382383
7891.2 0 0.000382383
7896 0 0.000382383
7900.8 0 0.000382383
7905.6 0 0.000382383
7910.4 0 0.000382383
7915.2 0 0.000382383
7920 0 0.000382383
7924.8 0 0.000382383
7929.6 0 0.000382383
7934.4 0 0.000382383
7939.2 0 0.000382383
7944 0 0.000382383
7948.8 0 0.000382383
7953.6 0 0.000382383
7958.4 0 0.000382383
7963.2 0 0.000382383
7968 0 0.000382383
7972.8 0 0.000382383
7977.6 0 0.000382383
7982.4 0 0.000382383
7987.2 0 0.000382383
7992 0 0.000382383
7996.8 0 0.000382383
8001.6 0 0.000382383
8006.4 0 0.000382383
8011.2 0 0.000382383
8016 0 0.000382383
8020.8 0 0.000382383
8025.6 0 0.000382383
8030.4 0 0.000382383
8035.2 0 0.000382383
8040 0 0.000382383
8044.8 0 0.000382383
8049.6 0 0.000382383
8054.4 0 0.000382383
8059.2 0 0.000382383
8064 0 0.000382383
8068.8 0 0.000382383
8073.6 0 0.000382383
8078.4 0 0.000382383
8083.2 0 0.000382383
8088 0 0.000382383
8092.8 0 0.000382383
8097.6 0 0.000382383
8102.4 0 0.000382383
8107.2 0 0.000382383
8112 0 0.000382383
8116.8 0 0.000382383
8121.6 0 0.000382383
8126.4 0 0.000382383
8131.2 0 0.000382383
8136 0 0.000382383
8140.8 0 0.000382383
8145.6 0 0.000382383
8150.4 0 0.000382383
8155.2 0 0.000382383
8160 0 0.000382383
8164.8 0 0.000382383
8169.6 0 0.000382383
8174.4 0 0.000382383
8179.2 0 0.000382383
8184 0 0.000382383
8188.8 0 0.000382383
8193.6 0 0.000382383
8198.4 0 0.000382383
8203.2 0 0.000382383
8208 0 0.000382383
8212.8 0 0.000382383
8217.6 0 0.000382383
8222.4 0 0.000382383
8227.2 0 0.000382383
8232 0 0.000382383
8236.8 0 0.000382383
8241.6 0 0.000382383
8246.4 0 0.000382383
8251.2 0 0.000382383
8256 0 0.000382383
8260.8 0 0.000382383
8265.6 0 0.000382383
8270.4 0 0.000382383
8275.2 0 0.000382383
8280 0 0.000382383
8284.8 0 0.000382383
8289.6 0 0.000382383
8294.4 0 0.000382383
8299.2 0 0.000382383
8304 0 0.000382383
8308.8 0 0.000382383
8313.6 0 0.000382383
8318.4 0 0.000382383
8323.2 0 0.000382383
8328 0 0.000382383
8332.8 0 0.000382383
8337.6 0 0.000382383
8342.4 0 0.000382383
8347.2 0 0.000382383
8352 0 0.000382383
8356.8 0 0.000382383
8361.6 0 0.000382383
8366.4 0 0.000382383
8371.2 0 0.000382383
8376 0 0.000382383
8380.8 0 0.000382383
8385.6 0 0.000382383
8390.4 0 0.000382383
8395.2 0 0.000382383
8400 0 0.000382383
8404.8 0 0.000382383
8409.6 0 0.000382383
8414.4 0 0.000382383
8419.2 0 0.000382383
8424 0 0.000382383
8428.8 0 0.000382383
8433.6 0 0.000382383
8438.4 0 0.000382383
8443.2 0 0.000382383
8448 0 0.000382383
8452.8 0 0.000382383
8457.6 0 0.000382383
8462.4 0 0.000382383
8467.2 0 0.000382383
8472 0 0.000382383
8476.8 0 0.000382383
8481.6 0 0.000382383
8486.4 0 0.000382383
8491.2 0 0.000382383
8496 0 0.000382383
8500.8 0 0.000382383
8505.6 0 0.000382383
8510.4 0 0.000382383
8515.2 0 0.000382383
8520 0 0.000382383
8524.8 0 0.000382383
8529.6 0 0.000382383
8534.4 0 0.000382383
8539.2 0 0.000382383
8544 0 0.000382383
8548.8 0 0.000382383
8553.6 0 0.000382383
8558.4 0 0.000382383
8563.2 0 0.000382383
8568 0 0.000382383
8572.8 0 0.000382383
8577.6 0 0.000382383
8582.4 0 0.000382383
8587.2 0 0.000382383
8592 0 0.000382383
8596.8 0 0.000382383
8601.6 0 0.000382383
8606.4 0 0.000382383
8611.2 0 0.000382383
8616 0 0.000382383
8620.8 0 0.000382383
8625.6 0 0.000382383
8630.4 0 0.000382383
8635.2 0 0.000382383
8640 0 0.000382383
8644.8 0 0.000382383
8649.6 0 0.000382383
8654.4 0 0.000382383
8659.2 0 0.000382383
8664 0 0.000382383
8668.8 2.8686e-12 0.000382383
8673.6 2.89805e-12 0.000382383
8678.4 5.87909e-12 0.000382383
8683.2 5.9273e-12 0.000382383
8688 5.96848e-12 0.000382383
8692.8 5.99962e-12 0.000382383
8697.6 6.02663e-12 0.000382383
8702.4 6.0481e-12 0.000382383
8707.2 6.06287e-12 0.000382383
8712 6.07001e-12 0.000382383
8716.8 3.0392e-12 0.000382383
8721.6 3.03301e-12 0.000382383
8726.4 3.02357e-12 0.000382383
8731.2 1.69368e-11 0.000382383
8736 3.30767e-11 0.000382383
